# Radius (m)	Density (kg/m^3)	Gravity (m/s^2)	Pressure (Pa)	Temperature (K)	Mass Enclosed (kg)
0.000000000000000000e+00 2.445593408656537940e+04 0.000000000000000000e+00 2.920319287271732422e+12 2.426733123698353195e+10 0.000000000000000000e+00
7.563623326293478021e+04 2.445468437231101416e+04 5.171620738134632411e-01 2.919840945785821289e+12 2.406595771130300522e+10 4.432827553267473613e+19
1.512724665258695604e+05 2.445093584241330973e+04 1.034229063415530225e+00 2.918406155908869141e+12 2.392636688987567139e+10 3.545908595863123395e+20
2.269086997888043406e+05 2.444469033485143882e+04 1.551105657732337662e+00 2.916015621147044922e+12 2.364967704939500046e+10 1.196568557842076271e+21
3.025449330517391209e+05 2.443595091731759749e+04 2.067697499647647152e+00 2.912670515692317383e+12 2.324079585825036240e+10 2.835707599291465335e+21
3.781811663146739011e+05 2.442472186506157595e+04 2.583909291779051820e+00 2.908372475942234863e+12 2.270689818776402664e+10 5.536923297850777928e+21
4.538173995776086813e+05 2.441100867657322669e+04 3.099646878598343758e+00 2.903123606502544922e+12 2.205721146543167877e+10 9.564413470581534491e+21
5.294536328405435197e+05 2.439481805879249077e+04 3.614815155807511893e+00 2.896926474526182129e+12 2.130274386075177383e+10 1.518197573403615533e+22
6.050898661034782417e+05 2.437615794574906613e+04 4.129318365496740029e+00 2.889784116847804688e+12 2.045596717397075653e+10 2.265219041433101114e+22
6.807260993664129637e+05 2.435496013958907133e+04 4.643060463090752599e+00 2.881700041855480469e+12 1.953046774472945023e+10 3.223627998460830443e+22
7.563623326293478021e+05 2.433109046294676955e+04 5.155945117348807116e+00 2.872678229490690430e+12 1.854058078299265671e+10 4.419410906503607589e+22
8.319985658922826406e+05 2.430475152278936002e+04 5.667875710364698172e+00 2.862723131248327148e+12 1.750101771702521133e+10 5.878418442280813724e+22
9.076347991552173626e+05 2.427595633972729411e+04 6.178755446706386323e+00 2.851839668414341309e+12 1.642649479928988647e+10 7.626359085450681700e+22
9.832710324181520846e+05 2.424471898275418789e+04 6.688492164007461938e+00 2.840033158522880859e+12 1.533139361125400162e+10 9.688579599751720835e+22
1.058907265681087039e+06 2.421105482910235150e+04 7.196992147371302551e+00 2.827309413571593262e+12 1.422945221524225998e+10 1.209048286599021603e+23
1.134543498944021761e+06 2.417482182694620496e+04 7.704159244862259115e+00 2.813674731364178711e+12 1.313349820780710983e+10 1.485734165188276891e+23
1.210179732206956483e+06 2.413586514034200445e+04 8.209897258051480406e+00 2.799135853479915527e+12 1.205523250556248665e+10 1.801411748225784197e+23
1.285815965469891205e+06 2.409450492918295640e+04 8.714109942016904142e+00 2.783699965273656738e+12 1.100505634692886162e+10 2.158546063905573841e+23
1.361452198732825927e+06 2.405076163559985434e+04 9.216701005343264086e+00 2.767374695875832520e+12 9.991942540602792740e+09 2.559571016132860890e+23
1.437088431995760882e+06 2.400451825869598542e+04 9.717574110122079389e+00 2.750168118192447754e+12 9.023377345299098969e+09 3.006889384524046160e+23
1.512724665258695604e+06 2.395545768178720755e+04 1.021663287195167058e+01 2.732088748905083984e+12 8.105350473108915329e+09 3.502872824406711185e+23
1.588360898521630326e+06 2.390405299354681483e+04 1.071378085993713825e+01 2.713145548470898438e+12 7.242381421916001320e+09 4.049861866819625597e+23
1.663997131784565281e+06 2.385032971350903972e+04 1.120892159669039145e+01 2.693347921122624512e+12 6.437570031141723633e+09 4.650165918512746458e+23
1.739633365047500003e+06 2.379366260000639159e+04 1.170195855833011223e+01 2.672705714868572266e+12 5.692705786389430046e+09 5.306063261947204165e+23
1.815269598310434725e+06 2.373463988670412073e+04 1.219279517448179462e+01 2.651229221492626465e+12 5.008397288218130112e+09 6.019801055295327951e+23
1.890905831573369447e+06 2.367330681482894579e+04 1.268133482827770919e+01 2.628929176554248047e+12 4.384192273752399445e+09 6.793595332440620385e+23
1.966542064836304169e+06 2.360897617873721174e+04 1.316748073597159063e+01 2.605816752577813965e+12 3.818737566191094875e+09 7.629627743750529493e+23
2.042178298099239124e+06 2.354241607044754346e+04 1.365113206043450589e+01 2.581903333775073730e+12 3.309938859985445499e+09 8.529938154312386856e+23
2.117814531362174079e+06 2.347319071132483805e+04 1.413219117832277938e+01 2.557200910252875488e+12 2.855097165440485954e+09 9.496612318856749462e+23
2.193450764625108801e+06 2.340136735710894573e+04 1.461056233666548465e+01 2.531722004696318359e+12 2.451065431472814083e+09 1.053174351753183815e+24
2.269086997888043523e+06 2.332715990790221986e+04 1.508614905551372232e+01 2.505479526982832520e+12 2.094379552264547348e+09 1.163736255366051706e+24
2.344723231150978245e+06 2.325009315552037151e+04 1.555885412794060230e+01 2.478486774182178711e+12 1.781380042301844358e+09 1.281543775374028826e+24
2.420359464413912967e+06 2.317077886087857405e+04 1.602857962004125270e+01 2.450757430556449219e+12 1.508322855372163534e+09 1.406787496744329446e+24
2.495995697676847689e+06 2.308850573298223026e+04 1.649522687093282158e+01 2.422305567560065918e+12 1.271466187588217258e+09 1.539651756761631896e+24
2.571631930939782411e+06 2.300397402949421303e+04 1.695869649275446989e+01 2.393145643839783203e+12 1.067151744603764415e+09 1.680314645028077765e+24
2.647268164202717133e+06 2.291654079376981099e+04 1.741888837066737139e+01 2.363292505234685059e+12 8.918601046418663263e+08 1.828948003463273239e+24
2.722904397465651855e+06 2.282669036993217378e+04 1.787570166285472339e+01 2.332761384776187988e+12 7.422609616886817217e+08 1.985717426304288568e+24
2.798540630728587043e+06 2.273415774601997691e+04 1.832903480052173961e+01 2.301567902688037109e+12 6.152425659970415831e+08 2.150782260105658329e+24
2.874176863991521765e+06 2.263890213103757560e+04 1.877878548789563951e+01 2.269728066386311035e+12 5.079347297132033110e+08 2.324295603739377944e+24
2.949813097254456487e+06 2.254128935023558006e+04 1.922485070222566961e+01 2.237258270479417480e+12 4.177189186259737015e+08 2.506404308394910652e+24
3.025449330517391209e+06 2.244060924764783340e+04 1.966712669378309286e+01 2.204175296768095703e+12 3.422303632297179699e+08 2.697248977579182144e+24
3.101085563780325931e+06 2.233743921002197021e+04 2.010550898586118151e+01 2.170496314245415527e+12 2.793551660534344912e+08 2.896963967116582442e+24
3.176721797043260653e+06 2.223177482833147587e+04 2.053989237477522778e+01 2.136238879096778320e+12 2.272187608063150644e+08 3.105677385148964287e+24
3.252358030306195375e+06 2.212306585063057719e+04 2.097017092986254028e+01 2.101420934699916016e+12 1.841736219482331872e+08 3.323511092135646361e+24
3.327994263569130562e+06 2.201172682647680631e+04 2.139623799348245115e+01 2.066060811624891113e+12 1.487835836554589868e+08 3.550580700853409531e+24
3.403630496832065284e+06 2.189777100553803757e+04 2.181798618101629472e+01 2.030177227634097900e+12 1.198051992900611013e+08 3.786995576396498990e+24
3.479266730095000006e+06 2.178114484319913026e+04 2.223530738086742531e+01 1.993789287682260986e+12 9.616979382640266418e+07 4.032858836176623192e+24
3.554902963357934728e+06 2.166149530198173670e+04 2.264809307909275660e+01 1.956916375089423828e+12 7.696524033970616758e+07 4.288260787441705043e+24
3.630539196620869450e+06 2.153906493355625935e+04 2.305623700764311934e+01 1.919577997304814697e+12 6.141802030746449530e+07 4.553272207702005922e+24
3.706175429883804172e+06 2.141386602562735061e+04 2.345963286608895260e+01 1.881794278068311035e+12 4.887591696107511222e+07 4.827973298771624815e+24
3.781811663146738894e+06 2.128585101044124167e+04 2.385817219864408045e+01 1.843585695857787109e+12 3.879227442976620793e+07 5.112434640030584415e+24
3.857447896409673616e+06 2.115497654589911326e+04 2.425174437003087036e+01 1.804973062345603027e+12 3.071150090822762996e+07 5.406715788169202685e+24
3.933084129672608338e+06 2.102120158503115090e+04 2.464023656548021179e+01 1.765977522398605957e+12 2.425590832588551193e+07 5.710865277188086409e+24
4.008720362935543526e+06 2.088448438747820910e+04 2.502353379073154116e+01 1.726620554078128662e+12 1.911397172662882507e+07 6.024920618398136027e+24
4.084356596198478248e+06 2.074479207824063997e+04 2.540151887203282044e+01 1.686923968639991943e+12 1.502997892659141868e+07 6.348908300420538656e+24
4.159992829461412970e+06 2.060209075582883816e+04 2.577407245614055142e+01 1.646909910534501221e+12 1.179499848904576711e+07 6.682843789186776680e+24
4.235629062724348158e+06 2.045634851810194959e+04 2.614107301031977215e+01 1.606600857406449707e+12 9.239073763095034286e+06 7.026731527938627749e+24
4.311265295987282880e+06 2.030753629804792581e+04 2.650239682234404981e+01 1.566019620095116699e+12 7.224533622113572434e+06 7.380564937228149747e+24
4.386901529250217602e+06 2.015563288128421118e+04 2.685791800049549138e+01 1.525189342634267578e+12 5.640306184636441059e+06 7.744326414917702267e+24
4.462537762513152324e+06 2.000061688151743874e+04 2.720750847356473656e+01 1.484133502252154785e+12 4.397121392463067546e+06 8.117987336179933726e+24
4.538173995776087046e+06 1.984233785482474923e+04 2.755103799085096483e+01 1.442875909371517090e+12 3.423493026042228099e+06 8.501508053497783511e+24
4.613810229039021768e+06 1.968060981286431706e+04 2.788837412216187417e+01 1.401440707609579346e+12 2.662375616246559657e+06 8.894837896664480909e+24
4.689446462301956490e+06 1.951567118016177847e+04 2.821938225781372367e+01 1.359852373778053223e+12 2.068392654635654995e+06 9.297915172783548325e+24
4.765082695564891212e+06 1.934750801021397274e+04 2.854392560863128736e+01 1.318135717883136719e+12 1.605555109515618999e+06 9.710667166268798062e+24
4.840718928827825934e+06 1.917550047453965817e+04 2.886186505369042976e+01 1.276315892361478027e+12 1.245408372330423445e+06 1.013300978325054986e+25
4.916355162090760656e+06 1.900022302655446401e+04 2.917305356381490000e+01 1.234418699476854248e+12 9.655189637867405545e+05 1.056483449962804332e+25
4.991991395353695378e+06 1.882113931312755449e+04 2.947734047783717770e+01 1.192470233988987549e+12 7.482382225631034235e+05 1.100601884504881319e+25
5.067627628616630100e+06 1.863852188599755027e+04 2.977457182804880986e+01 1.150496872720133301e+12 5.797201452706889249e+05 1.145642795778149229e+25
5.143263861879564822e+06 1.845184348726469034e+04 3.006458826555405039e+01 1.108525408026907959e+12 4.491238945789638092e+05 1.191590982305838697e+25
5.218900095142499544e+06 1.826142247684206086e+04 3.034722506026987432e+01 1.066583047800289185e+12 3.479805949155277340e+05 1.238429527307547935e+25
5.294536328405434266e+06 1.806695841126149389e+04 3.062231210092596356e+01 1.024697415465616089e+12 2.696850306899470743e+05 1.286139798699241436e+25
5.370172561668368988e+06 1.786814028438313107e+04 3.088967478245205811e+01 9.828965163238750000e+11 2.090957009426475561e+05 1.334701482085644058e+25
5.445808794931303710e+06 1.766505955679813633e+04 3.114912604202718427e+01 9.412090148492244873e+11 1.622165712321548781e+05 1.384092024513510284e+25
5.521445028194239363e+06 8.949730186777553172e+03 3.139424796134451867e+01 8.998970926788803711e+11 1.285822879127648630e+05 1.434002388216493224e+25
5.597081261457174085e+06 8.883709157232555299e+03 3.110959831342920623e+01 8.788175885856937256e+11 1.107449233471234620e+05 1.460198668248155328e+25
5.672717494720108807e+06 8.818653990090817388e+03 3.083960761906570980e+01 8.580802367294066162e+11 9.752255101648003620e+04 1.486912882057611401e+25
5.748353727983043529e+06 8.753819895572389214e+03 3.058344958414397396e+01 8.376695444704687500e+11 8.605326887223364611e+04 1.514147651648394653e+25
5.823989961245978251e+06 8.689179731340253056e+03 3.034033960326072688e+01 8.175738237531892090e+11 7.608121778027599794e+04 1.541902638263323630e+25
5.899626194508912973e+06 8.624707737507011188e+03 3.010953824853410055e+01 7.977822009769527588e+11 6.739145292740150762e+04 1.570177144425922507e+25
5.975262427771847695e+06 8.560378500044749671e+03 2.989034019523544217e+01 7.782843646729801025e+11 5.980272170942950470e+04 1.598970197568377416e+25
6.050898661034782417e+06 8.496167718346929178e+03 2.968207422178931409e+01 7.590705655043280029e+11 5.316174002590636519e+04 1.628280550031535372e+25
6.126534894297717139e+06 8.432004397482436616e+03 2.948410320977350096e+01 7.401316162658892822e+11 4.733851939771399338e+04 1.658106679064905778e+25
6.202171127560651861e+06 8.367886656398357445e+03 2.929582414391899903e+01 7.214588918843929443e+11 4.222253947032240831e+04 1.688446786826658921e+25
6.277807360823586583e+06 8.303813439564939472e+03 2.911666811211002681e+01 7.030443294184040527e+11 3.771956431798088306e+04 1.719298800383627044e+25
6.353443594086521305e+06 8.239763938790785687e+03 2.894610030538401446e+01 6.848804280583233643e+11 3.374903900694296317e+04 1.750660371711303707e+25
6.429079827349456027e+06 8.175719217581881821e+03 2.878362001793162150e+01 6.669602491263883057e+11 3.024194388221475310e+04 1.782528877693844638e+25
6.504716060612390749e+06 8.111660995151336465e+03 2.862876064709671198e+01 6.492774160766718750e+11 2.713900543913230285e+04 1.814901420124066238e+25
6.580352293875325471e+06 8.047572964475939443e+03 2.848108969337637575e+01 6.318261144950833740e+11 2.438920476939678701e+04 1.847774825703447507e+25
6.655988527138261124e+06 7.983351027133606294e+03 2.834020591539099243e+01 6.146010483064442139e+11 2.194853606530866091e+04 1.881145639343263330e+25
6.731624760401195846e+06 7.919021946177821519e+03 2.820568906016895028e+01 5.975966859244794922e+11 1.977897188335890314e+04 1.915010007100717912e+25
6.807260993664130569e+06 7.854609945129562220e+03 2.807716153143624638e+01 5.808082437317268066e+11 1.784756643433205318e+04 1.949363799344817408e+25
6.882897226927065291e+06 7.790102041695876324e+03 2.795427552367791790e+01 5.642314569055808105e+11 1.612571851670302385e+04 1.984202549201725631e+25
6.958533460190000013e+06 7.725407296782079356e+03 2.783669559510786584e+01 5.478623056819902344e+11 1.458856011944665079e+04 2.019521408766113685e+25
7.034169693452934735e+06 7.660498206894792020e+03 2.772409866766883013e+01 5.316970153554583740e+11 1.321443771012400430e+04 2.055315149101160392e+25
7.109805926715869457e+06 7.595451617728453130e+03 2.761617402703241098e+01 5.157320562790429077e+11 1.198445448567728090e+04 2.091578160238553585e+25
7.185442159978804179e+06 7.530198132010033078e+03 2.751262332259905818e+01 4.999641438643557129e+11 1.088208350947232611e+04 2.128304451178487955e+25
7.261078393241738901e+06 7.464641509189974386e+03 2.741316056749806407e+01 4.843902385815631104e+11 9.892858796019245347e+03 2.165487649889665915e+25
7.336714626504673623e+06 7.398913075690974438e+03 2.731751213858758831e+01 4.690075459593858643e+11 9.004097488311363122e+03 2.203121003309298455e+25
7.412350859767608345e+06 7.332838423016966772e+03 2.722541677645462599e+01 4.538135165850988770e+11 8.204651841826049349e+03 2.241197377343103857e+25
7.487987093030543067e+06 7.266507267087951732e+03 2.713662558541503245e+01 4.388058461045315552e+11 7.484721329049744782e+03 2.279709256865308121e+25
7.563623326293477789e+06 7.199842107533679155e+03 2.705090203351351263e+01 4.239824752220677490e+11 6.835667557050505820e+03 2.318648745718645827e+25
7.639259559556412511e+06 7.132849087267512004e+03 2.696802195252362111e+01 4.093415897006454468e+11 6.249870361231819516e+03 2.358007566714358416e+25
7.714895792819347233e+06 7.065471063118668098e+03 2.688777353794776559e+01 3.948816203617570801e+11 5.720596889365096104e+03 2.397777061632196336e+25
7.790532026082281955e+06 6.997768544996168202e+03 2.680995734901720695e+01 3.806012430854495850e+11 5.241890778281860548e+03 2.437948191220416897e+25
7.866168259345216677e+06 6.929567542047387178e+03 2.673438630869204857e+01 3.664993788103240967e+11 4.808473834497406642e+03 2.478511535195785557e+25
7.941804492608152330e+06 6.860992301259433589e+03 2.666086286869191468e+01 3.525749692777496338e+11 4.415667847557684581e+03 2.519456382865911210e+25
8.017440725871087052e+06 6.791994200407683820e+03 2.658918888898872268e+01 3.388269938204124146e+11 4.059314213178271075e+03 2.560771673618386116e+25
8.093076959134021774e+06 6.722430706342543090e+03 2.651919110962497683e+01 3.252547549083672485e+11 3.735716145657398101e+03 2.602446741361322938e+25
8.168713192396956496e+06 6.652381219765293281e+03 2.645069934719024118e+01 3.118577064671142578e+11 3.441585530259875668e+03 2.644470146668598457e+25
8.244349425659891218e+06 6.581804827622352605e+03 2.638354648183990392e+01 2.986354537621098022e+11 3.173989514888365193e+03 2.686829676179190368e+25
8.319985658922825940e+06 6.510662757519769002e+03 2.631756845729517380e+01 2.855877533987666016e+11 2.930311076038839474e+03 2.729512342597179004e+25
8.395621892185760662e+06 6.438918970559381705e+03 2.625260428084308373e+01 2.727145133224537354e+11 2.708213079920565178e+03 2.772504384691746897e+25
8.471258125448696315e+06 6.366540056995693703e+03 2.618849602333648008e+01 2.600157928184965820e+11 2.505605958231206387e+03 2.815791267297178357e+25
8.546894358711630106e+06 6.293495990692330452e+03 2.612508881919404402e+01 2.474918025121773682e+11 2.320619401425105934e+03 2.859357681312858609e+25
8.622530591974565759e+06 6.219759760438902958e+03 2.606223086640026665e+01 2.351429043687337341e+11 2.151577527601451038e+03 2.903187543703277228e+25
8.698166825237499550e+06 6.145249301333185940e+03 2.599977342650547740e+01 2.229696116933608093e+11 1.996977315731293857e+03 2.947263997498022989e+25
8.773803058500435203e+06 6.069935224252327316e+03 2.593757082462580854e+01 2.109725891312088318e+11 1.855470032612875002e+03 2.991569411791789876e+25
8.849439291763368994e+06 5.993825112709606401e+03 2.587548044944323067e+01 1.991526526673858032e+11 1.725843454957491758e+03 3.036085381744370642e+25
8.925075525026304647e+06 5.916775950823632229e+03 2.581336275320552076e+01 1.875107696269547119e+11 1.607006872089690205e+03 3.080792728580663679e+25
9.000711758289238438e+06 5.838797405910425368e+03 2.575108125172629769e+01 1.760480586749361572e+11 1.497979256318802300e+03 3.125671499590664861e+25
9.076347991552174091e+06 5.759821301289381154e+03 2.568850252438498316e+01 1.647657898163059387e+11 1.397876232581265413e+03 3.170700968129477418e+25
9.151984224815107882e+06 5.679766047619916208e+03 2.562549621412683720e+01 1.536653843959973145e+11 1.305900319818597836e+03 3.215859633617300772e+25
9.227620458078043535e+06 5.598562189508369556e+03 2.556193502746292623e+01 1.427484150988988342e+11 1.221332021234121612e+03 3.261125221539442133e+25
9.303256691340977326e+06 5.516154942872179163e+03 2.549767808170867411e+01 1.320167289333148499e+11 1.143521478333528876e+03 3.306472447231015412e+25
9.378892924603912979e+06 5.432386669807402541e+03 2.543257113643690204e+01 1.214723261026687775e+11 1.071881308250911843e+03 3.351873538145367719e+25
9.454529157866846770e+06 5.347218629122119637e+03 2.536647585883575928e+01 1.111172526219207611e+11 1.005880696050306028e+03 3.397301702223025243e+25
9.530165391129782423e+06 5.260513668974734173e+03 2.529924717581567251e+01 1.009538792808650208e+11 9.450389460401834185e+02 3.442727620930979296e+25
9.605801624392716214e+06 5.172154999130269061e+03 2.523073302397535400e+01 9.098490402061801147e+10 8.889208393527962926e+02 3.488119413485577813e+25
9.681437857655651867e+06 5.081972980668866512e+03 2.516077434960176973e+01 8.121335193361637878e+10 8.371320979479229436e+02 3.533442636852534803e+25
9.757074090918587521e+06 4.989788123667083710e+03 2.508920510867016773e+01 7.164257526361877441e+10 7.893155256184319342e+02 3.578660285746923900e+25
9.832710324181521311e+06 4.895436037790821501e+03 2.501585226684406038e+01 6.227625340570509338e+10 7.451473291469202422e+02 3.623732792633180091e+25
9.908346557444456965e+06 4.798666574210817998e+03 2.494053579947523147e+01 5.311839290627568054e+10 7.043337731353559548e+02 3.668618027725103571e+25
9.983982790707390755e+06 4.699200172434744673e+03 2.486306869160373623e+01 4.417332746305310059e+10 6.666086135158822117e+02 3.713271298985852879e+25
1.005961902397032641e+07 4.596704908007954145e+03 2.478324864861783539e+01 3.544591785145499420e+10 6.317306013884602862e+02 3.757643735141828756e+25
1.013525525723326020e+07 4.490758197370512789e+03 2.470084068277805756e+01 2.694199983121731567e+10 5.994813085304167544e+02 3.801678772999248263e+25
1.021089149049619585e+07 4.380856031109233300e+03 2.461559047190594995e+01 1.866810785411389923e+10 5.696633279805946586e+02 3.845314636177811637e+25
1.028652772375912964e+07 4.266348753179028790e+03 2.452721255177574733e+01 1.063177247074224472e+10 5.420986526210693910e+02 3.888482036122132318e+25
1.036216395702206530e+07 4.146387056762598149e+03 2.443537882593265920e+01 2.841844892206827164e+09 5.166274596331127213e+02 3.931101852310216274e+25
1.043780019028499909e+07 4.100002220581054644e+03 2.434149365871922299e+01 -4.743399620859628677e+09 4.930332367544758654e+02 3.973374196833509103e+25
1.051343642354793474e+07 4.100002220581054644e+03 2.425066476653259429e+01 -1.227543186255152512e+10 4.708690832116287766e+02 4.016126138435311078e+25
1.058907265681086853e+07 4.100002220581054644e+03 2.416371981283408843e+01 -1.978265152406247711e+10 4.498173228735456632e+02 4.059513101745886922e+25
1.066470889007380418e+07 4.100002220581054644e+03 2.408044062620469816e+01 -2.726302301806652069e+10 4.297772497950248862e+02 4.103521745636175385e+25
1.074034512333673798e+07 4.100002220581054644e+03 2.400073983196114824e+01 -3.471812647635728455e+10 4.106945062239172444e+02 4.148159073823100535e+25
1.081598135659967363e+07 4.100002220581054644e+03 2.392451755847481465e+01 -4.214905705061309814e+10 3.925180748518225755e+02 4.193429545060540762e+25
1.089161758986260742e+07 4.100002220581054644e+03 2.385167772511570305e+01 -4.955687684954707336e+10 3.752000372527091940e+02 4.239337618102372740e+25
1.096725382312554307e+07 4.100002220581054644e+03 2.378212744196069650e+01 -5.694261950122737122e+10 3.586953614628592391e+02 4.285887751702473142e+25
1.104289005638847873e+07 4.100002220581054644e+03 2.371577680797763676e+01 -6.430729171335197449e+10 3.429617041311259413e+02 4.333084404614718641e+25
1.111852628965141252e+07 4.100002220581054644e+03 2.365253891102531369e+01 -7.165187327324934387e+10 3.279592279339692595e+02 4.380932035592985910e+25
1.119416252291434817e+07 4.100002220581054644e+03 2.359232982785347588e+01 -7.897731704787890625e+10 3.136504328317331556e+02 4.429435103391152481e+25
1.126979875617728196e+07 4.100002220581054644e+03 2.353506862410281997e+01 -8.628454898382975769e+10 3.000000000000000000e+02 4.478598066763094169e+25
