3.000000000000000000e+03
2.993288590604026922e+03
2.986577181208053844e+03
2.979865771812080311e+03
2.973154362416107688e+03
2.966442953020134155e+03
2.959731543624161077e+03
2.953020134228187999e+03
2.946308724832214466e+03
2.939597315436241843e+03
2.932885906040268310e+03
2.926174496644295232e+03
2.919463087248322154e+03
2.912751677852349076e+03
2.906040268456375998e+03
2.899328859060402465e+03
2.892617449664429842e+03
2.885906040268456309e+03
2.879194630872483231e+03
2.872483221476510153e+03
2.865771812080536620e+03
2.859060402684563996e+03
2.852348993288590464e+03
2.845637583892617386e+03
2.838926174496644308e+03
2.832214765100671229e+03
2.825503355704698151e+03
2.818791946308724619e+03
2.812080536912751995e+03
2.805369127516778462e+03
2.798657718120805384e+03
2.791946308724832306e+03
2.785234899328858774e+03
2.778523489932886150e+03
2.771812080536912617e+03
2.765100671140939539e+03
2.758389261744966461e+03
2.751677852348993383e+03
2.744966442953020305e+03
2.738255033557046772e+03
2.731543624161073694e+03
2.724832214765100616e+03
2.718120805369127538e+03
2.711409395973154460e+03
2.704697986577180927e+03
2.697986577181208304e+03
2.691275167785234771e+03
2.684563758389261693e+03
2.677852348993288615e+03
2.671140939597315082e+03
2.664429530201342459e+03
2.657718120805368926e+03
2.651006711409396303e+03
2.644295302013422770e+03
2.637583892617449692e+03
2.630872483221476614e+03
2.624161073825503081e+03
2.617449664429530458e+03
2.610738255033556925e+03
2.604026845637583847e+03
2.597315436241610769e+03
2.590604026845637691e+03
2.583892617449664613e+03
2.577181208053691080e+03
2.570469798657718002e+03
2.563758389261744924e+03
2.557046979865771846e+03
2.550335570469798768e+03
2.543624161073825235e+03
2.536912751677852611e+03
2.530201342281879079e+03
2.523489932885906001e+03
2.516778523489932923e+03
2.510067114093959844e+03
2.503355704697986766e+03
2.496644295302013234e+03
2.489932885906040156e+03
2.483221476510067077e+03
2.476510067114093999e+03
2.469798657718120921e+03
2.463087248322147843e+03
2.456375838926174310e+03
2.449664429530201232e+03
2.442953020134228154e+03
2.436241610738255076e+03
2.429530201342281998e+03
2.422818791946308920e+03
2.416107382550335387e+03
2.409395973154362309e+03
2.402684563758389231e+03
2.395973154362416153e+03
2.389261744966443075e+03
2.382550335570469997e+03
2.375838926174496464e+03
2.369127516778523386e+03
2.362416107382550308e+03
2.355704697986577230e+03
2.348993288590604152e+03
2.342281879194631074e+03
2.335570469798657541e+03
2.328859060402684463e+03
2.322147651006711385e+03
2.315436241610738307e+03
2.308724832214765229e+03
2.302013422818792151e+03
2.295302013422818618e+03
2.288590604026845540e+03
2.281879194630872462e+03
2.275167785234899384e+03
2.268456375838926306e+03
2.261744966442953228e+03
2.255033557046979695e+03
2.248322147651006617e+03
2.241610738255033539e+03
2.234899328859060461e+03
2.228187919463087383e+03
2.221476510067114305e+03
2.214765100671140772e+03
2.208053691275167694e+03
2.201342281879194616e+03
2.194630872483221538e+03
2.187919463087248459e+03
2.181208053691274927e+03
2.174496644295301849e+03
2.167785234899328771e+03
2.161073825503355692e+03
2.154362416107382614e+03
2.147651006711409536e+03
2.140939597315436458e+03
2.134228187919462925e+03
2.127516778523489847e+03
2.120805369127516769e+03
2.114093959731543691e+03
2.107382550335570613e+03
2.100671140939597080e+03
2.093959731543624002e+03
2.087248322147650924e+03
2.080536912751677846e+03
2.073825503355704768e+03
2.067114093959731690e+03
2.060402684563758612e+03
2.053691275167785079e+03
2.046979865771812229e+03
2.040268456375838923e+03
2.033557046979865618e+03
2.026845637583892540e+03
2.020134228187919462e+03
2.013422818791946383e+03
2.006711409395973078e+03
2.000000000000000000e+03
