-25.54672481874465, 13.40870353597866
57.99454975954515, 19.831990747316517
63.81038532264799, 15.331987980365717
71.39010806654878, 25.259032710892377
73.03751213163369, 23.98435381553292
74.2377042346059, 23.05570517585817
75.58766034349495, 22.01117663660528
77.21426385220255, 20.75259217174279
80.19082346979914, 18.449479167627413
82.01919237536688, 17.03477872694438
86.73259845047093, 13.387780776332608
170.23851208291924, 19.838428519515304
176.1042689813277, 15.29979911937179
183.67151139140205, 25.236500508196627
185.30227501138515, 23.974697157234743
186.450465723414, 23.086284593802397
187.87738389089915, 21.982206661710748
189.48942701014263, 20.734888298196132
192.4867871841166, 18.41568086358379
194.28187519948054, 17.0267315116959
198.98488099639596, 13.387780776332608
282.49911485139523, 19.831990747316517
288.3711119167168, 15.288533018023918
295.97579532827046, 25.19626443195422
297.57535811368746, 23.95860272673778
298.7131485475277, 23.078237378553915
300.1795877721298, 21.943580028518035
301.77083033499594, 20.712356095500382
304.74530989695484, 18.410852534434703
306.56535857997164, 17.002589865950455
311.23924359795876, 13.386171333282913
394.7701178980599, 19.81750575986925
400.65459529720783, 15.264391372278473
408.2779992095011, 25.15763779876151
409.85260132726535, 23.939289410141427
410.9966319280187, 23.05409573280847
412.47763154208496, 21.90817228142472
414.06263393803795, 20.681776677556154
417.03295338872135, 18.383492002589865
418.8363616266363, 16.98810487850319
423.52480703408753, 13.360420244487774
507.0494411672754, 19.7965830002232
512.9401587333366, 15.238640283483331
520.5947634801959, 25.107745064220925
522.1444049303074, 23.908709992197196
523.2676349746833, 23.039610745361205
524.7860755902288, 21.86471731908292
526.3502774298044, 20.654416145711316
529.3226769361255, 18.35452202769533
531.1281652296782, 16.957525460558962
535.8103704702163, 13.334669155692634
619.3412447703174, 19.76600358227897
625.2298822807409, 15.209670308588798
632.9156878621661, 25.054633443580947
634.4445287559003, 23.871692802054184
635.569838855914, 23.000984112168496
637.0965996940104, 21.819652913691424
638.6545613666727, 20.614180069468908
641.6207207060808, 18.319114280602015
643.4241289439957, 16.92372715651534
648.1063341845337, 13.300870851649012
731.6392885402726, 19.730595835185653
737.5237659394206, 15.177481447594873
745.2428524110495, 24.99669349379188
746.7508927484063, 23.829847282762078
747.8678826258691, 22.965576365075176
749.4133639647051, 21.76976017915084
750.9609253591789, 20.572334550176805
753.9312448098623, 18.274049875210515
755.7325729921395, 16.880272194173536
760.4106181214021, 13.260634775406604
843.9477325884164, 19.687140872843855
849.8301299319268, 15.13563592830277
857.5741770712085, 24.935534657903425
859.0614168521878, 23.78478287737058
860.1908870634771, 22.910855301385503
861.7322082910376, 21.718258001560557
863.2714494629605, 20.527270144785312
866.2500891361948, 18.222547697620236
868.0347768733701, 16.84164556098083
872.7232222808215, 13.21396092696541
956.2603367478358, 19.64046702440266
962.128173701882, 15.100228181209452
969.9159020095559, 24.866328606766483
971.3761010672448, 23.736499585879695
972.5118114454473, 22.857743680745525
974.0614528955588, 21.658708608721795
975.590293789293, 20.47576796719503
978.5730935738028, 18.167826633930563
980.351541144065, 16.791752826440245
985.0462267184292, 13.159239863275737
1068.5916614079947, 19.579308188514204
1074.4407778613013, 15.053554332768261
1082.2659471704546, 24.79068478343076
1083.707425727404, 23.675340749991236
1084.8493762725195, 22.791756515707977
1086.3927775557179, 21.59754977283334
1087.9236985050898, 20.412999688256875
1090.9044182339617, 18.106667798042103
1092.6766256373107, 16.735422319700874
1097.3713112116752, 13.102909356536369
1180.9250661237913, 19.516539909576046
1186.7575421319962, 15.003661598227675
1194.6222324982664, 24.710212630945946
1196.036670331925, 23.615791357152474
1197.1890211552295, 22.724159907620734
1198.722022160239, 21.538000379994575
1200.261263332162, 20.347012523219327
1203.2378229497583, 18.04389951910395
1205.0017101305564, 16.679091812961502
1209.7088760387473, 13.036922191498821
1293.2688711177768, 19.445724415389407
1299.0680662357777, 14.95859719283618
1306.988918104267, 24.62169326321265
1308.3742351589974, 23.549804192114927
1309.541146371766, 22.64690664123531
1311.0575069316735, 21.473622658006725
1312.5967481035964, 20.282634801231477
1315.581627943744, 17.973084024917313
1317.3351148463532, 16.61632353402335
1322.0526810327328, 12.966106697312181
1405.620996334313, 19.368471149003987
1411.3973108402988, 14.899047799997417
1419.3514435989919, 24.536392781578748
1420.7242803198958, 23.474160368779202
1421.9057519221285, 22.559996716551712
1423.401311925659, 21.402807163820086
1424.9426331532195, 20.210209863995143
1427.9295930490048, 17.899049644631283
1429.6789198403385, 16.54550803983671
1434.4006461379936, 12.892072317026155
1517.9793617177625, 19.286389553469476
1523.7223953335445, 14.842717293258046
1531.7306095388185, 24.438216755547273
1533.0805656477075, 23.393688216294386
1534.2765976394044, 22.468258462719028
1535.747196975282, 21.330382226583755
1537.2968384253934, 20.131347154560025
1540.2858783768163, 17.81857749214647
1542.0310450568747, 16.468254773451292
1546.7527713545298, 12.814819050640732
1630.343967268125, 19.19947962878588
1636.0620402162544, 14.775120685170803
1644.1139355899209, 24.336821843416406
1645.4451711980703, 23.306778291610787
1646.6516034679557, 22.373301322786944
1648.1034823030936, 21.249910074098942
1649.6593639201183, 20.046046672926124
1652.6463238159035, 17.73488645356226
1654.3894104403241, 16.38617317791678
1659.1319372943565, 12.716643024609262
1742.7148129854008, 19.107741374953193
1748.4079252658773, 14.70269574793447
1756.4993416966608, 24.233817488235843
1757.8160169153462, 23.2150400377781
1759.0390896303334, 22.268687524556686
1760.461847686543, 21.16782847856443
1762.0281295817563, 19.95591786214313
1765.021329644455, 17.639929313630184
1766.7602561576, 16.294434924084094
1768.3794061336055, 12.409641762879694
1855.104379203416, 19.001518133673237
1860.7642105936893, 14.622223595449658
1868.8909879703137, 24.125984803906196
1870.1951828551728, 23.116864011746628
1871.434896015262, 22.15763595412764
1872.8285332925434, 21.079309110831137
1874.4031354103076, 19.86096072221105
1877.398415528644, 17.543362730648404
1879.137342041789, 16.197868341102314
1884.1856370745681, 12.291750059489441
1967.489785310156, 18.898513778492674
1973.1288161440516, 14.535313670766058
1981.299274689069, 24.005276575178975
1982.5826690175504, 23.012250213516367
1983.836942567104, 22.04175605454951
1985.1931388429061, 20.992399186147537
1986.78646146141, 19.759565810080183
1989.775501412833, 17.44679614766663
1991.5248282041666, 16.09325454287206
1996.5627229587571, 12.195183476507669
2079.8897518063604, 18.78424332196424
2085.5017419169653, 14.441965973883672
2093.707561407824, 23.88456834645175
2094.9826355137548, 22.897979756987933
2096.2473093414965, 21.919438382772594
2097.5723047827328, 20.894223160116063
2099.1760276794253, 19.65334256880023
2102.169227742124, 17.337354020287282
2103.9185545334576, 15.98381241549271
2108.950209121135, 12.090569678277408
2192.2959584694777, 18.665144536286714
2170.049503416964, 14.164538228192278
2206.130408516043, 23.752594016376655
2207.3846820655963, 22.7820998574098
2208.663916282803, 21.792292381846586
2209.9618710007485, 20.787999918836107
2211.5759941756296, 19.539072112271796
2214.562954071415, 17.227911892907933
2216.326841252213, 15.86310418676549
2221.3522556729768, 11.974689778699275
2232.0668302685062, 13.948993567761704
2304.710485355146, 18.5396079784104
2318.547015457349, 23.62544801545065
2319.8012890069026, 22.654953856483793
2321.0909235022973, 21.6570991656721
2322.349357163126, 20.683386120605853
2323.9842808943845, 19.418363883544572
2326.9650006232564, 17.1120319933298
2328.739288082243, 15.739177071938876
2333.766782558645, 11.849153220822963
2341.4276274724175, 13.817502070601517
2417.133332463365, 18.407633648335306
2430.9781827881193, 23.48703591317677
2432.228296226397, 22.519760640309308
2433.526250944343, 21.51546817729883
2434.7514037149676, 20.567506221027717
2436.4008878356904, 19.291217882618568
2439.377447453287, 16.98810487850319
2441.172535468651, 15.599155526615299
2446.2041900563286, 11.705912789399996
2453.873355192652, 13.667823866979763
2529.5624197384973, 18.270830989111126
2543.419750397078, 23.34057659565441
2544.6594635571673, 22.381348538035425
2545.9698986089393, 21.36739941672677
2547.1576103780853, 20.448407435350195
2548.825814999547, 19.157634109493777
2551.794054394593, 16.860958877577183
2543.46712944216, 15.407989457712485
2558.6519978322003, 11.554625142728547
2566.314922801611, 13.521364549457399
2623.2441966680312, 15.093253927994102
2642.0060674030938, 18.122762228539067
2655.8633980616746, 23.192507835082353
2657.107271333039, 22.230060891363976
2658.4156263291734, 21.217721213105015
2659.5783774306665, 20.318042548324797
2661.261142441593, 19.016003121120505
2664.216901502812, 16.728984547502087
2671.1226862200874, 11.385633622510436
2678.7627305774827, 13.37007690278595
2727.7334804566417, 14.95859719283618
2754.449715067691, 17.974693467967008
2768.315365948822, 23.038001302311507
2769.5654793871, 22.070726029444046
2770.875914438872, 21.056776908135387
2772.0095447614367, 20.179630446050915
2773.700629994914, 18.871153246647836
2776.6480688335823, 16.590572445228208
2783.6578563327444, 11.166749367751741
2791.218858575906, 13.212351483915715
2840.195848621978, 14.796043444816855
2866.910003177389, 17.813749162997382
2843.792958171498, 10.696791997240428
2841.054911600362, 10.183379664387314
2841.558285064694, 9.793894446360813
2842.061658529025, 9.404409228334316
2842.5650319933566, 9.014924010307816
2843.068405457688, 8.625438792281315
2843.5717789220193, 8.235953574254815
2844.075152386351, 7.846468356228314
2844.5785258506826, 7.456983138201814
2845.081899315014, 7.067497920175317
2845.5852727793454, 6.678012702148816
2846.088646243677, 6.288527484122316
2843.6083879012435, 5.838849096037173
2893.039662098597, 5.491853174522657
2880.777734114158, 22.875447554292187
2882.0320076637113, 21.90495339532533
2883.3341224929327, 20.897442046215453
2884.453192426033, 20.031561685478856
2886.1525978820614, 18.716646713876997
2884.045293515474, 16.39920966661932
2903.687466908155, 13.044969406747303
2950.904729884705, 15.990250187691496
2952.654056676039, 14.636708582896922
2979.3723713427253, 17.65119541497806
3005.3689067031182, 5.4323037816838955
2993.246342446407, 22.70806547712377
2994.5151763854246, 21.72630521680904
2995.8068909364574, 20.72684108294765
2996.9051603131807, 19.87705515270801
2998.6232862699485, 18.547655193658887
3016.1539951847667, 12.879196772628585
3063.3546177162148, 15.837353097970349
3065.124745063926, 14.467717062678815
3091.8430597306124, 17.482203894759948
3117.662790361798, 5.4001149206899655
3105.7253510568453, 22.532636184706877
3107.0066653296894, 21.541219266093968
3108.2838194912574, 20.553021233580452
3109.3758487010678, 19.708063632489903
3111.098134769111, 18.375444787341383
3128.6330037952043, 12.703767480211692
3175.8190659371885, 15.673189906901328
3177.597513507451, 14.297116099411006
3194.171396828911, 17.26492908305095
3229.9670742986664, 5.359878844447561
3218.2126798898344, 22.350769120091197
3219.5147947190553, 21.343257770981324
3220.7669882129712, 20.37437305506416
3221.8631775340564, 19.526196567874223
3223.5917037690133, 18.188749393576614
3241.1244927394687, 12.518681529496618
3255.9324088244935, 16.8529116623287
3288.2855942138003, 15.507417272782611
3290.074442062251, 14.123296250043808
3342.2651180686216, 5.324471097354241
3330.7041688340987, 22.165683169376123
3332.0312443309726, 21.138858503669898
3333.262637268511, 20.1860682182497
3334.3713069234227, 19.32823507276158
3336.155994660598, 17.947332936122173
3348.5972234410096, 12.268895968183756
3368.409337379294, 16.679091812961502
3400.7625227686003, 15.333597423415412
3402.5596908396024, 13.943038628477826
3408.194561562222, 17.478985008660555
3379.881884249213, 11.750172473266645
3380.385257713544, 11.360687255240144
3380.8886311778756, 10.971202037213644
3381.392004642207, 10.581716819187143
3381.895378106539, 10.192231601160643
3382.39875157087, 9.802746383134146
3382.9021250352016, 9.413261165107645
3383.405498499533, 9.023775947081145
3383.908871963865, 8.634290729054644
3384.412245428196, 8.244805511028144
3384.9156188925276, 7.855320293001643
3385.4189923568592, 7.465835074975143
3385.922365821191, 7.076349856948646
3383.1652520733755, 6.57769075205108
3443.1249358866803, 6.243463078730819
3454.56940200549, 5.2842350211118365
3443.2081381121898, 21.970940560362877
3444.56641444363, 20.919974248911203
3445.760366379689, 19.99615393838554
3446.9023169248044, 19.112569704102278
3480.9008263235582, 16.494005862246432
3513.243611434676, 15.156558687948822
3515.0511797838667, 13.757952677762752
3520.667330005747, 17.30838404539275
3555.450020379926, 6.187132571991448
3566.8736859423584, 5.243998944869428
3555.7266677797447, 21.76493185000175
3557.120305057026, 20.686605006705243
3558.2684957690553, 19.798192443272896
3559.489488428405, 18.853449373101178
3593.3881551565473, 16.31213879763075
3625.737180434578, 14.969863294184053
3627.5530690063197, 13.5648195117992
3633.1484186718226, 17.13134530992616
3649.5604043294798, 18.250444710481638
3667.7605444837077, 6.142068166599955
3679.180049934864, 5.202153425577329
3668.2451974472997, 21.558923139640626
3669.686676004249, 20.443579106201103
3670.776625158421, 19.600230948160252
3705.8734039338983, 16.131881176064766
3738.2390696570315, 14.7767301282205
3740.1111197309915, 13.328231383493847
3745.6419876717246, 16.94464991616139
3764.6703366457104, 18.01332010115972
3780.0689885318516, 6.098613204258154
3791.488493983008, 5.1586984632355275
3780.776207448681, 21.343257770981324
3782.2780076191248, 20.18123988910061
3773.142403258199, 19.353986161556723
3776.5058532244143, 12.803552949292861
3777.009226688746, 12.41406773126636
3777.512600153077, 12.02458251323986
3778.0159736174087, 11.63509729521336
3778.5193470817403, 11.245612077186859
3779.022720546072, 10.856126859160359
3779.526094010403, 10.466641641133862
3780.0294674747347, 10.077156423107361
3780.5328409390663, 9.68767120508086
3781.036214403398, 9.29818598705436
3781.539587867729, 8.90870076902786
3782.0429613320607, 8.51921555100136
3782.5463347963923, 8.129730332974859
3784.51692750619, 7.591975173995092
3818.3732131007137, 15.94035745315091
3834.953336589087, 18.903342107641762
3853.9498607118157, 7.363152608404523
3850.751359157673, 14.575549747008465
3858.1521971167285, 16.74507897799905
3877.168065756888, 17.82340582129556
3892.385752802546, 6.048720469717569
3903.796938031152, 5.115243500893726
3893.3176177282508, 21.11954518707354
3858.2033664854166, 19.863857719700505
3915.761418059395, 19.545509884470583
3930.8688621562537, 15.752052616336446
3947.507227202483, 18.669972865435803
3962.209060449984, 7.29442939018249
3963.278209047779, 14.363103264448554
3970.6707267842835, 16.539070267637925
3989.6824353131674, 17.62061599703383
4004.702517073241, 5.998827735176988
4016.107462134934, 5.070179095502233
4005.886068731111, 20.874909843519706
4028.3069884502406, 19.318578414463403
4043.379071601257, 15.552481678174107
4060.0527975933296, 18.443041395428626
4074.5445452214185, 7.2300516681946405
4075.8633004957405, 14.10559237649715
4083.2038168413023, 16.321795455928928
4102.207205147636, 17.409778957523613
4117.019281343936, 5.9489350006364
4103.207551905105, 20.280034931689656
4128.424226405628, 5.020286360961645
4140.858799007999, 19.086818615307138
4155.8934411575365, 15.349691853912377
4125.4855238006385, 13.610849583020514
4123.021281886616, 13.148778483452713
4123.524655350947, 12.759293265426212
4124.028028815279, 12.369808047399712
4124.53140227961, 11.980322829373211
4125.034775743942, 11.59083761134671
4125.538149208273, 11.201352393320214
4126.0415226726045, 10.811867175293713
4126.544896136937, 10.422381957267213
4127.048269601268, 10.032896739240712
4127.551643065599, 9.643411521214212
4128.055016529931, 9.253926303187711
4128.558389994262, 8.86444108516121
4129.061763458594, 8.474955867134714
4158.383267755904, 7.9567771067882695
4172.606688206724, 18.209672153222666
4186.877949937214, 7.167283389256486
4195.755627399061, 16.090035656772663
4214.748615427206, 17.18606637361583
4229.3339655589925, 5.90065170914551
4221.394393189764, 19.939823431646168
4240.732670453772, 4.976831398619847
4253.416849732671, 18.850230487001788
4268.424451158918, 15.134026485253074
4277.8533433647635, 7.838421140979833
4285.158498764484, 17.9779123540664
4299.2300751537505, 7.090030122871063
4308.31575817937, 15.851838085417615
4327.298345929326, 16.955916017509264
4341.652809885325, 5.849149531555231
4334.008605416654, 19.659780340999014
4353.047354668829, 4.928548107128957
4365.981140624255, 18.608814029547343
4355.507367136388, 14.869004863069753
4390.197148358749, 7.767605646793196
4356.060315260086, 14.441161252358825
4356.563688724417, 14.051676034332324
4357.067062188748, 13.662190816305824
4357.5704356530805, 13.272705598279327
4358.073809117412, 12.883220380252826
4358.577182581743, 12.493735162226326
4359.080556046075, 12.104249944199825
4359.583929510406, 11.714764726173325
4360.087302974738, 11.325279508146824
4360.590676439069, 10.935794290120327
4361.0940499034, 10.546309072093827
4361.5974233677325, 10.156823854067326
4362.100796832064, 9.767338636040826
4362.604170296395, 9.377853418014325
4389.512532713183, 8.823722176003898
4397.706149210967, 17.74937144100953
4411.571800092098, 7.020824071734122
4420.9070897942465, 15.589498868317122
4439.864716876549, 16.712890117005127
4453.973734267295, 5.796037910915253
4446.602017087168, 19.395831680848826
4465.364118939524, 4.878655372588373
4478.557911849667, 18.357740913794725
4502.543033408371, 7.695180709556865
4511.460231927335, 8.691425957318863
4510.255879713088, 17.519221084902963
4523.915605086084, 6.950008577547486
4513.117739119803, 15.30485736895655
4552.443568157599, 16.46020755820281
4566.286338426715, 5.749364062474061
4559.214149258421, 19.11739803325137
4529.037742094002, 14.830646470385325
4529.541115558334, 14.441161252358825
4530.044489022665, 14.051676034332324
4530.547862486997, 13.662190816305824
4531.051235951329, 13.272705598279327
4531.55460941566, 12.883220380252826
4532.057982879991, 12.493735162226326
4532.561356344323, 12.104249944199825
4533.064729808654, 11.714764726173325
4533.568103272986, 11.325279508146824
4534.071476737317, 10.935794290120327
4534.574850201649, 10.546309072093827
4535.078223665981, 10.156823854067326
4532.6048295071505, 9.701834303918186
4577.674643043305, 4.833590967196876
4582.088521106576, 9.314280417551323
4591.1326030194405, 18.1082772410918
4614.886838402357, 7.624365215370229
4623.812357143872, 8.61417269093344
4622.807690270846, 17.287461285746698
4636.269810358257, 6.871145868112372
4665.059860440127, 16.17855502450596
4678.607262808685, 5.696252441834083
4671.815881151485, 18.847011600902395
4689.997647480914, 4.7788699035072035
4694.476007268953, 9.209666619321066
4703.721854578679, 17.847547467041004
4727.232723451981, 7.551940278133895
4736.16240230477, 8.538528867597716
4735.359500828606, 17.055701486590433
4748.609455240968, 6.803549260025125
4760.344009119101, 11.086277215266929
4790.926107135017, 5.644750264243804
4784.421773155825, 18.573406282454023
4802.31233169597, 4.730586612016314
4806.832292596765, 9.12919446683625
4816.329826638656, 17.57233270554294
4839.576528445966, 7.4811247839472585
4848.512447465669, 8.462885044261988
4860.9491001236765, 6.7359526519378825
4840.328468559006, 10.84727492238703
4838.833057130878, 10.312365028798688
4894.964249967533, 12.000440867494419
4903.249111572625, 5.590029200554127
4897.0214249932515, 18.304629293154747
4907.771152529058, 9.987027612324368
4914.639496244854, 4.672646662227251
4919.192738035853, 9.045503428252044
4898.3514125680185, 17.275551407178945
4951.924493551227, 7.407090403661233
4960.8624926265675, 8.387241220926263
4973.28666495075, 6.669965486900335
5007.38917713139, 11.866857094369621
5015.572116010234, 5.535308136864458
5009.658517832157, 18.006882328960934
5020.152398524522, 9.8872421432432
5026.964580738099, 4.61631615548788
5031.555263530578, 8.960202946618143
5064.272458656487, 7.333056023375203
5073.216697898742, 8.308378511491146
5085.624229777821, 6.603978321862787
5069.8324473761495, 17.506882021521957
5067.08677393434, 16.999370979851065
5067.590147398672, 16.609885761824565
5068.0935208630035, 16.220400543798064
5068.596894327335, 15.830915325771564
5069.100267791667, 15.441430107745063
5069.603641255998, 15.051944889718564
5070.10701472033, 14.662459671692064
5070.610388184661, 14.272974453665565
5099.948612929213, 13.741858247265792
5108.44036006812, 12.637780315174144
5119.812024239609, 11.734882764294532
5127.897200503478, 5.478977630125087
5132.525324297436, 9.793894446360813
5139.293825342621, 4.556766762649119
5143.913628914027, 8.878121351083632
5176.622503817386, 7.257412200039475
5185.572983226552, 8.227906359006333
5197.9638746605315, 6.536381713775544
5219.538211735103, 13.531021207755579
5220.902728233456, 12.47522656715482
5232.236951403466, 11.601298991169735
5240.224365052362, 5.4210376803360205
5244.896170014711, 9.702156192528125
5251.623069947142, 4.497217369810354
5256.274074353114, 8.794430312499422
5288.970468922646, 7.183377819753446
5297.929268554365, 8.14743420652152
5310.301439487603, 6.470394548737996
5332.000579900439, 13.368467459736255
5333.365096398793, 12.312672819135493
5344.659798511685, 11.469324661094646
5352.549449545608, 5.364707173596649
5357.269095787626, 9.608808495645743
5363.9564746629385, 4.434449090872199
5368.6365998478395, 8.709129830865521
5401.332994417372, 7.098077338119545
5410.285553882176, 8.066962054036708
5422.647324537226, 6.397969611501665
5444.469188232689, 13.201085382567843
5445.827464564129, 12.150119071116169
5457.0784855086295, 11.34056921711894
5464.876614094492, 5.306767223807583
5469.646181671814, 9.512241912663963
5476.287799323097, 4.37329025498374
5481.005365509477, 8.619001020082532
5513.689279745183, 7.017605185634732
5522.641839209989, 7.9864899015518915
5534.989049475575, 6.32876356036472
5556.937796564938, 13.033703305399428
5558.2877526738275, 11.98917476614654
5569.503412672486, 11.20698544399415
5577.197538476462, 5.253655603167605
5582.021187500366, 9.417284772731886
5588.629524261445, 4.304084203846802
5593.367891004203, 8.533700538448624
5626.060125462459, 6.925866931802041
5634.998124537799, 7.906017749067075
5647.33285446956, 6.257948066178084
5669.406404897187, 12.866321228231012
5670.754280950438, 11.823402132027827
5661.583909945281, 11.02304909545743
5689.528863136621, 5.192496767279145
5694.400353440192, 9.319108746700412
5700.97332925543, 4.233268709660166
5705.734576610203, 8.44518117071533
5677.484300966325, 10.564012945640485
5708.382807445596, 10.040386839587374
5738.418490845908, 6.84378533626753
5747.350249754336, 7.828764482681656
5759.672499352269, 6.190351458090841
5781.872933173799, 12.700548594112298
5783.214569060137, 11.662457827058194
5801.860187796779, 5.131337931390693
5806.777439324382, 9.222542163718636
5813.325454471967, 4.156015443274743
5818.097102104927, 8.359880689081429
5826.319562040887, 9.893679915441986
5850.772696118082, 6.764922626832416
5859.714855304698, 7.741854557998057
5872.014224290617, 6.1211454069539
5894.337381394773, 12.536385403043276
5895.679017281111, 11.498294635989176
5914.191512456939, 5.070179095502233
5919.158685319846, 9.122756694637463
5925.852304362072, 3.9435689607148348
5930.465867766565, 8.26975187829844
5938.715368425816, 9.782628345012938
5963.1269013902565, 6.686059917397298
5972.077380799424, 7.656554076364152
5984.358029284603, 6.050329912767264
6006.80806978266, 12.367393882825166
6008.13930539081, 11.33735033101955
6026.522837117097, 5.009020259613774
6031.53993131531, 9.022971225556297
6038.293871971031, 3.7971096431924707
6042.832553372566, 8.181232510565142
6051.102854588194, 9.678014546782684
6075.479026606793, 6.608806651011875
6084.433666127235, 7.5760819238793395
6096.701834278588, 5.979514418580628
6119.274598059271, 12.201621248706452
6120.603753611783, 11.173187139950528
6138.858321888532, 4.944642537625921
6143.919097255138, 8.924795199524823
6150.635596909379, 3.7279035920555295
6155.205479145479, 8.08788481368276
6163.498660973123, 9.56696297635364
6187.833231878966, 6.529943941576761
6196.79619162196, 7.490781442245439
6209.053959495124, 5.902261152195209
6231.739046280245, 12.03745805763743
6233.066121777119, 11.010633391931204
6251.191726604328, 4.881874258687766
6256.300343250602, 8.825009730443654
6262.975241792089, 3.6603069839682867
6267.5700846958425, 8.00097488899916
6275.892387302413, 9.45752084897429
6300.185357095504, 6.452690675191334
6309.156637061047, 7.407090403661233
6321.397764489109, 5.8314456580085725
6344.209734668132, 11.868466537419323
6320.1167968922055, 10.770558137018174
6322.069466455924, 10.246671012316622
6363.525131320125, 4.819105979749612
6368.6857493573425, 8.722005375263091
6375.312806619161, 3.594319818930739
6379.945090524393, 7.906017749067075
6387.518573101381, 9.941963206932872
6388.281953520429, 9.351297607694338
6412.543722478952, 6.370609079656827
6421.517082500135, 7.323399365077023
6433.743649538732, 5.759020720772238
6456.676262944744, 11.702693903300602
6475.858536035921, 4.756337700811457
6481.064915297168, 8.62382934923162
6487.650371446233, 3.528332653893191
6492.313856186031, 7.815888938284086
6499.931019931411, 9.818036092106258
6500.679839960995, 9.238636594215599
6524.902087862402, 6.288527484122316
6533.887928217411, 7.231661111244335
6546.089534588355, 5.686595783535907
6569.142791221355, 11.536921269181889
6588.200260974269, 4.687131649674516
6593.454481515185, 8.517606107951664
6599.990016328943, 3.460736045805948
6604.688862014583, 7.720931798352005
6612.339306650167, 9.697327863379037
6613.073566290286, 9.12919446683625
6637.258373190213, 6.208055331637503
6646.250453712136, 7.1463606296104345
6658.435419637978, 5.614170846299576
6681.611399553605, 11.369539192013473
6700.541985912617, 4.617925598537578
6705.837807566287, 8.4162111958208
6666.372911951569, 3.4204999695635436
6717.063867843134, 7.625974658419924
6724.747593368922, 9.576619634651816
6725.471452730853, 9.01653345335751
6749.614658518026, 6.127583179152687
6758.637939874514, 7.041746831380173
6770.787544854515, 5.536917579914153
6794.080007885854, 11.202157114845061
6812.883710850964, 4.548719547400637
6818.225293728665, 8.311597397590539
6829.432633504772, 7.535845847636935
6837.155880087676, 9.455911405924596
6837.865179060143, 8.907091325978165
6861.973023901474, 6.045501583618176
6871.0067055361515, 6.951618020597184
6883.1375900154135, 5.461273756578425
6906.546536162466, 11.036384480726344
6925.225435789312, 4.479513496263696
6930.612779891042, 8.206983599360282
6941.809719388962, 7.4392792646551555
6949.564166806432, 9.335203177197371
6950.263065500711, 8.794430312499422
6974.3376294518375, 5.958591658934576
6983.3941916985295, 6.847004222366923
6995.489715231949, 5.384020490193006
6988.472439532491, 10.813637562648378
6991.131166648644, 10.33563297688858
7037.571320838935, 4.407088559027365
7040.620682403853, 9.94357264998257
7043.00026605342, 8.102369801130024
7054.190965384425, 7.339493795573986
7061.972453525186, 9.214494948470154
7062.654711774363, 8.686597628169775
7086.693914779648, 5.878119506449764
7095.758797248892, 6.760094297683327
7107.8418404484855, 5.306767223807583
7149.917205888559, 4.334663621791034
7153.070570235362, 9.79067556026142
7155.3919123270725, 7.99453711680037
7166.56389115734, 7.2461460986916
7174.386980410855, 9.088958390593845
7175.054678270568, 8.572327171641337
7199.058520330012, 5.791209581766164
7208.12756291053, 6.669965486900335
7220.193965665021, 5.229513957422164
7262.265170993819, 4.260629241505001
7265.499657510495, 9.653872901037236
7267.779398489451, 7.889923318570116
7278.9472172084415, 7.144751186560736
7286.799427240885, 8.965031275767231
7287.454644766772, 8.4580567151129
7311.421045824736, 5.70590910013226
7320.492168460893, 6.583055562216735
7332.5460908815585, 5.152260691036741
7374.615216154718, 4.184985418169276
7377.918344507438, 9.525117457061533
7380.171044763103, 7.782090634240461
7391.34302359337, 7.033699616131692
7399.207713959641, 8.844323047040007
7399.8504511517, 8.347005144683859
7423.7794112081865, 5.623827504597752
7432.865094233806, 6.489707865334349
7444.904456265007, 5.070179095502233
7487.035983207299, 4.054620531143875
7490.347431782571, 9.38831479783735
7492.558530925482, 7.677476836010207
7503.732589811385, 6.927476374851736
7511.620160789671, 8.720395932213393
7512.246257536629, 8.235953574254815
7536.150256925463, 5.532089250765061
7545.2359399510815, 6.397969611501665
7557.258661537181, 4.991316386067112
7558.974707438311, 3.66352587006768
7602.772358946428, 9.254731024712559
7604.956417366047, 7.564815822531465
7616.124236085039, 6.8196436905220885
7624.032607619702, 8.596468817386778
7624.642063921558, 8.12490200382577
7648.51070236455, 5.448398212180855
7657.606785668358, 6.306231357668974
7669.619106976268, 4.907625347482906
7671.330992766123, 3.5830537175828674
7715.197286110285, 9.121147251587768
7717.350143695339, 7.455373695152119
7728.507562136141, 6.718248778391221
7736.445054449732, 8.472541702560168
7737.046190529037, 8.007412661197943
7760.881548081826, 5.3566599583481675
7774.187317320466, 6.24721844584678
7781.981632470994, 4.822324865849005
7783.6831179826595, 3.5058004511974445
7827.624293329779, 8.985954035413279
7829.745950080267, 7.344322124723078
7842.932878806806, 6.616049144735509
7848.857501279763, 8.348614587733554
7849.4461570252415, 7.893142204669509
7873.244073576549, 5.271359476714267
7882.350557158547, 6.1211454069539
7894.3379177988045, 4.741852713364192
7896.039403310471, 3.425328298712632
7940.055460660549, 8.8475419331394
7942.13759635392, 7.236489440393424
7953.270054127071, 6.518677840228882
7961.27202816543, 8.223078029857245
7961.8461235214445, 7.778871748141071
7985.614919293826, 5.1796212228815754
7994.727643042736, 6.024578823972124
8006.70876351608, 4.650114459531501
8008.397768693921, 3.3432467031781243
8052.478307768769, 8.715567603064304
8054.545883072676, 7.115781211666203
8065.65754028945, 6.414064041998625
8073.6865550511, 8.097541471980936
8074.244009962012, 7.666210734662329
8097.979524844189, 5.09271129819798
8119.071289010805, 4.5648139778976
8084.9994576508225, 3.292146886350263
8164.907395043901, 8.57876494384012
8166.954169791431, 6.995072982938982
8189.538113871166, 6.299592405088976
8186.099001881131, 7.973614357154322
8186.650216625129, 7.547111948984806
8210.356610728379, 4.9961447152162
8231.446294839358, 4.469856837965519
8277.334402263397, 8.443571727665635
8279.374936844013, 6.864708095913581
8301.919099859679, 6.200008116389018
8298.513528766798, 7.848077799278009
8299.050183121333, 7.432841492456372
8322.72329633438, 4.907625347482906
8343.817140556634, 4.378118584132828
8389.76140948289, 8.308378511491146
8391.772823284578, 6.752047082434846
8414.311526154195, 6.091571890915734
8410.930135708104, 7.720931798352005
8411.454309728813, 7.315352149828541
8435.094142051656, 4.815887093650218
8456.192146385187, 4.283161444200751
8502.190496758023, 8.171575852266962
8504.172789780783, 6.637776625906408
8523.344662593774, 7.595395240475693
8523.854276225018, 7.201081693300104
8547.469147880207, 4.720929953718137
8556.072257997872, 5.960201101984275
8568.723156386566, 4.067496075541445
8614.617503977519, 8.036382636092476
8659.844153708756, 4.625972813786056
8668.463904271526, 5.8523684176546205
8668.994318459147, 5.441960439982072
8681.302007667617, 3.8148135167391324
8727.04659125265, 7.899579976868292
8772.221239592945, 4.52940623080428
8780.855550545177, 5.744535733324973
8793.710294386372, 3.6941052880119116
8839.475678527784, 7.762777317644108
8841.37892943631, 6.290136927172011
8884.598325477136, 4.4328396478225045
8906.118581105127, 3.573397059284691
8951.904765802916, 7.625974658419924
8953.778895932513, 6.175866470643577
8996.973331305688, 4.3378825078904235
9008.305243302766, 3.4657432019605636
9064.335933133685, 7.487562556146045
9176.767100464456, 7.349150453872166
9289.19410768395, 7.213957237697677
9324.062773691157, 3.922109720052216
9378.798282211646, 3.6821238786419492
9401.64399551546, 7.06106014797653
9487.768699195814, 3.5894914897816506
9514.095963402608, 6.906553615205688
9600.166585636382, 3.476830476302915
9626.533370900292, 6.763313183782717
9712.568632188224, 3.3609505767247825
9738.966618286699, 6.623291638459143
9784.092731995448, 3.29067156355471
9851.399865673106, 6.483270093135566
9963.831033003877, 6.344857990861687
10028.385559720935, 3.771358554397331
10076.266360445923, 6.203227002488415
10140.798006550966, 3.647431439570717
10188.701687887968, 6.061596014115139
10242.044714717642, 4.267067013703784
10253.229173881737, 3.509019337296838
10301.137015330012, 5.919965025741867
10354.459241603312, 4.141530455827478
10319.663030867487, 3.4293519063368727
10413.572342772059, 5.7783340373685945
10441.43364801168, 3.9604681127366455
10487.745046757998, 3.658697540918592
10526.009750269743, 5.635093605945624
10600.138773087288, 3.549255413539246
10638.449237823064, 5.490243731472962
10712.551219917319, 3.425328298712632
10816.948981257869, 3.3614870577413463
10936.7708173868, 3.645821996521022
11049.212384995757, 3.4993626789986614
11088.211348147624, 4.907625347482906
11161.653952604716, 3.352903361476301
-10.069763903881125, 25.35874439461883
-8.273144157001639, 23.96860986547085
5.810036439505069, 23.071748878923763
7.085056905032445, 22.08520179372197
-4.158305381890642, 20.784753363228695
-28.847338032556763, 19.887892376681613
11.721494961495551, 18.49775784753363
0.5940436259840851, 17.10762331838565
2.912262654215624, 15.313901345291479
3617.479371472866, 18.542600896860986
3797.604989966458, 19.170403587443943
4067.155907474084, 20.605381165919283
3373.023174945848, 17.690582959641254
3218.687743141332, 17.10762331838565
3380.3255648847776, 12.04035874439462
3779.638792497664, 13.071748878923767
4101.755326470438, 13.834080717488789
4842.658127893245, 10.560538116591928
5657.222338938111, 10.291479820627803
6303.194071154835, 10.470852017937222
5065.96057578765, 17.780269058295964
5070.828835746936, 14.013452914798204
4366.26411759166, 9.170403587443943
4121.865876540348, 8.273542600896864
3773.437556597144, 7.86995515695067
3374.0663735085523, 6.883408071748882
2852.4670921564507, 10.470852017937222
4706.520715460347, 15.896860986547084
4706.926403790288, 15.582959641255604
4707.332092120228, 15.269058295964125
4707.737780450168, 14.955156950672645
4708.085513304403, 14.68609865470852
4708.607112585755, 14.28251121076233
4721.820961046675, 14.05829596412556
4722.110738425204, 13.834080717488789
4722.5164267551445, 13.520179372197308
4722.922115085084, 13.206278026905828
4723.327803415025, 12.892376681614348
4710.809420662576, 12.578475336322871
4724.197135550612, 12.219730941704036
4724.602823880553, 11.905829596412556
4724.950556734788, 11.63677130044843
4725.298289589022, 11.367713004484305
4821.736201163456, 16.748878923766817
4809.217818411004, 16.434977578475333
4809.681462216651, 16.076233183856502
4810.087150546591, 15.762331838565022
4810.434883400826, 15.493273542600894
4810.782616255061, 15.22421524663677
4811.246260060708, 14.865470852017937
4811.593992914942, 14.59641255605381
4799.075610162492, 14.28251121076233
4799.423343016727, 14.013452914798204
4799.886986822373, 13.65470852017937
4813.216746234704, 13.340807174887892
4800.75631895796, 12.982062780269057
4813.970167418879, 12.757847533632287
4814.259944797408, 12.533632286995516
4814.665633127349, 12.219730941704036
4904.206843092793, 12.937219730941703
4981.925136014257, 12.802690582959642
5046.661402377622, 12.713004484304932
4915.566116331128, 14.147982062780269
4902.0045350159735, 14.641255605381165
4915.218383476894, 14.417040358744394
4901.540891210327, 15
4914.001318487072, 15.358744394618832
4913.537674681425, 15.717488789237667
4913.1319863514855, 16.031390134529147
4899.802226939153, 16.345291479820627
4899.338583133507, 16.704035874439462
4911.97287683737, 16.928251121076233
4915.855893709657, 13.923766816143495
4903.395466432912, 13.565022421524663
4903.859110238558, 13.206278026905828
2838.905510841296, 10.964125560538115
1725.29104515456, 12.623318385650222
10716.793323529198, 5.448430493273545
10781.529589892565, 5.358744394618835
10833.341785173541, 5.2690582959641254
10898.078051536908, 5.179372197309416
10975.680433506961, 5.1345291479820645
11169.947188072765, 4.820627802690584
11247.665480994228, 4.686098654708523
11325.325818439982, 4.596412556053814
11377.080058245252, 4.551569506726455
11441.874280084327, 4.417040358744398
11519.534617530084, 4.327354260089688
11584.27088389345, 4.2376681614349785
11661.931221339206, 4.147982062780269
11713.9172830473, 3.923766816143498
11765.845389279688, 3.744394618834079
11830.639611118759, 3.609865470852018
11895.375877482125, 3.5201793721973083
11442.685656744208, 3.7892376681614373
11481.57378094279, 3.6995515695067276
11559.23411838855, 3.609865470852018
11624.086295703328, 3.430493273542602
11688.822562066693, 3.3408071748878925
11520.867593471317, 3.295964125560541
11430.167273991756, 3.475336322869957
11365.373052152683, 3.609865470852018
11287.712714706928, 3.6995515695067276
11222.744626440737, 3.968609865470853
11403.68162159421, 3.968609865470853
11338.77148880373, 4.192825112107624
11261.11115135797, 4.28251121076233
11170.410831878411, 4.461883408071749
11092.808449908358, 4.506726457399104
8607.445829741302, 7.5560538116591935
8595.10131341597, 7.107623318385649
8582.814752566343, 6.614349775784756
8647.608974405415, 6.479820627802692
8712.287285293072, 6.434977578475337
8777.02355165644, 6.345291479820631
8079.587357012974, 5.986547085201796
8157.2476944587315, 5.896860986547086
8221.926005346393, 5.852017937219731
8299.58634279215, 5.7623318385650215
8377.304635713615, 5.627802690582961
8441.924991125568, 5.627802690582961
8532.451444178012, 5.582959641255602
8610.053826148061, 5.538116591928251
8480.17560509139, 6.031390134529147
8659.77962430363, 7.0627802690582975
8724.515890666997, 6.973094170403588
8776.270130472265, 6.928251121076233
8840.948441359926, 6.883408071748882
8905.684707723292, 6.793721973094172
8970.363018610953, 6.748878923766817
9048.02335605671, 6.6591928251121075
9112.817577895783, 6.524663677130047
9177.495888783444, 6.479820627802692
9229.250128588712, 6.434977578475337
9306.91046603447, 6.345291479820631
9371.58877692213, 6.300448430493272
9436.325043285497, 6.210762331838563
9488.079283090767, 6.1659192825112115
9552.757593978427, 6.121076233183857
9617.551815817498, 5.986547085201796
9682.230126705159, 5.941704035874437
9746.966393068526, 5.852017937219731
9811.644703956186, 5.807174887892376
9876.380970319553, 5.71748878923767
9954.04130776531, 5.627802690582961
10005.91145852199, 5.493273542600896
10083.513840492042, 5.448430493273545
10161.116222462095, 5.403587443946186
10238.834515383558, 5.2690582959641254
10316.494852829313, 5.179372197309416
10381.173163716976, 5.1345291479820645
10445.90943008034, 5.044843049327355
10510.645696443707, 4.955156950672649
10601.230104971857, 4.865470852017939
10665.908415859516, 4.820627802690584
10730.702637698589, 4.686098654708523
10834.269072784833, 4.551569506726455
10924.853481312983, 4.461883408071749
10989.589747676348, 4.372197309417039
11054.38396951542, 4.2376681614349785
11144.968378043568, 4.147982062780269
8685.10616718706, 7.466367713004484
8749.90038902613, 7.331838565022419
8827.56072647189, 7.24215246636771
8905.279019393352, 7.107623318385649
8969.957330281013, 7.0627802690582975
9047.61766772677, 6.973094170403588
9125.22004969682, 6.928251121076233
9202.938342618285, 6.793721973094172
9280.598680064042, 6.704035874439462
9371.18308859219, 6.614349775784756
9448.785470562241, 6.569506726457398
9500.655621318921, 6.434977578475337
9565.333932206582, 6.390134529147982
9617.146127487558, 6.300448430493272
9681.824438375219, 6.255605381165921
9733.636633656195, 6.1659192825112115
9798.314944543856, 6.121076233183857
9888.899353072004, 6.031390134529147
9979.541717075857, 5.896860986547086
10057.202054521615, 5.807174887892376
10109.01424980259, 5.71748878923767
10186.674587248348, 5.627802690582961
10251.352898136009, 5.582959641255602
10341.995262139862, 5.448430493273545
10419.655599585618, 5.358744394618835
10497.315937031377, 5.2690582959641254
10574.976274477134, 5.179372197309416
10639.7125408405, 5.08968609865471
10704.39085172816, 5.044843049327355
10782.109144649623, 4.91031390134529
10872.693553177773, 4.820627802690584
10937.42981954114, 4.7309417040358746
11002.224041380208, 4.596412556053814
10886.602867347161, 4.058295964125563
10886.89264472569, 3.8340807174887885
10796.018458819011, 4.147982062780269
9022.928635076105, 6.076233183856502
9087.54899048806, 6.076233183856502
9152.285256851424, 5.986547085201796
9217.02152321479, 5.896860986547086
9294.739816136254, 5.7623318385650215
9372.342198106306, 5.71748878923767
9450.002535552063, 5.627802690582961
9514.680846439725, 5.582959641255602
9618.247281525968, 5.448430493273545
9695.84966349602, 5.403587443946186
9760.585929859386, 5.313901345291484
9838.188311829439, 5.2690582959641254
9890.000507110413, 5.179372197309416
9954.678817998074, 5.1345291479820645
10019.41508436144, 5.044843049327355
10084.0933952491, 5
10161.811688170565, 4.865470852017939
10226.489999058223, 4.820627802690584
10317.132363062077, 4.686098654708523
10394.85065598354, 4.551569506726455
10472.453037953592, 4.506726457399104
10563.095401957447, 4.372197309417039
10627.831668320814, 4.28251121076233
10718.358121373256, 4.2376681614349785
8868.303425893058, 5.71748878923767
8933.039692256425, 5.627802690582961
8984.793932061695, 5.582959641255602
9075.378340589841, 5.493273542600896
9153.0386780356, 5.403587443946186
9230.699015481357, 5.313901345291484
9308.301397451409, 5.2690582959641254
9373.037663814775, 5.179372197309416
9463.56411686722, 5.1345291479820645
9528.300383230582, 5.044843049327355
9605.960720676341, 4.955156950672649
9683.621058122098, 4.865470852017939
9761.22344009215, 4.820627802690584
9851.807848620298, 4.7309417040358746
9916.544114983666, 4.641255605381165
9981.280381347031, 4.551569506726455
10058.882763317082, 4.506726457399104
10123.619029680449, 4.417040358744398
10188.355296043816, 4.327354260089688
9994.899918137891, 4.013452914798204
8752.450429957185, 5.358744394618835
8804.14671428675, 5.358744394618835
8881.865007208215, 5.224215246636774
8972.391460260656, 5.179372197309416
9049.993842230708, 5.1345291479820645
9127.71213515217, 5
9192.39044603983, 4.955156950672649
9282.97485456798, 4.865470852017939
9373.559263096127, 4.775784753363229
9438.179618508082, 4.775784753363229
9477.067742706668, 4.686098654708523
9554.612169201013, 4.686098654708523
9619.348435564378, 4.596412556053814
9709.990799568232, 4.461883408071749
9774.669110455892, 4.417040358744398
9839.347421343555, 4.372197309417039
9917.007758789312, 4.28251121076233
9865.369429935454, 4.2376681614349785
9258.111955490194, 4.103139013452914
9167.469591486342, 4.2376681614349785
9064.077022827214, 4.2376681614349785
8612.14022327347, 3.923766816143498