# Radius (m)	Density (kg/m^3)	Gravity (m/s^2)	Pressure (Pa)	Temperature (K)	Mass Enclosed (kg)
0.000000000000000000e+00 5.858650518284481950e+04 0.000000000000000000e+00 3.196427145962807422e+13 0.000000000000000000e+00 0.000000000000000000e+00
1.099133158695260936e+05 5.858208189235736791e+04 1.800317354312735985e+00 3.195847467809471094e+13 0.000000000000000000e+00 3.258689178842798490e+20
2.198266317390521872e+05 5.856881522440564004e+04 3.600144983276777566e+00 3.194108853173827344e+13 0.000000000000000000e+00 2.606604336167828586e+21
3.297399476085782517e+05 5.854671479885870940e+04 5.398995580956611917e+00 3.191212562752625391e+13 0.000000000000000000e+00 8.795272591927668638e+21
4.396532634781043744e+05 5.851579658686787297e+04 7.196379107830505717e+00 3.187160689586674609e+13 0.000000000000000000e+00 2.084112903151208628e+22
5.495665793476304971e+05 5.847608299580154562e+04 8.991809771611221080e+00 3.181956170191667188e+13 0.000000000000000000e+00 4.068927786096666241e+22
6.594798952171565033e+05 5.842760271871469740e+04 1.078480284210396789e+01 3.175602764830958984e+13 0.000000000000000000e+00 7.027665190802147823e+22
7.693932110866826260e+05 5.837039069886038487e+04 1.257487535506900755e+01 3.168105052864746875e+13 0.000000000000000000e+00 1.115309272174464902e+23
8.793065269562087487e+05 5.830422639234901726e+04 1.436154223876237879e+01 3.159468441197357422e+13 0.000000000000000000e+00 1.663696038907678546e+23
9.892198428257348714e+05 5.822877146876910410e+04 1.614427895849440375e+01 3.149699270361342969e+13 0.000000000000000000e+00 2.366931205982958188e+23
1.099133158695260994e+06 5.814462392572667886e+04 1.792259567169485379e+01 3.138804663562864844e+13 0.000000000000000000e+00 3.243988971550005464e+23
1.209046474564787000e+06 5.805184471023030346e+04 1.969601587922324626e+01 3.126792511628795703e+13 0.000000000000000000e+00 4.313664787963012480e+23
1.318959790434313007e+06 5.795050087166798767e+04 2.146406299313891708e+01 3.113671495462842188e+13 0.000000000000000000e+00 5.594534626304886907e+23
1.428873106303839246e+06 5.784066556180715270e+04 2.322626033670103851e+01 3.099451086045546875e+13 0.000000000000000000e+00 7.104954976387255333e+23
1.538786422173365252e+06 5.772183492062917503e+04 2.498213114436858717e+01 3.084141544434287109e+13 0.000000000000000000e+00 8.863062846750447161e+23
1.648699738042891491e+06 5.759370760800209246e+04 2.673119856180038312e+01 3.067753921763274219e+13 0.000000000000000000e+00 1.088677576466352480e+24
1.758613053912417497e+06 5.745724385456395976e+04 2.847298564585505432e+01 3.050300059243555469e+13 0.000000000000000000e+00 1.319379177612424610e+24
1.868526369781943504e+06 5.731254241856689623e+04 3.020701536459105796e+01 3.031792588163011719e+13 0.000000000000000000e+00 1.580158944585910057e+24
1.978439685651469743e+06 5.715896686549970036e+04 3.193280278959490559e+01 3.012244574320566406e+13 0.000000000000000000e+00 1.872711623833123398e+24
2.088353001520995749e+06 5.699612881823961652e+04 3.364985195508583615e+01 2.991669589307275391e+13 0.000000000000000000e+00 2.198678922038830137e+24
2.198266317390521988e+06 5.682528455382895481e+04 3.535768817604824221e+01 2.970082999201328516e+13 0.000000000000000000e+00 2.559758316324341292e+24
2.308179633260047995e+06 5.664619924243216519e+04 3.705583953157502464e+01 2.947500814238018359e+13 0.000000000000000000e+00 2.957605502812298261e+24
2.418092949129574001e+06 5.645743018542787468e+04 3.874383584180702655e+01 2.923939635621979688e+13 0.000000000000000000e+00 3.393829837766514451e+24
2.528006264999100007e+06 5.626095530177000910e+04 4.042120866793298717e+01 2.899416655527189453e+13 0.000000000000000000e+00 3.869994337591972327e+24
2.637919580868626013e+06 5.605592270642111544e+04 4.208749131218958439e+01 2.873949657096967188e+13 0.000000000000000000e+00 4.387615678834825832e+24
2.747832896738152485e+06 5.584186538417850534e+04 4.374221881786137800e+01 2.847557014443973047e+13 0.000000000000000000e+00 4.948164198182399307e+24
2.857746212607678492e+06 5.562045444784132997e+04 4.538492796928084516e+01 2.820257692650211328e+13 0.000000000000000000e+00 5.553063892463180516e+24
2.967659528477204498e+06 5.538921003253074014e+04 4.701515729182838754e+01 2.792071247767026562e+13 0.000000000000000000e+00 6.203692418646837824e+24
3.077572844346730504e+06 5.515065908717298589e+04 4.863244705193230999e+01 2.763017826815107031e+13 0.000000000000000000e+00 6.901381093844202480e+24
3.187486160216256510e+06 5.490301485607142968e+04 5.023633925706883474e+01 2.733118167784481250e+13 0.000000000000000000e+00 7.647414895307277747e+24
3.297399476085782982e+06 5.464762065813766094e+04 5.182637765576210143e+01 2.702393599634521094e+13 0.000000000000000000e+00 8.443032460429242118e+24
3.407312791955308989e+06 5.438342042897753709e+04 5.340210773758414575e+01 2.670866042293940625e+13 0.000000000000000000e+00 9.289426086744427845e+24
3.517226107824834995e+06 5.411153240488118900e+04 5.496307673315493503e+01 2.638558006660795703e+13 0.000000000000000000e+00 1.018774173192835959e+25
3.627139423694361001e+06 5.383067710330418049e+04 5.650883361414233974e+01 2.605492594602483594e+13 0.000000000000000000e+00 1.113907901379771364e+25
3.737052739563887008e+06 5.354270285954144492e+04 5.803892909326212646e+01 2.571693498955744531e+13 0.000000000000000000e+00 1.214449121031034793e+25
3.846966055433413479e+06 5.324516315459072939e+04 5.955291562427802887e+01 2.537185003526660156e+13 0.000000000000000000e+00 1.320498525956529351e+25
3.956879371302939486e+06 5.294051372369946330e+04 6.105034740200160570e+01 2.501991983090655469e+13 0.000000000000000000e+00 1.432152175980272872e+25
4.066792687172465492e+06 5.262737891952955397e+04 6.253078036229241832e+01 2.466139903392496094e+13 0.000000000000000000e+00 1.549501496940402648e+25
4.176706003041991498e+06 5.230585754997591721e+04 6.399522884596465389e+01 2.429641005039005469e+13 0.000000000000000000e+00 1.672672605670776909e+25
4.286619318911517970e+06 5.199114520186693699e+04 6.544496052916073836e+01 2.392504113594228906e+13 0.000000000000000000e+00 1.801792659349575831e+25
4.396532634781043977e+06 5.173907008151589980e+04 6.687875693983941972e+01 2.354761136284839062e+13 0.000000000000000000e+00 1.936914396617016611e+25
4.506445950650569983e+06 5.141685099316360720e+04 6.829547311554392763e+01 2.316443882815091797e+13 0.000000000000000000e+00 2.078085183489294028e+25
4.616359266520095989e+06 5.106327752725135360e+04 6.969406343735317932e+01 2.277583826193846094e+13 0.000000000000000000e+00 2.225347711961185957e+25
4.726272582389621995e+06 5.070246402974289958e+04 7.107358162988190031e+01 2.238212102734563281e+13 0.000000000000000000e+00 2.378740000006052721e+25
4.836185898259148002e+06 5.033333489693637239e+04 7.243318076128053917e+01 2.198359512055307812e+13 0.000000000000000000e+00 2.538295391575836237e+25
4.946099214128674008e+06 4.995705310114503663e+04 7.377211324323533859e+01 2.158056517078745703e+13 0.000000000000000000e+00 2.704042556601061730e+25
5.056012529998200014e+06 4.957367025462571473e+04 7.508973083096827850e+01 2.117333244032146875e+13 0.000000000000000000e+00 2.876005490990837305e+25
5.165925845867726021e+06 4.918319297952647321e+04 7.638548462323709032e+01 2.076219482447382422e+13 0.000000000000000000e+00 3.054203516632852661e+25
5.275839161737252027e+06 4.878563539979115012e+04 7.765892506233527115e+01 2.034744685160927344e+13 0.000000000000000000e+00 3.238651281393379515e+25
5.385752477606778964e+06 4.838101803184447635e+04 7.890970193409211220e+01 1.992937968313857812e+13 0.000000000000000000e+00 3.429358759117275044e+25
5.495665793476304971e+06 4.796924279266153462e+04 8.013756436787258508e+01 1.950828111351853906e+13 0.000000000000000000e+00 3.626331249627974147e+25
5.605579109345830977e+06 4.755034249941026064e+04 8.134236083657748395e+01 1.908443557025197656e+13 0.000000000000000000e+00 3.829569378727498044e+25
5.715492425215356983e+06 4.712458673130581155e+04 8.252403915664334022e+01 1.865812411388773438e+13 0.000000000000000000e+00 4.039069098196448255e+25
5.825405741084882990e+06 4.669200073979410809e+04 8.368256655666277766e+01 1.822962718307005859e+13 0.000000000000000000e+00 4.254818971725719530e+25
5.935319056954408996e+06 4.625266518517612712e+04 8.481727078976864220e+01 1.779924985089216016e+13 0.000000000000000000e+00 4.476780383857955809e+25
6.045232372823935002e+06 4.580651206220286986e+04 8.592772041771928571e+01 1.736729318672127344e+13 0.000000000000000000e+00 4.704919038450826828e+25
6.155145688693461008e+06 4.535343905462577095e+04 8.701359608585420347e+01 1.693405399923174805e+13 0.000000000000000000e+00 4.939196036600035161e+25
6.265059004562987015e+06 4.489371972587617347e+04 8.807457552954200253e+01 1.649982834438245117e+13 0.000000000000000000e+00 5.179563541138148682e+25
6.374972320432513021e+06 4.442744506738196651e+04 8.911033357418043011e+01 1.606491152541677734e+13 0.000000000000000000e+00 5.425964776634601422e+25
6.484885636302039959e+06 4.395471579266300250e+04 9.012054213519638779e+01 1.562959809286263281e+13 0.000000000000000000e+00 5.678334029395693570e+25
6.594798952171565965e+06 4.347565900174310082e+04 9.110487021804586050e+01 1.519418184453246484e+13 0.000000000000000000e+00 5.936596647464583745e+25
6.704712268041091971e+06 4.298998712900857208e+04 9.206298391821401594e+01 1.475895582552322656e+13 0.000000000000000000e+00 6.200669040621305313e+25
6.814625583910617977e+06 4.249737938932477846e+04 9.299454642121511938e+01 1.432421232821639062e+13 0.000000000000000000e+00 6.470458680382751783e+25
6.924538899780143984e+06 4.199873424902156694e+04 9.389921800259257623e+01 1.389024289227796094e+13 0.000000000000000000e+00 6.745864100002681968e+25
7.034452215649669990e+06 4.149376277635161387e+04 9.477665602791894628e+01 1.345733830465845703e+13 0.000000000000000000e+00 7.026774894471725130e+25
7.144365531519195996e+06 4.098181884805199661e+04 9.562651495279588687e+01 1.302578859959292578e+13 0.000000000000000000e+00 7.313071720517367243e+25
7.254278847388722003e+06 4.046423398687767622e+04 9.644844632285420971e+01 1.259588305860092578e+13 0.000000000000000000e+00 7.604626296603968170e+25
7.364192163258248009e+06 3.993929143325139739e+04 9.724209877375383826e+01 1.216791021048654883e+13 0.000000000000000000e+00 7.901301402932744483e+25
7.474105479127774015e+06 3.940879845183246653e+04 9.800711801542415458e+01 1.174215784786216406e+13 0.000000000000000000e+00 8.202950863409928233e+25
7.584018794997300021e+06 3.887101083636011754e+04 9.874316590067641641e+01 1.131891200447645703e+13 0.000000000000000000e+00 8.509418858388956340e+25
7.693932110866826959e+06 3.832721254740495351e+04 9.944994649765479267e+01 1.089845045370396680e+13 0.000000000000000000e+00 8.820542901532790451e+25
7.803845426736352965e+06 3.777707796346528630e+04 1.001271169209362313e+02 1.048105285763899414e+13 0.000000000000000000e+00 9.136147416265395442e+25
7.913758742605878972e+06 2.200146914207083319e+04 1.001254849239576288e+02 1.014570888912413672e+13 0.000000000000000000e+00 9.395163033269464595e+25
8.023672058475404978e+06 2.176791727161042218e+04 9.939112474825347476e+01 9.905741165507554688e+12 0.000000000000000000e+00 9.587116940852247716e+25
8.133585374344930984e+06 2.153665845684643136e+04 9.869227477382730740e+01 9.670027046187720703e+12 0.000000000000000000e+00 9.782307394440584413e+25
8.243498690214456990e+06 2.130755277976265643e+04 9.802668706317102476e+01 9.438423995919888672e+12 0.000000000000000000e+00 9.980713671029872368e+25
8.353412006083982997e+06 2.108047162356070839e+04 9.739226638361870414e+01 9.210801466700390625e+12 0.000000000000000000e+00 1.018231226655098512e+26
8.463325321953509003e+06 2.085529247282801953e+04 9.678704634187268141e+01 8.987036209154341797e+12 0.000000000000000000e+00 1.038707846449501434e+26
8.573238637823035941e+06 2.063189991729203757e+04 9.620916945715086399e+01 8.767012858236170898e+12 0.000000000000000000e+00 1.059498529904058760e+26
8.683151953692561015e+06 2.041018771544944320e+04 9.565688716118690138e+01 8.550623933229629883e+12 0.000000000000000000e+00 1.080600355505386834e+26
8.793065269562087953e+06 2.019005427496647462e+04 9.512855979823000041e+01 8.337769837747777344e+12 0.000000000000000000e+00 1.102010176808856619e+26
8.902978585431613028e+06 1.997140808685551019e+04 9.462265091877233658e+01 8.128358283415384766e+12 0.000000000000000000e+00 1.123724639804954483e+26
9.012891901301139966e+06 1.975395495581672003e+04 9.413766785188229846e+01 7.922297628681605469e+12 0.000000000000000000e+00 1.145740408120171641e+26
9.122805217170665041e+06 1.953779605423245812e+04 9.367228189201087218e+01 7.719508917609236328e+12 0.000000000000000000e+00 1.168053776029983609e+26
9.232718533040191978e+06 1.932285864117066376e+04 9.322524679270519243e+01 7.519919716899115234e+12 0.000000000000000000e+00 1.190660745159038797e+26
9.342631848909717053e+06 1.910907166747431620e+04 9.279536609780734580e+01 7.323461056526094727e+12 0.000000000000000000e+00 1.213557105303701051e+26
9.452545164779243991e+06 1.889636761139641749e+04 9.238149314145429969e+01 7.130067429739021484e+12 0.000000000000000000e+00 1.236738434432052223e+26
9.562458480648770928e+06 1.868468309013110411e+04 9.198253104807795921e+01 6.939676793060752930e+12 0.000000000000000000e+00 1.260200098683889599e+26
9.672371796518296003e+06 1.847386350731874700e+04 9.159743273240511030e+01 6.752230566288151367e+12 0.000000000000000000e+00 1.283937252370727101e+26
9.782285112387822941e+06 1.826369692330204998e+04 9.122520089945747657e+01 6.567673632492074219e+12 0.000000000000000000e+00 1.307944837975796657e+26
9.892198428257348016e+06 1.805435885507440253e+04 9.086488804455171930e+01 6.385954338017394531e+12 0.000000000000000000e+00 1.332217586154045287e+26
1.000211174412687495e+07 1.784580073599844036e+04 9.051559645329936643e+01 6.207024492482977539e+12 0.000000000000000000e+00 1.356750015732137675e+26
1.011202505999640003e+07 1.763797727700093674e+04 9.017647820160689776e+01 6.030839368781703125e+12 0.000000000000000000e+00 1.381536433708454625e+26
1.022193837586592697e+07 1.743046828216849099e+04 8.984673515567568813e+01 5.857357703080443359e+12 0.000000000000000000e+00 1.406570935253094433e+26
1.033185169173545204e+07 1.722353290935360565e+04 8.952561897200205010e+01 5.686541694820087891e+12 0.000000000000000000e+00 1.431847403707870486e+26
1.044176500760497898e+07 1.701719939636954950e+04 8.921243109737716281e+01 5.518357006715515625e+12 0.000000000000000000e+00 1.457359510586314696e+26
1.055167832347450405e+07 1.681121263359130535e+04 8.890652276888719996e+01 5.352772764755624023e+12 0.000000000000000000e+00 1.483100715573673889e+26
1.066159163934403099e+07 1.660546171170273010e+04 8.860729501391315921e+01 5.189761558203300781e+12 0.000000000000000000e+00 1.509064266526913247e+26
1.077150495521355793e+07 1.640021827943799144e+04 8.831411818723486817e+01 5.029294639014183594e+12 0.000000000000000000e+00 1.535242973387539056e+26
1.088141827108308300e+07 1.619508745972733414e+04 8.802633902722595849e+01 4.871342486382345703e+12 0.000000000000000000e+00 1.561629263302682599e+26
1.099133158695260994e+07 1.599016285908061036e+04 8.774340083674705681e+01 4.715881809874812500e+12 0.000000000000000000e+00 1.588215506258167385e+26
1.110124490282213502e+07 1.578555158078147906e+04 8.746476394052650960e+01 4.562890675949307617e+12 0.000000000000000000e+00 1.614993771454516242e+26
1.121115821869166195e+07 1.558078694261203782e+04 8.718990538204334939e+01 4.412348489677694336e+12 0.000000000000000000e+00 1.641955826420750610e+26
1.132107153456118703e+07 1.537638852229725489e+04 8.691831892352733746e+01 4.264235994746002930e+12 0.000000000000000000e+00 1.669093137014387105e+26
1.143098485043071397e+07 1.517164541980627109e+04 8.664951504595893539e+01 4.118535273454407715e+12 0.000000000000000000e+00 1.696396867421440956e+26
1.154089816630023904e+07 1.496717171840592709e+04 8.638302094906936190e+01 3.975229746717247070e+12 0.000000000000000000e+00 1.723857880156422570e+26
1.165081148216976598e+07 1.476233880356096779e+04 8.611838055134053604e+01 3.834304174063004883e+12 0.000000000000000000e+00 1.751466736062340966e+26
1.176072479803929292e+07 1.455752545833087424e+04 8.585515449000506294e+01 3.695744653634324219e+12 0.000000000000000000e+00 1.779213694310701027e+26
1.187063811390881799e+07 1.435251459484855150e+04 8.559292012104631908e+01 3.559538622188005371e+12 0.000000000000000000e+00 1.807088712401504188e+26
1.198055142977834493e+07 1.414712433225648783e+04 8.533127151919836706e+01 3.425674855094994141e+12 0.000000000000000000e+00 1.835081446163250152e+26
1.209046474564787000e+07 1.394157482266402440e+04 8.506981947794599819e+01 3.294143466340400391e+12 0.000000000000000000e+00 1.863181249752934143e+26
1.220037806151739694e+07 1.373571002613914243e+04 8.480819150952471830e+01 3.164935908523479492e+12 0.000000000000000000e+00 1.891377175656049311e+26
1.231029137738692202e+07 1.352923693872728472e+04 8.454603184492074774e+01 3.038044972857649902e+12 0.000000000000000000e+00 1.919657974686583984e+26
1.242020469325644895e+07 1.332236650854132677e+04 8.428300143387103560e+01 2.913464789170476074e+12 0.000000000000000000e+00 1.948012095987026474e+26
1.253011800912597403e+07 1.311500963095682528e+04 8.401877794486323126e+01 2.791190825903684082e+12 0.000000000000000000e+00 1.976427687028358212e+26
1.264003132499550097e+07 1.290707950657586844e+04 8.375302429908697377e+01 2.671218226713636230e+12 0.000000000000000000e+00 2.004892173214236834e+26
1.274994464086502604e+07 1.269849148804146898e+04 8.348538192608408792e+01 2.553541277938132324e+12 0.000000000000000000e+00 2.033392388820319984e+26
1.285985795673455298e+07 1.248916861047358725e+04 8.321552832985106818e+01 2.438156749820313477e+12 0.000000000000000000e+00 2.061915211871863213e+26
1.296977127260407992e+07 1.227904091580092972e+04 8.294314360146337606e+01 2.325062342475706543e+12 0.000000000000000000e+00 2.090446947168516776e+26
1.307968458847360499e+07 1.206804568580224623e+04 8.266791009307760874e+01 2.214256669411927734e+12 0.000000000000000000e+00 2.118973321262374303e+26
1.318959790434313193e+07 1.185612664164178568e+04 8.238951241793155589e+01 2.105739257528681641e+12 0.000000000000000000e+00 2.147479482457975550e+26
1.329951122021265700e+07 1.164323531078795895e+04 8.210763745034415706e+01 1.999510547117770996e+12 0.000000000000000000e+00 2.175950000812300898e+26
1.340942453608218394e+07 1.142908611209747323e+04 8.182197432571547324e+01 1.895571891863083008e+12 0.000000000000000000e+00 2.204368868134776513e+26
1.351933785195170902e+07 1.121373154273231557e+04 8.153221444052677214e+01 1.793925558840604736e+12 0.000000000000000000e+00 2.232719497987271248e+26
1.362925116782123595e+07 1.099715371724515353e+04 8.123805145234047131e+01 1.694574728518407471e+12 0.000000000000000000e+00 2.260984725684098362e+26
1.373916448369076103e+07 1.077898078934913428e+04 8.093918127980012400e+01 1.597523494756661621e+12 0.000000000000000000e+00 2.289146808292013461e+26
1.384907779956028797e+07 1.055931299865249821e+04 8.063530210263047593e+01 1.502776864807622070e+12 0.000000000000000000e+00 2.317187424630217933e+26
1.395899111542981304e+07 1.033799877608238239e+04 8.032611436163742269e+01 1.410340759315643066e+12 0.000000000000000000e+00 2.345087675270354135e+26
1.406890443129933998e+07 1.011475163468389292e+04 8.001132075870800975e+01 1.320222012317164062e+12 0.000000000000000000e+00 2.372828082536511237e+26
1.417881774716886692e+07 9.889468549236713443e+03 7.969061214156280926e+01 1.232428696497144043e+12 0.000000000000000000e+00 2.400388113033749064e+26
1.428873106303839199e+07 9.661985327450323894e+03 7.936363527456060751e+01 1.146970458031390381e+12 0.000000000000000000e+00 2.427745226602485694e+26
1.439864437890791893e+07 9.431993684647859482e+03 7.903005435684715962e+01 1.063857475948850952e+12 0.000000000000000000e+00 2.454876834915265148e+26
1.450855769477744401e+07 9.199422268763410102e+03 7.868951744231411283e+01 9.831019767658610840e+11 0.000000000000000000e+00 2.481758917032330740e+26
1.461847101064697094e+07 8.963901525118362770e+03 7.834165302731553027e+01 9.047183373964324951e+11 0.000000000000000000e+00 2.508365895792607516e+26
1.472838432651649602e+07 8.725199599302062779e+03 7.798607005066799047e+01 8.287230851522640381e+11 0.000000000000000000e+00 2.534670637813698821e+26
1.483829764238602296e+07 8.482875852630902955e+03 7.762235789365053051e+01 7.551348977427304688e+11 0.000000000000000000e+00 2.560644453491889388e+26
1.494821095825554803e+07 8.236547306344666140e+03 7.725008638000467442e+01 6.839746032748934326e+11 0.000000000000000000e+00 2.586257097002142591e+26
1.505812427412507497e+07 7.985840701077950143e+03 7.686880506819068160e+01 6.152652284409844971e+11 0.000000000000000000e+00 2.611476731633847176e+26
1.516803758999460004e+07 7.730063823078149653e+03 7.647801109535313913e+01 5.490339984282233887e+11 0.000000000000000000e+00 2.636268454362265211e+26
1.527795090586412698e+07 7.468504892746121186e+03 7.607715583522890768e+01 4.853118574771539307e+11 0.000000000000000000e+00 2.660594816046246692e+26
1.538786422173365392e+07 7.200478107928465761e+03 7.566562117218407479e+01 4.241359747807431641e+11 0.000000000000000000e+00 2.684414441655150543e+26
1.549777753760317899e+07 6.924866493522760720e+03 7.524270313286105250e+01 3.655509967136776733e+11 0.000000000000000000e+00 2.707681181849721346e+26
1.560769085347270593e+07 6.640421663371114846e+03 7.480761188617853463e+01 3.096090468323602295e+11 0.000000000000000000e+00 2.730344112982090712e+26
1.571760416934223101e+07 6.345364691631361893e+03 7.435946789677318236e+01 2.563700307145392456e+11 0.000000000000000000e+00 2.752347370855127029e+26
1.582751748521175794e+07 6.037436453568434445e+03 7.389720087995762299e+01 2.059095868936215820e+11 0.000000000000000000e+00 2.773625788445831741e+26
1.593743080108128302e+07 5.713529484927114027e+03 7.341949443066245351e+01 1.583238862643198242e+11 0.000000000000000000e+00 2.794102249089194841e+26
1.604734411695080996e+07 5.368887365676320769e+03 7.292469292854700313e+01 1.137377285352120819e+11 0.000000000000000000e+00 2.813683334951042170e+26
1.615725743282033503e+07 4.996227883328625467e+03 7.241065566100741080e+01 7.231657167271978760e+10 0.000000000000000000e+00 2.832253013306788889e+26
1.626717074868986197e+07 4.582581390094517701e+03 7.187434676952139512e+01 3.430076737810691833e+10 0.000000000000000000e+00 2.849654701406162495e+26
1.637708406455938891e+07 4.100915248481876915e+03 7.131106495402202938e+01 7.024775660281276703e+07 0.000000000000000000e+00 2.865657988083426608e+26
