# Radius (m)	Density (kg/m^3)	Gravity (m/s^2)	Pressure (Pa)	Temperature (K)	Mass Enclosed (kg)
0.000000000000000000e+00 4.754504722776533163e+04 0.000000000000000000e+00 1.907907913406341797e+13 0.000000000000000000e+00 0.000000000000000000e+00
1.022991301841478271e+05 4.754177788697535289e+04 1.359816035731511441e+00 1.907577202982129688e+13 0.000000000000000000e+00 2.132152434049810432e+20
2.045982603682956542e+05 4.753197202056173410e+04 2.719294946156407100e+00 1.906585289795423438e+13 0.000000000000000000e+00 1.705509319908329521e+21
3.068973905524434522e+05 4.751557865368692728e+04 4.078102597090962789e+00 1.904932828409460156e+13 0.000000000000000000e+00 5.754914228896184402e+21
4.091965207365913084e+05 4.749247209962511261e+04 5.435887736429579675e+00 1.902620918676634375e+13 0.000000000000000000e+00 1.363704627827740089e+22
5.114956509207391646e+05 4.746279007211280987e+04 6.792312797767413812e+00 1.899651104652780859e+13 0.000000000000000000e+00 2.662501028186775827e+22
6.137947811048869044e+05 4.742655234834346629e+04 8.147041232697089796e+00 1.896025365130839844e+13 0.000000000000000000e+00 4.598757864026411526e+22
7.160939112890347606e+05 4.738378299218312895e+04 9.499737426522038675e+00 1.891746107803708203e+13 0.000000000000000000e+00 7.298734639242525068e+22
8.183930414731826168e+05 4.733451035365650023e+04 1.085006683682836659e+01 1.886816169212821484e+13 0.000000000000000000e+00 1.088807144185529033e+23
9.206921716573304730e+05 4.727876702489827585e+04 1.219769834096962136e+01 1.881238810340896875e+13 0.000000000000000000e+00 1.549166324623278604e+23
1.022991301841478329e+06 4.721658967916663096e+04 1.354231055724621058e+01 1.875017700504539844e+13 0.000000000000000000e+00 2.123330338675267679e+23
1.125290432025626069e+06 4.714801947535322688e+04 1.488356523102688911e+01 1.868156957827203516e+13 0.000000000000000000e+00 2.823667457296461422e+23
1.227589562209773809e+06 4.707294427443288441e+04 1.622112243864613745e+01 1.860661120670887891e+13 0.000000000000000000e+00 3.662418231226807741e+23
1.329888692393921781e+06 4.699083100773011392e+04 1.755464360106665822e+01 1.852535142183003125e+13 0.000000000000000000e+00 4.651677780242963932e+23
1.432187822578069521e+06 4.690240438629759592e+04 1.888379148387937789e+01 1.843784390296367188e+13 0.000000000000000000e+00 5.803395793158282580e+23
1.534486952762217494e+06 4.680772284468381258e+04 2.020823019730346459e+01 1.834414647729208203e+13 0.000000000000000000e+00 7.129376527822834043e+23
1.636786082946365234e+06 4.670684900885682146e+04 2.152762519618629256e+01 1.824432111985163672e+13 0.000000000000000000e+00 8.641278811123383974e+23
1.739085213130512973e+06 4.659919614782526332e+04 2.284164328000347766e+01 1.813843395353279688e+13 0.000000000000000000e+00 1.035061603898340808e+24
1.841384343314660946e+06 4.648489410698050051e+04 2.414995259285885254e+01 1.802655524908012500e+13 0.000000000000000000e+00 1.226875617636309346e+24
1.943683473498808686e+06 4.636454677669759258e+04 2.545222262572681160e+01 1.790875942236626562e+13 0.000000000000000000e+00 1.440692147111023088e+24
2.045982603682956658e+06 4.623823133359196072e+04 2.674812808305993173e+01 1.778512201377252344e+13 0.000000000000000000e+00 1.677588122675045674e+24
2.148281733867104165e+06 4.610458761399094510e+04 2.803734892979161941e+01 1.765572371479219141e+13 0.000000000000000000e+00 1.938639036026297183e+24
2.250580864051252138e+06 4.596505626457017934e+04 2.931956461965820537e+01 1.752065157528058203e+13 0.000000000000000000e+00 2.224926851419880674e+24
2.352879994235400110e+06 4.581975689849848277e+04 3.059445543090078345e+01 1.737999575616567383e+13 0.000000000000000000e+00 2.537504783253488305e+24
2.455179124419547617e+06 4.566713250544371840e+04 3.186170246626523550e+01 1.723384952944809375e+13 0.000000000000000000e+00 2.877397296067404014e+24
2.557478254603695590e+06 4.550885137405405112e+04 3.312098765300224557e+01 1.708230927820111719e+13 0.000000000000000000e+00 3.245600104544509694e+24
2.659777384787843563e+06 4.534437821409197932e+04 3.437199374286724662e+01 1.692547449657067773e+13 0.000000000000000000e+00 3.643080173510273383e+24
2.762076514971991535e+06 4.517326128453498677e+04 3.561440431212048452e+01 1.676344778977535938e+13 0.000000000000000000e+00 4.070775717932756780e+24
2.864375645156139042e+06 4.499677279332155013e+04 3.684790376152696467e+01 1.659633487410640234e+13 0.000000000000000000e+00 4.529596202922614171e+24
2.966674775340287015e+06 4.481300442788160581e+04 3.807217731635650182e+01 1.642424457692769141e+13 0.000000000000000000e+00 5.020422343733096185e+24
3.068973905524434987e+06 4.462403481460010516e+04 3.928691102638367028e+01 1.624728883667577539e+13 0.000000000000000000e+00 5.544106105760039060e+24
3.171273035708582494e+06 4.442816983242359856e+04 4.049179176588783946e+01 1.606558270285984961e+13 0.000000000000000000e+00 6.101470704541874304e+24
3.273572165892730467e+06 4.422695399067417020e+04 4.168650723365315969e+01 1.587924433606176367e+13 0.000000000000000000e+00 6.693310605759627087e+24
3.375871296076878440e+06 4.401892017073999159e+04 4.287074595296856216e+01 1.568839500793601562e+13 0.000000000000000000e+00 7.320391525236917848e+24
3.478170426261025947e+06 4.380572871411322558e+04 4.404419727162776610e+01 1.549315910120976758e+13 0.000000000000000000e+00 7.983450428939945120e+24
3.580469556445173919e+06 4.358550733578408835e+04 4.520655136192925738e+01 1.529366410968282227e+13 0.000000000000000000e+00 8.683195532977522031e+24
3.682768686629321892e+06 4.336009890156317852e+04 4.635749922067634543e+01 1.509004063822764258e+13 0.000000000000000000e+00 9.420306303601035509e+24
3.785067816813469399e+06 4.312826185454968800e+04 4.749673266917707082e+01 1.488242240278934375e+13 0.000000000000000000e+00 1.019543345720446560e+25
3.887366946997617371e+06 4.289059922639596334e+04 4.862394324780607491e+01 1.467094580416810938e+13 0.000000000000000000e+00 1.100919212707422978e+25
3.989666077181765344e+06 4.264757874287826417e+04 4.973882162534966511e+01 1.445574619353250781e+13 0.000000000000000000e+00 1.186210699695763628e+25
4.091965207365913317e+06 4.239773819639159774e+04 5.084108201820341577e+01 1.423696366485544141e+13 0.000000000000000000e+00 1.275471367518274475e+25
4.194264337550060824e+06 4.214252312180101580e+04 5.193044210661486204e+01 1.401474095801892383e+13 0.000000000000000000e+00 1.368752048287577233e+25
4.296563467734208331e+06 4.188186843744073121e+04 5.300661865505265524e+01 1.378922242724965234e+13 0.000000000000000000e+00 1.466099119707427053e+25
4.398862597918356769e+06 4.161475899992705672e+04 5.406932751220660549e+01 1.356055404111901172e+13 0.000000000000000000e+00 1.567554505072713163e+25
4.501161728102504276e+06 4.134200671093940036e+04 5.511828361098761775e+01 1.332888338254308008e+13 0.000000000000000000e+00 1.673155673269454574e+25
4.603460858286651783e+06 4.106375255671695049e+04 5.615320096852776288e+01 1.309435964878261719e+13 0.000000000000000000e+00 1.782935638774806525e+25
4.705759988470800221e+06 4.077995221156909247e+04 5.717379268618025634e+01 1.285713365144306641e+13 0.000000000000000000e+00 1.896922961657056400e+25
4.808059118654947728e+06 4.049018597557093017e+04 5.817977094951940131e+01 1.261735781647456836e+13 0.000000000000000000e+00 2.015141747575623082e+25
4.910358248839095235e+06 4.019454776000163110e+04 5.917084702834068111e+01 1.237518618417194141e+13 0.000000000000000000e+00 2.137611647781059751e+25
5.012657379023243673e+06 3.989337790834225598e+04 6.014673127666070229e+01 1.213077440917469336e+13 0.000000000000000000e+00 2.264347859115054738e+25
5.114956509207391180e+06 3.958664250520961650e+04 6.110713313271718050e+01 1.188427976046702539e+13 0.000000000000000000e+00 2.395361124010423794e+25
5.217255639391539618e+06 3.927433011768941651e+04 6.205176111896900437e+01 1.163586112137781641e+13 0.000000000000000000e+00 2.530657730491121690e+25
5.319554769575687125e+06 3.895644585424932302e+04 6.298032284209615739e+01 1.138567898958063867e+13 0.000000000000000000e+00 2.670239512172231905e+25
5.421853899759834632e+06 3.863298137623384537e+04 6.389252499299979604e+01 1.113389547709375000e+13 0.000000000000000000e+00 2.814103848259972211e+25
5.524153029943983071e+06 3.830393552318074217e+04 6.478807329619860411e+01 1.088067428896948438e+13 0.000000000000000000e+00 2.962243620738161012e+25
5.626452160128130578e+06 3.796932618496168288e+04 6.566667530850963885e+01 1.062617756760608984e+13 0.000000000000000000e+00 3.114642407707158309e+25
5.728751290312278084e+06 3.762917108852131059e+04 6.652806894511559221e+01 1.037056797064036914e+13 0.000000000000000000e+00 3.271282536971843098e+25
5.831050420496426523e+06 3.728350579591064889e+04 6.737199848486866927e+01 1.011401018474064453e+13 0.000000000000000000e+00 3.432144581475191804e+25
5.933349550680574030e+06 3.693235343737203948e+04 6.819820341076240311e+01 9.856669207671794922e+12 0.000000000000000000e+00 3.597202921213771938e+25
6.035648680864721537e+06 3.657575804916843481e+04 6.900641840993164067e+01 9.598710348295220703e+12 0.000000000000000000e+00 3.766425743237749410e+25
6.137947811048869975e+06 3.621376979969638342e+04 6.979637337365254268e+01 9.340299226568867188e+12 0.000000000000000000e+00 3.939775041650886802e+25
6.240246941233017482e+06 3.584580141647729033e+04 7.056779339734258372e+01 9.081601773547226562e+12 0.000000000000000000e+00 4.117206617610536070e+25
6.342546071417164989e+06 3.547232764916257292e+04 7.132039878056055215e+01 8.822784231381322266e+12 0.000000000000000000e+00 4.298670079327648425e+25
6.444845201601313427e+06 3.509355281778667995e+04 7.205390502700652178e+01 8.564013153318710938e+12 0.000000000000000000e+00 4.484108842066773038e+25
6.547144331785460934e+06 3.470934407549905882e+04 7.276802284452192282e+01 8.305455403703503906e+12 0.000000000000000000e+00 4.673460128146046310e+25
6.649443461969608441e+06 3.431899231712473556e+04 7.346245814508945671e+01 8.047278157976340820e+12 0.000000000000000000e+00 4.866654966937203892e+25
6.751742592153756879e+06 3.392351578419376165e+04 7.413691204483318131e+01 7.789648902674398438e+12 0.000000000000000000e+00 5.063618194865581546e+25
6.854041722337904386e+06 3.352204109747628536e+04 7.479108086401841149e+01 7.532735435431403320e+12 0.000000000000000000e+00 5.264268455410099686e+25
6.956340852522051893e+06 3.311508259948689374e+04 7.542465612705183275e+01 7.276705864977611328e+12 0.000000000000000000e+00 5.468518199103280553e+25
7.058639982706200331e+06 3.270215749457875791e+04 7.603732456248141602e+01 7.021728611139818359e+12 0.000000000000000000e+00 5.676273683531243063e+25
7.160939112890347838e+06 3.228381876972306418e+04 7.662876810299641761e+01 6.767972404841367188e+12 0.000000000000000000e+00 5.887434973333695938e+25
7.263238243074495345e+06 3.185900207794190646e+04 7.719867998369048223e+01 6.515605578877532227e+12 0.000000000000000000e+00 6.101895528929134276e+25
7.365537373258643784e+06 3.142855183944410237e+04 7.774680339857620481e+01 6.264791564668452148e+12 0.000000000000000000e+00 6.319543815566222658e+25
7.467836503442791291e+06 1.769737043218715553e+04 7.758078864728462065e+01 6.081073661753201172e+12 0.000000000000000000e+00 6.482434003312513653e+25
7.570135633626938798e+06 1.753170461604441880e+04 7.698923308761631290e+01 5.941805065301793945e+12 0.000000000000000000e+00 6.610459185770137246e+25
7.672434763811087236e+06 1.736714230892482010e+04 7.642721871343948692e+01 5.804871120970291992e+12 0.000000000000000000e+00 6.740758872979656278e+25
7.774733893995234743e+06 1.720360513007612826e+04 7.589293226436413420e+01 5.670193230319293945e+12 0.000000000000000000e+00 6.873322480849692882e+25
7.877033024179382250e+06 1.704101980631102924e+04 7.538465919272110227e+01 5.537698553307442383e+12 0.000000000000000000e+00 7.008137392974931584e+25
7.979332154363530688e+06 1.687931864716648852e+04 7.490078745825839235e+01 5.407318972665048828e+12 0.000000000000000000e+00 7.145189695706631129e+25
8.081631284547678195e+06 1.671843607309002982e+04 7.443980752814111668e+01 5.278991093894093750e+12 0.000000000000000000e+00 7.284464178152625344e+25
8.183930414731826633e+06 1.655830930619905848e+04 7.400027461810607576e+01 5.152654189389888672e+12 0.000000000000000000e+00 7.425944887862354836e+25
8.286229544915974140e+06 1.639887726059975830e+04 7.358081551781455687e+01 5.028250371452190430e+12 0.000000000000000000e+00 7.569615414109720851e+25
8.388528675100121647e+06 1.624008760274880478e+04 7.318024519466695210e+01 4.905731335499826172e+12 0.000000000000000000e+00 7.715456556345338464e+25
8.490827805284269154e+06 1.608187471064756573e+04 7.279742925251582619e+01 4.785051293415498047e+12 0.000000000000000000e+00 7.863447620379078808e+25
8.593126935468416661e+06 1.592408487557406625e+04 7.243127782342027388e+01 4.666166649466601562e+12 0.000000000000000000e+00 8.013566493259618971e+25
8.695426065652566031e+06 1.576678088633020161e+04 7.208074556764586305e+01 4.549036000305224609e+12 0.000000000000000000e+00 8.165789643274457461e+25
8.797725195836713538e+06 1.560992099217063696e+04 7.174483167366466319e+01 4.433620134968156250e+12 0.000000000000000000e+00 8.320092119949891875e+25
8.900024326020861045e+06 1.545346258750935885e+04 7.142257985815523114e+01 4.319882034876870117e+12 0.000000000000000000e+00 8.476447554051039508e+25
9.002323456205008551e+06 1.529736530842658794e+04 7.111307836600258270e+01 4.207786873837537109e+12 0.000000000000000000e+00 8.634828157581830485e+25
9.104622586389156058e+06 1.514159227182889299e+04 7.081545997029823525e+01 4.097302018041020996e+12 0.000000000000000000e+00 8.795204723785004327e+25
9.206921716573303565e+06 1.498610840347934936e+04 7.052890197234019354e+01 3.988397026062879883e+12 0.000000000000000000e+00 8.957546627142111664e+25
9.309220846757452935e+06 1.483072944354444917e+04 7.025262620163296390e+01 3.881043648863363770e+12 0.000000000000000000e+00 9.121821823373519393e+25
9.411519976941600442e+06 1.467544117891324277e+04 6.998589901588752582e+01 3.775215829787420898e+12 0.000000000000000000e+00 9.287996849438396933e+25
9.513819107125747949e+06 1.452033449679601108e+04 6.972803130102133196e+01 3.670889704564688477e+12 0.000000000000000000e+00 9.456036823534736840e+25
9.616118237309895456e+06 1.436538438564387070e+04 6.947837847115833654e+01 3.568043601309498047e+12 0.000000000000000000e+00 9.625905445099334192e+25
9.718417367494042963e+06 1.421055641954560633e+04 6.923634046862898117e+01 3.466658040520876953e+12 0.000000000000000000e+00 9.797564994807802050e+25
9.820716497678190470e+06 1.405548670978963128e+04 6.900136176397020904e+01 3.366715735082542969e+12 0.000000000000000000e+00 9.970976334574564587e+25
9.923015627862339839e+06 1.390050052287425206e+04 6.877293135592540807e+01 3.268201590262908203e+12 0.000000000000000000e+00 1.014609890755285881e+26
1.002531475804648735e+07 1.374558398256232249e+04 6.855055452836958807e+01 3.171101510219582031e+12 0.000000000000000000e+00 1.032289009591771339e+26
1.012761388823063485e+07 1.359044112420500824e+04 6.833363499040953570e+01 3.075397455831827637e+12 0.000000000000000000e+00 1.050130280589205361e+26
1.022991301841478236e+07 1.343515530841051805e+04 6.812168029477325604e+01 2.981076100793996582e+12 0.000000000000000000e+00 1.068129026370491920e+26
1.033221214859892987e+07 1.327988072654847929e+04 6.791422926528601067e+01 2.888125680127739258e+12 0.000000000000000000e+00 1.086280402097982939e+26
1.043451127878307924e+07 1.312417999940179106e+04 6.771083474278724168e+01 2.796535256453469238e+12 0.000000000000000000e+00 1.104579353992551864e+26
1.053681040896722674e+07 1.296837989945479785e+04 6.751106358513055739e+01 2.706294719990369629e+12 0.000000000000000000e+00 1.123020619333593321e+26
1.063910953915137425e+07 1.281229247207107255e+04 6.731449666718376079e+01 2.617394788556385254e+12 0.000000000000000000e+00 1.141598726459025346e+26
1.074140866933552176e+07 1.265586411056006364e+04 6.712072888082884958e+01 2.529827007568227051e+12 0.000000000000000000e+00 1.160307994765286466e+26
1.084370779951966926e+07 1.249915483324424349e+04 6.692936913496197349e+01 2.443583750041372070e+12 0.000000000000000000e+00 1.179142534707337936e+26
1.094600692970381677e+07 1.234201143853811664e+04 6.674004035549350533e+01 2.358658216590062988e+12 0.000000000000000000e+00 1.198096247798662529e+26
1.104830605988796614e+07 1.218446480231750138e+04 6.655237948534794157e+01 2.275044435427305176e+12 0.000000000000000000e+00 1.217162826611265401e+26
1.115060519007211365e+07 1.202654136313881099e+04 6.636603748446403017e+01 2.192737262364875244e+12 0.000000000000000000e+00 1.236335754775672371e+26
1.125290432025626116e+07 1.186796159921745857e+04 6.618067932979464274e+01 2.111732380813310059e+12 0.000000000000000000e+00 1.255608306980932154e+26
1.135520345044040866e+07 1.170898399745714050e+04 6.599598401530687397e+01 2.032026301781913330e+12 0.000000000000000000e+00 1.274973548974615333e+26
1.145750258062455617e+07 1.154942790472996421e+04 6.581164455198195640e+01 1.953616363878754639e+12 0.000000000000000000e+00 1.294424337562814181e+26
1.155980171080870368e+07 1.138912467209973693e+04 6.562736796781535986e+01 1.876500733310668701e+12 0.000000000000000000e+00 1.313953320610142497e+26
1.166210084099285305e+07 1.122822232890268606e+04 6.544287530781667783e+01 1.800678403883254639e+12 0.000000000000000000e+00 1.333552937039736801e+26
1.176439997117700055e+07 1.106664213059667600e+04 6.525788899397359444e+01 1.726148842556858643e+12 0.000000000000000000e+00 1.353215249207862932e+26
1.186669910136114806e+07 1.090430934977873403e+04 6.507210050764452092e+01 1.652910828595256592e+12 0.000000000000000000e+00 1.372931665546994522e+26
1.196899823154529557e+07 1.074115122934402098e+04 6.488523542616103157e+01 1.580964291989022705e+12 0.000000000000000000e+00 1.392693809149870087e+26
1.207129736172944307e+07 1.057710105991396267e+04 6.469702481192614130e+01 1.510309846194860107e+12 0.000000000000000000e+00 1.412492949857918655e+26
1.217359649191359058e+07 1.041209556680658534e+04 6.450720156447597731e+01 1.440948699561138428e+12 0.000000000000000000e+00 1.432319948017803512e+26
1.227589562209773995e+07 1.024608263184091993e+04 6.431550042047983595e+01 1.372882655327893311e+12 0.000000000000000000e+00 1.452165254481422550e+26
1.237819475228188746e+07 1.007900753308823187e+04 6.412165795374012589e+01 1.306114111626831299e+12 0.000000000000000000e+00 1.472018910605906376e+26
1.248049388246603496e+07 9.910831171533438464e+03 6.392541257519241071e+01 1.240646061481321777e+12 0.000000000000000000e+00 1.491870548253620887e+26
1.258279301265018247e+07 9.741513067416737613e+03 6.372650453290538763e+01 1.176482092806402832e+12 0.000000000000000000e+00 1.511709389792165726e+26
1.268509214283432998e+07 9.570751994037576878e+03 6.352467591208087327e+01 1.113626388408779785e+12 0.000000000000000000e+00 1.531524248094374452e+26
1.278739127301847748e+07 9.398694192197472148e+03 6.331967063505386051e+01 1.052083725986824707e+12 0.000000000000000000e+00 1.551303526538314885e+26
1.288969040320262685e+07 9.225100904237355280e+03 6.311123446129244030e+01 9.918594781305754395e+11 0.000000000000000000e+00 1.571035219007288935e+26
1.299198953338677436e+07 9.050021467385022333e+03 6.289911498739786566e+01 9.329596123217403564e+11 0.000000000000000000e+00 1.590706909889831740e+26
1.309428866357092187e+07 8.873078610017810206e+03 6.268306164710453032e+01 8.753906909336920166e+11 0.000000000000000000e+00 1.610305774079713558e+26
1.319658779375506938e+07 8.694328359718692809e+03 6.246282571127994743e+01 8.191598712314705811e+11 0.000000000000000000e+00 1.629818576975938394e+26
1.329888692393921688e+07 8.513601021344253240e+03 6.223814916411827625e+01 7.642751820342926025e+11 0.000000000000000000e+00 1.649231339872950125e+26
1.340118605412336625e+07 8.330736961174621683e+03 6.200873261622667343e+01 7.107460005181313477e+11 0.000000000000000000e+00 1.668528458045347220e+26
1.350348518430751376e+07 8.145504495236345974e+03 6.177429621022741202e+01 6.585817033884663086e+11 0.000000000000000000e+00 1.687694459018867591e+26
1.360578431449166127e+07 7.957669178323048982e+03 6.153454675115585815e+01 6.077930635719689941e+11 0.000000000000000000e+00 1.706712840680106476e+26
1.370808344467580877e+07 7.767081596712724604e+03 6.128917318700777628e+01 5.583923882181956787e+11 0.000000000000000000e+00 1.725565927977732927e+26
1.381038257485995628e+07 7.573431461169002432e+03 6.103784660873932921e+01 5.103935186995854492e+11 0.000000000000000000e+00 1.744234872922491869e+26
1.391268170504410379e+07 7.376366060035052215e+03 6.078022025026707809e+01 4.638118306114606323e+11 0.000000000000000000e+00 1.762699654587203073e+26
1.401498083522825316e+07 7.175588107177938582e+03 6.051592948846796105e+01 4.186642337720260010e+11 0.000000000000000000e+00 1.780939079106760811e+26
1.411727996541240066e+07 6.970579297079089883e+03 6.024459094818047333e+01 3.749692235449955444e+11 0.000000000000000000e+00 1.798930739532226885e+26
1.421957909559654817e+07 6.760900895404509356e+03 5.996577897852889549e+01 3.327480723869000244e+11 0.000000000000000000e+00 1.816649999702718078e+26
1.432187822578069568e+07 6.545846475020229263e+03 5.967903668222831470e+01 2.920241282735545654e+11 0.000000000000000000e+00 1.834070625646080961e+26
1.442417735596484318e+07 6.324703472412100382e+03 5.938384155216767368e+01 2.528253768841160278e+11 0.000000000000000000e+00 1.851163254036073637e+26
1.452647648614899069e+07 6.096473001545098668e+03 5.907959139987997332e+01 2.151853356022889404e+11 0.000000000000000000e+00 1.867894754125518909e+26
1.462877561633314006e+07 5.859928696537483120e+03 5.876560435554225137e+01 1.791430535163251648e+11 0.000000000000000000e+00 1.884228227746303943e+26
1.473107474651728757e+07 5.613456484027577972e+03 5.844111786442363154e+01 1.447431741359841919e+11 0.000000000000000000e+00 1.900122971021774389e+26
1.483337387670143507e+07 5.354783577354273802e+03 5.810521083780329832e+01 1.120408191609293976e+11 0.000000000000000000e+00 1.915531483502999129e+26
1.493567300688558258e+07 5.080774429871503344e+03 5.775672478459611625e+01 8.110690611432052612e+10 0.000000000000000000e+00 1.930396311296129867e+26
1.503797213706973009e+07 4.786667025520149764e+03 5.739418859322838529e+01 5.203336540282257080e+10 0.000000000000000000e+00 1.944647066911429970e+26
1.514027126725387760e+07 4.464641606817864158e+03 5.701566135326878282e+01 2.494340532478761292e+10 0.000000000000000000e+00 1.958194422382783265e+26
1.524257039743802696e+07 4.100146439569021823e+03 5.661824611207595126e+01 2.390265877947998047e+07 0.000000000000000000e+00 1.970911650416367963e+26
