# Radius (m)	Density (kg/m^3)	Gravity (m/s^2)	Pressure (Pa)	Temperature (K)	Mass Enclosed (kg)
0.000000000000000000e+00 4.205052518818725366e+04 0.000000000000000000e+00 1.393508552595606250e+13 0.000000000000000000e+00 0.000000000000000000e+00
9.736154023371769290e+04 4.204781889179814607e+04 1.144624252068759507e+00 1.393274230801956445e+13 0.000000000000000000e+00 1.625668862406605865e+20
1.947230804674353858e+05 4.203970167098642560e+04 2.288982868329393572e+00 1.392571409873802148e+13 0.000000000000000000e+00 1.300381407098499236e+21
2.920846207011530641e+05 4.202617854920517129e+04 3.432812187225511291e+00 1.391400524761482812e+13 0.000000000000000000e+00 4.387952516489016246e+21
3.894461609348707716e+05 4.200725789126510790e+04 4.575845050068837239e+00 1.389762299723237305e+13 0.000000000000000000e+00 1.039809523966532387e+22
4.868077011685884790e+05 4.198295137243119825e+04 5.717817981952677542e+00 1.387657745649460547e+13 0.000000000000000000e+00 2.030164316197214382e+22
5.841692414023061283e+05 4.195327384549455019e+04 6.858473966623276574e+00 1.385088148553269141e+13 0.000000000000000000e+00 3.506689900128556705e+22
6.815307816360238940e+05 4.191824359058508708e+04 7.997548588803656600e+00 1.382055091200263281e+13 0.000000000000000000e+00 5.565753075171031043e+22
7.788923218697415432e+05 4.187764236031036125e+04 9.134769386065164198e+00 1.378560454595701953e+13 0.000000000000000000e+00 8.303246039102242842e+22
8.762538621034591924e+05 4.183145493096788414e+04 1.026985587742957051e+01 1.374606417993484961e+13 0.000000000000000000e+00 1.181458514711115024e+23
9.736154023371769581e+05 4.177993007525423309e+04 1.140254029250466772e+01 1.370195452319144141e+13 0.000000000000000000e+00 1.619424104702743151e+23
1.070976942570894724e+06 4.172309958703877055e+04 1.253257279881034592e+01 1.365330279398182617e+13 0.000000000000000000e+00 2.153652442286456182e+23
1.168338482804612257e+06 4.166099837666118401e+04 1.365969615550695337e+01 1.360013887852461133e+13 0.000000000000000000e+00 2.793527839049217087e+23
1.265700023038330022e+06 4.159366459904144722e+04 1.478365164836018053e+01 1.354249544067492578e+13 0.000000000000000000e+00 3.548324018109479219e+23
1.363061563272047788e+06 4.152101711810198321e+04 1.590417908974104222e+01 1.348040792192443555e+13 0.000000000000000000e+00 4.427204114117175751e+23
1.460423103505765321e+06 4.144246213836302923e+04 1.702101681862588123e+01 1.341391454140132617e+13 0.000000000000000000e+00 5.439220673253729066e+23
1.557784643739483086e+06 4.135875052679753571e+04 1.813390170059638606e+01 1.334305629587032422e+13 0.000000000000000000e+00 6.593315653232049080e+23
1.655146183973200852e+06 4.126993399828566180e+04 1.924256912783956608e+01 1.326787695973267578e+13 0.000000000000000000e+00 7.898320423296532239e+23
1.752507724206918385e+06 4.117606754919478408e+04 2.034675301914776213e+01 1.318842308502616211e+13 0.000000000000000000e+00 9.362955764223051448e+23
1.849869264440636151e+06 4.107616054134219303e+04 2.144618581991865369e+01 1.310474400142508984e+13 0.000000000000000000e+00 1.099583186831898292e+24
1.947230804674353916e+06 4.097118832009765902e+04 2.254059850215524818e+01 1.301689181624030078e+13 0.000000000000000000e+00 1.280544833942317462e+24
2.044592344908071449e+06 4.086129368316740147e+04 2.362973210145790759e+01 1.292492001760681250e+13 0.000000000000000000e+00 1.480005507069119327e+24
2.141953885141789448e+06 4.074581214439465839e+04 2.471334881767442226e+01 1.282888342040966016e+13 0.000000000000000000e+00 1.698767542504184565e+24
2.239315425375506748e+06 4.062491390287496324e+04 2.579119267693437934e+01 1.272884251430908398e+13 0.000000000000000000e+00 1.937651304114930915e+24
2.336676965609224513e+06 4.049925226425153960e+04 2.686300755931087281e+01 1.262485999122232812e+13 0.000000000000000000e+00 2.197456791817282371e+24
2.434038505842942279e+06 4.036790082193738635e+04 2.792853809147543132e+01 1.251700061381500586e+13 0.000000000000000000e+00 2.478962268222610465e+24
2.531400046076660044e+06 4.023139685565580294e+04 2.898752964669803589e+01 1.240533121550110352e+13 0.000000000000000000e+00 2.782924258637740169e+24
2.628761586310377810e+06 4.009014132666684600e+04 3.003972834484712706e+01 1.228992070044297070e+13 0.000000000000000000e+00 3.110077551064948293e+24
2.726123126544095576e+06 3.994291378576965508e+04 3.108488105238960486e+01 1.217084004355133203e+13 0.000000000000000000e+00 3.461135196201965085e+24
2.823484666777812876e+06 3.979123890944491723e+04 3.212273538239080040e+01 1.204816229048527734e+13 0.000000000000000000e+00 3.836788507441969408e+24
2.920846207011530641e+06 3.963377082820735814e+04 3.315303969451453980e+01 1.192196255765226562e+13 0.000000000000000000e+00 4.237707060873597324e+24
3.018207747245248407e+06 3.947162975784079754e+04 3.417554309502306609e+01 1.179231803220812891e+13 0.000000000000000000e+00 4.664538695280933508e+24
3.115569287478966173e+06 3.930399104005284607e+04 3.518999543677709596e+01 1.165930797205706641e+13 0.000000000000000000e+00 5.117909512143517151e+24
3.212930827712683938e+06 3.913157497856114787e+04 3.619614731923579143e+01 1.152301370585164258e+13 0.000000000000000000e+00 5.598423875636334982e+24
3.310292367946401704e+06 3.895368146248532867e+04 3.719375008845675978e+01 1.138351863299279883e+13 0.000000000000000000e+00 6.106664412629830931e+24
3.407653908180119470e+06 3.877119721737377404e+04 3.818255583709610335e+01 1.124090822362983789e+13 0.000000000000000000e+00 6.643192012689897540e+24
3.505015448413836770e+06 3.858298219918894756e+04 3.916231740440831288e+01 1.109527001866043945e+13 0.000000000000000000e+00 7.208545828077881331e+24
3.602376988647554535e+06 3.839038464294972073e+04 4.013278837624639550e+01 1.094669362973064453e+13 0.000000000000000000e+00 7.803243273750580658e+24
3.699738528881272301e+06 3.819210372336902947e+04 4.109372308506178229e+01 1.079527073923487109e+13 0.000000000000000000e+00 8.427780027360245709e+24
3.797100069114990067e+06 3.798908759660016221e+04 4.204487660990436382e+01 1.064109510031589844e+13 0.000000000000000000e+00 9.082630029254579576e+24
3.894461609348707832e+06 3.778132890358049190e+04 4.298600263639654173e+01 1.048426181555031250e+13 0.000000000000000000e+00 9.768232819812604010e+24
3.991823149582425598e+06 3.756792674331059970e+04 4.391685305858443655e+01 1.032486540120046289e+13 0.000000000000000000e+00 1.048496201125352207e+25
4.089184689816142898e+06 3.734992803553154226e+04 4.483719366583017063e+01 1.016300434524527734e+13 0.000000000000000000e+00 1.123320792345684285e+25
4.186546230049860664e+06 3.712726504732164904e+04 4.574679056209318162e+01 9.998778654318732422e+12 0.000000000000000000e+00 1.201333287591183601e+25
4.283907770283578895e+06 3.689891521016811021e+04 4.664540876745698483e+01 9.832289500552070312e+12 0.000000000000000000e+00 1.282566486857117975e+25
4.381269310517296195e+06 3.666585478031384991e+04 4.753281221812914481e+01 9.663639221573802734e+12 0.000000000000000000e+00 1.367049758185095644e+25
4.478630850751013495e+06 3.642804926003346918e+04 4.840876376644131085e+01 9.492931320509697266e+12 0.000000000000000000e+00 1.454809037663068063e+25
4.575992390984731726e+06 3.618544904211341054e+04 4.927302518084923122e+01 9.320270465982791016e+12 0.000000000000000000e+00 1.545866829425327962e+25
4.673353931218449026e+06 3.593757903646862542e+04 5.012535714593266789e+01 9.145762492113384766e+12 0.000000000000000000e+00 1.640242205652507422e+25
4.770715471452167258e+06 3.568471818699488358e+04 5.096551926239551733e+01 8.969514398519039062e+12 0.000000000000000000e+00 1.737950806571582809e+25
4.868077011685884558e+06 3.542703328720321588e+04 5.179327004706569682e+01 8.791634350314587891e+12 0.000000000000000000e+00 1.839004840455868979e+25
4.965438551919602789e+06 3.516449460229264514e+04 5.260836693289523680e+01 8.612231678112120117e+12 0.000000000000000000e+00 1.943413083625025286e+25
5.062800092153320089e+06 3.489707606751020649e+04 5.341056626896019566e+01 8.431416878020995117e+12 0.000000000000000000e+00 2.051180880445049146e+25
5.160161632387037389e+06 3.462475771476358932e+04 5.419962332046074494e+01 8.249301611647833008e+12 0.000000000000000000e+00 2.162310143328282476e+25
5.257523172620755620e+06 3.434752686664283829e+04 5.497529226872111963e+01 8.065998706096517578e+12 0.000000000000000000e+00 2.276799352733407828e+25
5.354884712854472920e+06 3.406537416927493177e+04 5.573732621118960395e+01 7.881622153968201172e+12 0.000000000000000000e+00 2.394643557165446672e+25
5.452246253088191152e+06 3.377829830199197022e+04 5.648547716143858111e+01 7.696287113361294922e+12 0.000000000000000000e+00 2.515834373175766267e+25
5.549607793321908452e+06 3.348630248719104566e+04 5.721950239647275538e+01 7.510107784017865234e+12 0.000000000000000000e+00 2.640357011483766081e+25
5.646969333555625752e+06 3.318939284358907025e+04 5.793917715591945239e+01 7.323198126706734375e+12 0.000000000000000000e+00 2.768193602063860111e+25
5.744330873789343983e+06 3.288758608146400366e+04 5.864427533885380939e+01 7.135674907394173828e+12 0.000000000000000000e+00 2.899326215589961427e+25
5.841692414023061283e+06 3.258090543356531271e+04 5.933456620195718045e+01 6.947655278280701172e+12 0.000000000000000000e+00 3.033731970104491798e+25
5.939053954256779514e+06 3.226934896050066891e+04 6.000981436882445763e+01 6.759256768725004883e+12 0.000000000000000000e+00 3.171383015692078660e+25
6.036415494490496814e+06 3.195231290921771870e+04 6.066977982996402119e+01 6.570597285243960938e+12 0.000000000000000000e+00 3.312246534479544807e+25
6.133777034724215046e+06 3.163041709771443857e+04 6.131421794279780357e+01 6.381795111512617188e+12 0.000000000000000000e+00 3.456284740635919986e+25
6.231138574957932346e+06 3.130371433503435765e+04 6.194287943166121835e+01 6.192968908364208008e+12 0.000000000000000000e+00 3.603454880372428017e+25
6.328500115191649646e+06 3.097180779065207753e+04 6.255551038780323125e+01 6.004237713790141602e+12 0.000000000000000000e+00 3.753709231942498812e+25
6.425861655425367877e+06 3.063456024643326964e+04 6.315185226938630336e+01 5.815720942940007812e+12 0.000000000000000000e+00 3.906995105641761940e+25
6.523223195659085177e+06 3.029261829927733561e+04 6.373164190148641239e+01 5.627538388121579102e+12 0.000000000000000000e+00 4.063254843808044043e+25
6.620584735892803408e+06 2.994481129423425955e+04 6.429461147609306693e+01 5.439810218800800781e+12 0.000000000000000000e+00 4.222425820821378720e+25
6.717946276126520708e+06 2.959230962437536800e+04 6.484048855210926376e+01 5.252656981601804688e+12 0.000000000000000000e+00 4.384440443103993638e+25
6.815307816360238940e+06 2.923384459413187142e+04 6.536899605535155899e+01 5.066199600306896484e+12 0.000000000000000000e+00 4.549226149120323419e+25
6.912669356593956240e+06 2.887038794484538084e+04 6.587985227854997561e+01 4.880559375856566406e+12 0.000000000000000000e+00 4.716705409376996757e+25
7.010030896827673540e+06 2.850120928519072186e+04 6.637277088134810299e+01 4.695857986349480469e+12 0.000000000000000000e+00 4.886795726422850156e+25
7.107392437061391771e+06 1.572770909933238363e+04 6.674752932082617463e+01 4.520197060057458984e+12 0.000000000000000000e+00 5.051846019003893393e+25
7.204753977295109071e+06 1.558967446924283286e+04 6.621725463406387746e+01 4.418837540011035156e+12 0.000000000000000000e+00 5.149959328305910340e+25
7.302115517528827302e+06 1.545244883485858372e+04 6.571389225151695257e+01 4.319149898472828613e+12 0.000000000000000000e+00 5.249874379549183256e+25
7.399477057762544602e+06 1.531596839450268089e+04 6.523580751113281906e+01 4.221075726615641602e+12 0.000000000000000000e+00 5.351585190678366925e+25
7.496838597996261902e+06 1.518017480972461635e+04 6.478147028517842898e+01 4.124561487905980469e+12 0.000000000000000000e+00 5.455084237656633083e+25
7.594200138229980133e+06 1.504501164674737811e+04 6.434944153529647792e+01 4.029556675357025391e+12 0.000000000000000000e+00 5.560363298017614948e+25
7.691561678463697433e+06 1.491042573826858279e+04 6.393836323489642126e+01 3.936014186801528809e+12 0.000000000000000000e+00 5.667412929673848862e+25
7.788923218697415665e+06 1.477636555488755403e+04 6.354695836915437468e+01 3.843890324891806152e+12 0.000000000000000000e+00 5.776222470916782017e+25
7.886284758931132965e+06 1.464278388602613268e+04 6.317402942680365641e+01 3.753144706678978027e+12 0.000000000000000000e+00 5.886780076251290927e+25
7.983646299164851196e+06 1.450963109604025158e+04 6.281840502979049745e+01 3.663736555797427734e+12 0.000000000000000000e+00 5.999074474996943591e+25
8.081007839398568496e+06 1.437686503498168531e+04 6.247904889027881836e+01 3.575630568686994629e+12 0.000000000000000000e+00 6.113092942343068590e+25
8.178369379632285796e+06 1.424444724478048738e+04 6.215500871674696981e+01 3.488795490547924805e+12 0.000000000000000000e+00 6.228820813734846087e+25
8.275730919866004027e+06 1.411234108171347543e+04 6.184536840319699991e+01 3.403201553842555664e+12 0.000000000000000000e+00 6.346242314192583719e+25
8.373092460099721327e+06 1.398051181215407996e+04 6.154924802915468973e+01 3.318820478295319336e+12 0.000000000000000000e+00 6.465340558311710578e+25
8.470454000333439559e+06 1.384891644017802537e+04 6.126580385966952491e+01 3.235625470892737305e+12 0.000000000000000000e+00 6.586097550262784950e+25
8.567815540567157790e+06 1.371738219684199430e+04 6.099422834531470272e+01 3.153591225883426270e+12 0.000000000000000000e+00 6.708494183791486576e+25
8.665177080800874159e+06 1.358601123352888317e+04 6.073375012218713920e+01 3.072693924778095703e+12 0.000000000000000000e+00 6.832510242218620955e+25
8.762538621034592390e+06 1.345477157486106080e+04 6.048363401190746202e+01 2.992911236349542480e+12 0.000000000000000000e+00 6.958124398440123630e+25
8.859900161268310621e+06 1.332363664580454861e+04 6.024318102162001054e+01 2.914222316632661621e+12 0.000000000000000000e+00 7.085314214927049029e+25
8.957261701502026990e+06 1.319257953044403803e+04 6.001172834399285705e+01 2.836607808924439453e+12 0.000000000000000000e+00 7.214056143725576476e+25
9.054623241735745221e+06 1.306157563511464105e+04 5.978864935721774287e+01 2.760049843783950684e+12 0.000000000000000000e+00 7.344325526457019635e+25
9.151984781969463453e+06 1.293046060230541116e+04 5.957335362501017073e+01 2.684532039032366699e+12 0.000000000000000000e+00 7.476096594317808478e+25
9.249346322203181684e+06 1.279922414586874947e+04 5.936528689660933367e+01 2.610039499752949707e+12 0.000000000000000000e+00 7.609342468079498729e+25
9.346707862436898053e+06 1.266796481753267290e+04 5.916393110677815059e+01 2.536558818291056152e+12 0.000000000000000000e+00 7.744035158088771867e+25
9.444069402670616284e+06 1.253666597243214346e+04 5.896880437580323786e+01 2.464078074254130371e+12 0.000000000000000000e+00 7.880145564267442856e+25
9.541430942904334515e+06 1.240517984965763753e+04 5.877946100949493768e+01 2.392586834511712891e+12 0.000000000000000000e+00 8.017643476112437810e+25
9.638792483138050884e+06 1.227341519565511771e+04 5.859548612299800396e+01 2.322075975324243652e+12 0.000000000000000000e+00 8.156497441692032112e+25
9.736154023371769115e+06 1.214155870840007810e+04 5.841638948018803745e+01 2.252534172540961426e+12 0.000000000000000000e+00 8.296672368879556447e+25
9.833515563605487347e+06 1.200951030413381886e+04 5.824173145740562774e+01 2.183952039439379883e+12 0.000000000000000000e+00 8.438132868700084260e+25
9.930877103839205578e+06 1.187702481188953971e+04 5.807111804534951460e+01 2.116321915718802490e+12 0.000000000000000000e+00 8.580842765594140137e+25
1.002823864407292195e+07 1.174440537820866302e+04 5.790416663526646346e+01 2.049636731316701172e+12 0.000000000000000000e+00 8.724764203756735181e+25
1.012560018430664018e+07 1.161137477995942390e+04 5.774050601895121559e+01 1.983890006408713135e+12 0.000000000000000000e+00 8.869857647137375607e+25
1.022296172454035841e+07 1.147799904432973563e+04 5.757977638874653081e+01 1.919075851408648193e+12 0.000000000000000000e+00 9.016081879440042122e+25
1.032032326477407478e+07 1.134429500645273583e+04 5.742162933754315191e+01 1.855188966968483887e+12 0.000000000000000000e+00 9.163394004123201958e+25
1.041768480500779301e+07 1.121008158580200688e+04 5.726572785877982597e+01 1.792224643978363770e+12 0.000000000000000000e+00 9.311749444399819170e+25
1.051504634524151124e+07 1.107549883547918216e+04 5.711174634644331150e+01 1.730178763566603027e+12 0.000000000000000000e+00 9.461101943237332310e+25
1.061240788547522761e+07 1.094037862240272261e+04 5.695937059506834999e+01 1.669047797099684326e+12 0.000000000000000000e+00 9.611403563357668169e+25
1.070976942570894584e+07 1.080473410529669127e+04 5.680829779973768723e+01 1.608828806182257324e+12 0.000000000000000000e+00 9.762604687237248647e+25
1.080713096594266407e+07 1.066865623680673161e+04 5.665823655608208043e+01 1.549519442657142090e+12 0.000000000000000000e+00 9.914654017106970138e+25
1.090449250617638230e+07 1.053178213072813924e+04 5.650890686028026266e+01 1.491117948605327148e+12 0.000000000000000000e+00 1.006749857495222071e+26
1.100185404641009867e+07 1.039437696215926189e+04 5.636004010905898554e+01 1.433623156345969727e+12 0.000000000000000000e+00 1.022108370251287152e+26
1.109921558664381690e+07 1.025636909220516100e+04 5.621137909969299074e+01 1.377034488436393066e+12 0.000000000000000000e+00 1.037535306128328368e+26
1.119657712687753513e+07 1.011758498569816220e+04 5.606267803000501715e+01 1.321351957672091797e+12 0.000000000000000000e+00 1.053024863251230309e+26
1.129393866711125150e+07 9.978002571615110355e+03 5.591370249836582218e+01 1.266576167086729248e+12 0.000000000000000000e+00 1.068571071720325704e+26
1.139130020734496973e+07 9.837649876578590920e+03 5.576419956441153403e+01 1.212707850749481201e+12 0.000000000000000000e+00 1.084167387664867088e+26
1.148866174757868797e+07 9.696460975338864955e+03 5.561391060418507237e+01 1.159747596090232666e+12 0.000000000000000000e+00 1.099807069905933642e+26
1.158602328781240620e+07 9.554380337618862541e+03 5.546260465074742996e+01 1.107696631280749023e+12 0.000000000000000000e+00 1.115483508249725413e+26
1.168338482804612257e+07 9.411344961369646626e+03 5.531005118878308480e+01 1.056556676836823120e+12 0.000000000000000000e+00 1.131189737875701636e+26
1.178074636827984080e+07 9.267309001790927141e+03 5.515602014493261152e+01 1.006329945513425903e+12 0.000000000000000000e+00 1.146918439186755267e+26
1.187810790851355903e+07 9.122224606821459020e+03 5.500028188779271687e+01 9.570191423047124023e+11 0.000000000000000000e+00 1.162661937809211265e+26
1.197546944874727540e+07 8.975928792829581653e+03 5.484260722791619003e+01 9.086274644440183105e+11 0.000000000000000000e+00 1.178412204592827453e+26
1.207283098898099363e+07 8.828392152295924461e+03 5.468276741781192385e+01 8.611586014038574219e+11 0.000000000000000000e+00 1.194160855610794858e+26
1.217019252921471186e+07 8.679662552654655883e+03 5.452053415194494335e+01 8.146167348959273682e+11 0.000000000000000000e+00 1.209899152159737197e+26
1.226755406944843009e+07 8.529433748068073328e+03 5.435567956673636303e+01 7.690065388711058350e+11 0.000000000000000000e+00 1.225618000759710880e+26
1.236491560968214646e+07 8.377865473396868765e+03 5.418797624056339401e+01 7.243331795194519043e+11 0.000000000000000000e+00 1.241307953154204833e+26
1.246227714991586469e+07 8.224567525087204558e+03 5.401719719375936535e+01 6.806023152702033691e+11 0.000000000000000000e+00 1.256959206310141875e+26
1.255963869014958292e+07 8.069630253196107333e+03 5.384311588861371689e+01 6.378200967917813721e+11 0.000000000000000000e+00 1.272561602417876659e+26
1.265700023038329929e+07 7.912885896643010710e+03 5.366550622937199222e+01 5.959931669917879639e+11 0.000000000000000000e+00 1.288104628891196698e+26
1.275436177061701752e+07 7.754179983484412332e+03 5.348414255958871877e+01 5.551286610794973145e+11 0.000000000000000000e+00 1.303577418286549324e+26
1.285172331085073575e+07 7.593376664213000367e+03 5.329877451197830851e+01 5.152346846964421387e+11 0.000000000000000000e+00 1.318968010489332010e+26
1.294908485108445399e+07 7.430245886824235640e+03 5.310913951372150876e+01 4.763198140877971802e+11 0.000000000000000000e+00 1.334263784244743741e+26
1.304644639131817035e+07 7.264615505438725449e+03 5.291497858922890885e+01 4.383932935115240479e+11 0.000000000000000000e+00 1.349451788948237967e+26
1.314380793155188859e+07 7.096224185986037810e+03 5.271601425380531936e+01 4.014656999314877930e+11 0.000000000000000000e+00 1.364518032909065067e+26
1.324116947178560682e+07 6.924856484038136841e+03 5.251195051364977218e+01 3.655489430174615479e+11 0.000000000000000000e+00 1.379447483350270462e+26
1.333853101201932319e+07 6.750203851400267013e+03 5.230247286585550626e+01 3.306562651451239014e+11 0.000000000000000000e+00 1.394224066408695298e+26
1.343589255225304142e+07 6.571813913804335243e+03 5.208724829840995341e+01 2.968022413960572510e+11 0.000000000000000000e+00 1.408830667134977137e+26
1.353325409248675965e+07 6.389352763050103022e+03 5.186592528592561990e+01 2.640027797901866150e+11 0.000000000000000000e+00 1.423249129322955054e+26
1.363061563272047788e+07 6.202233834794145878e+03 5.163811489679022770e+01 2.322760704401040649e+11 0.000000000000000000e+00 1.437459511315646209e+26
1.372797717295419425e+07 6.009866777833003653e+03 5.140339576622034912e+01 2.016421381226533813e+11 0.000000000000000000e+00 1.451440360164090387e+26
1.382533871318791248e+07 5.811444734529435664e+03 5.116128963091585291e+01 1.721244984331499939e+11 0.000000000000000000e+00 1.465167778665617344e+26
1.392270025342163071e+07 5.605981132542337946e+03 5.091123492653283478e+01 1.437516828121691895e+11 0.000000000000000000e+00 1.478614370823210973e+26
1.402006179365534708e+07 5.392169116650393335e+03 5.065258678768361023e+01 1.165572385455446777e+11 0.000000000000000000e+00 1.491749241845511189e+26
1.411742333388906531e+07 5.168292787884271092e+03 5.038461690661264925e+01 9.057973653039599609e+10 0.000000000000000000e+00 1.504537993202745142e+26
1.421478487412278354e+07 4.931929042561559982e+03 5.010644564902541021e+01 6.586651577795354462e+10 0.000000000000000000e+00 1.516940340739012185e+26
1.431214641435650177e+07 4.679544838179226645e+03 4.981693615706728906e+01 4.247979465564649963e+10 0.000000000000000000e+00 1.528906326097480510e+26
1.440950795459021814e+07 4.405622401347516643e+03 4.951461143707379620e+01 2.050165328063225555e+10 0.000000000000000000e+00 1.540373355787430289e+26
1.450686949482393637e+07 4.100497944336673754e+03 4.919746058882572726e+01 4.508875648966979980e+07 0.000000000000000000e+00 1.551259363336870979e+26
