# Radius (m)	Density (kg/m^3)	Gravity (m/s^2)	Pressure (Pa)	Temperature (K)	Mass Enclosed (kg)
0.000000000000000000e+00 2.836166308418674089e+04 0.000000000000000000e+00 4.627355148425791016e+12 2.741870483378098438e+14 0.000000000000000000e+00
7.622185213043387921e+04 2.836033284778363304e+04 6.044046118832564485e-01 4.626701808059893555e+12 2.705082497174411562e+14 5.261155832657321165e+19
1.524437042608677584e+05 2.835634273703915096e+04 1.208707194284029507e+00 4.624742080895843750e+12 2.683675722504406562e+14 4.208538049896421786e+20
2.286655563913016231e+05 2.834969454835757642e+04 1.812805578132411277e+00 4.621476849230528320e+12 2.641378490915074688e+14 1.420191363414219031e+21
3.048874085217355168e+05 2.834039127882991670e+04 2.416598524415189075e+00 4.616907585073381836e+12 2.579202365022721875e+14 3.365720554880343998e+21
3.811092606521694106e+05 2.832843711217328382e+04 3.019983370996280669e+00 4.611036343240567383e+12 2.498613222205502188e+14 6.571946847746922643e+21
4.573311127826032462e+05 2.831383744121968630e+04 3.622858267314235547e+00 4.603865772400273438e+12 2.401472860792663438e+14 1.135263493676720980e+22
5.335529649130371399e+05 2.829659877812734339e+04 4.225123432153226055e+00 4.595399070973338867e+12 2.289966366462336250e+14 1.802110717216907120e+22
6.097748170434710337e+05 2.827672884265243192e+04 4.826677808397967340e+00 4.585640030487580078e+12 2.166519282643517812e+14 2.688932658961456510e+22
6.859966691739049274e+05 2.825423657615339471e+04 5.427418797474189205e+00 4.574593042455950195e+12 2.033709101310509688e+14 3.826778582987760363e+22
7.622185213043388212e+05 2.822891500222697505e+04 6.027242259348634335e+00 4.562263098376532227e+12 1.894175755830761562e+14 5.246550713884393184e+22
8.384403734347727150e+05 2.820086696990843484e+04 6.626042512529062734e+00 4.548655789732547852e+12 1.750535493863859375e+14 6.979004236751112765e+22
9.146622255652064923e+05 2.817019871625498126e+04 7.223713235685692347e+00 4.533777298853213867e+12 1.605300453499164688e+14 9.054730745455271372e+22
9.908840776956403861e+05 2.813692386756536871e+04 7.820163717253371338e+00 4.517634236443012695e+12 1.460809139406786250e+14 1.150393441641525454e+23
1.067105929826074280e+06 2.810105742881724291e+04 8.415294312227546314e+00 4.500233882062938477e+12 1.319170020331702812e+14 1.435692097387023355e+23
1.143327781956508290e+06 2.806261567853409360e+04 9.008999644466939571e+00 4.481584133125929688e+12 1.182219369244208750e+14 1.764380675459980020e+23
1.219549634086942067e+06 2.802148464832227182e+04 9.601174884969571721e+00 4.461693439349184570e+12 1.051493835751436875e+14 2.139437233223294926e+23
1.295771486217375845e+06 2.797740600996411376e+04 1.019171575187276524e+01 4.440570802754153320e+12 9.282176796715745312e+13 2.563806251724813055e+23
1.371993338347809855e+06 2.793077649591128284e+04 1.078051851045314535e+01 4.418225777666542969e+12 8.133027377893570312e+13 3.040398635697319182e+23
1.448215190478243632e+06 2.788161719664106568e+04 1.136747997312663117e+01 4.394668470716316895e+12 7.073589181814515625e+13 3.572091713558540399e+23
1.524437042608677642e+06 2.782995035517717042e+04 1.195249749944844275e+01 4.369909540837693359e+12 6.107167302856219531e+13 4.161729237411150137e+23
1.600658894739111420e+06 2.777524988155748724e+04 1.253546899611310650e+01 4.343960199269146484e+12 5.234569449884679688e+13 4.812121383042756085e+23
1.676880746869545430e+06 2.771793608815136395e+04 1.311629291695444266e+01 4.316832209553406250e+12 4.454450935155982031e+13 5.526044749925919658e+23
1.753102598999979207e+06 2.765815816344774066e+04 1.369486826294557424e+01 4.288537887537458984e+12 3.763667799662711719e+13 6.306242361218133173e+23
1.829324451130412985e+06 2.759576714321192412e+04 1.427109458219892346e+01 4.259090101372545410e+12 3.157658338961396094e+13 7.155423663761836632e+23
1.905546303260846995e+06 2.753034008003204508e+04 1.484487196996621527e+01 4.228502271514162598e+12 2.630815454436614062e+13 8.076264528084416374e+23
1.981768155391280772e+06 2.746250435689810547e+04 1.541610102884630784e+01 4.196788368173634766e+12 2.176825663131807031e+13 9.071406566647087308e+23
2.057990007521714782e+06 2.739216384052744252e+04 1.598467302916816912e+01 4.163962352553620605e+12 1.788965532622283984e+13 1.014330659111697744e+24
2.134211859652148560e+06 2.731869888685538899e+04 1.655048080478101369e+01 4.130039038596492676e+12 1.460373639355710352e+13 1.129446153003682356e+24
2.210433711782582570e+06 2.724289180019070045e+04 1.711342410084137811e+01 4.095034216942604004e+12 1.184269792813788867e+13 1.252743975556281048e+24
2.286655563913016580e+06 2.716437699474496912e+04 1.767340223248544362e+01 4.058964127481215332e+12 9.541202847236082031e+12 1.384474018949048889e+24
2.362877416043450125e+06 2.708298965492989373e+04 1.823031408482907523e+01 4.021845459350494141e+12 7.637731237523622070e+12 1.524879230325477803e+24
2.439099268173884135e+06 2.699934075280726393e+04 1.878405811296779149e+01 3.983695350937513672e+12 6.075456084131996094e+12 1.674195611792999522e+24
2.515321120304318145e+06 2.691246929211168026e+04 1.933453234197678228e+01 3.944531389878255371e+12 4.802768860688776367e+12 1.832652220422980354e+24
2.591542972434751689e+06 2.682331537893169298e+04 1.988163436691089458e+01 3.904371613057607422e+12 3.773553431087248535e+12 2.000471168250725204e+24
2.667764824565185700e+06 2.673123535925674150e+04 2.042526135280464672e+01 3.863234506609363281e+12 2.947154988773955078e+12 2.177867622275477313e+24
2.743986676695619710e+06 2.663661417679089209e+04 2.096531003467222121e+01 3.821139005916225586e+12 2.288225479474578125e+12 2.365049804460416372e+24
2.820208528826053720e+06 2.653921334800525074e+04 2.150167671750746834e+01 3.778104495609802734e+12 1.766397898006354004e+12 2.562218991732657989e+24
2.896430380956487264e+06 2.643917939964452671e+04 2.203425727628388842e+01 3.734150809570609863e+12 1.355889111528599609e+12 2.769569515983257446e+24
2.972652233086921275e+06 2.633635542686190456e+04 2.256294715595466371e+01 3.689298230928068848e+12 1.035044030708506714e+12 2.987288764067207551e+24
3.048874085217355285e+06 2.623097077102427647e+04 2.308764137145263362e+01 3.643567492060508789e+12 7.858632458655660400e+11 3.215557177803436494e+24
3.125095937347788829e+06 2.612263427269658860e+04 2.360823450769029819e+01 3.596979774595166504e+12 5.935318311493591309e+11 3.454548253974809987e+24
3.201317789478222840e+06 2.601197903180409776e+04 2.412462071955983589e+01 3.549556709408183594e+12 4.459714036446532593e+11 3.704428544328133958e+24
3.277539641608656850e+06 2.589805187439193833e+04 2.463669373193307877e+01 3.501320376624610352e+12 3.334212330932033081e+11 3.965357655574150247e+24
3.353761493739090860e+06 2.578176645711937454e+04 2.514434683966152662e+01 3.452293305618403320e+12 2.480635557652139587e+11 4.237488249387535540e+24
3.429983345869524404e+06 2.566263483568473748e+04 2.564747290757633635e+01 3.402498475012426270e+12 1.836858372128324280e+11 4.520966042406906193e+24
3.506205197999958415e+06 2.554062288498684211e+04 2.614596437048835043e+01 3.351959312678448242e+12 1.353919594922336731e+11 4.815929806234818240e+24
3.582427050130392425e+06 2.541611704119593924e+04 2.663971323318805418e+01 3.300699695737147949e+12 9.935216352492089844e+10 5.122511367437762018e+24
3.658648902260825969e+06 2.528865894954095711e+04 2.712861107044560072e+01 3.248743950558108887e+12 7.259252787338299561e+10 5.440835607546161097e+24
3.734870754391259979e+06 2.515832039672655810e+04 2.761254902701082869e+01 3.196116852759821289e+12 5.282040932284453583e+10 5.771020463054389458e+24
3.811092606521693990e+06 2.502536954395726571e+04 2.809141781761321610e+01 3.142843627209684082e+12 3.828008480349072266e+10 6.113176925420744650e+24
3.887314458652128000e+06 2.488975121564726942e+04 2.856510586012780806e+01 3.088949648095266113e+12 2.763575349727692032e+10 6.467389747310559186e+24
3.963536310782561544e+06 2.475093965394372935e+04 2.903350418705293023e+01 3.034460637735022949e+12 1.987762123345154572e+10 6.833733956008288025e+24
4.039758162912995555e+06 2.460937081752238737e+04 2.949650598015988123e+01 2.979402940691819336e+12 1.424695827663907242e+10 7.212292395445023307e+24
4.115980015043429565e+06 2.446503624585300349e+04 2.995400278759345269e+01 2.923803236009153320e+12 1.017687022911688995e+10 7.603135909876858838e+24
4.192201867173863575e+06 2.431788886479112261e+04 3.040588452378446505e+01 2.867688537202000488e+12 7.246209347521325111e+09 8.006323343272790672e+24
4.268423719304297119e+06 2.416788587854832804e+04 3.085203946944976394e+01 2.811086192256813965e+12 5.143791466081822395e+09 8.421901539314710675e+24
4.344645571434730664e+06 2.401498134918655705e+04 3.129235427159223804e+01 2.754023883631526367e+12 3.640860416751443863e+09 8.849905341397417257e+24
4.420867423565165140e+06 2.385896366445140666e+04 3.172671394350081187e+01 2.696529628255546387e+12 2.570079308557193756e+09 9.290357592628610009e+24
4.497089275695598684e+06 2.370001899630335538e+04 3.215500186475041744e+01 2.638631777529764648e+12 1.809614209568008184e+09 9.743269135828874663e+24
4.573311127826033160e+06 2.353811765243816626e+04 3.257709978120203687e+01 2.580359017326545898e+12 1.271153072590568304e+09 1.020863881353171424e+25
4.649532979956466705e+06 2.337322978160595812e+04 3.299288780500268103e+01 2.521740367989737305e+12 8.909599731274732351e+08 1.068645346798351683e+25
4.725754832086900249e+06 2.320532079715227883e+04 3.340224441458538962e+01 2.462805184334661621e+12 6.232238199835246801e+08 1.117668794114357921e+25
4.801976684217334725e+06 2.303436687430871098e+04 3.380504645466924529e+01 2.403583155648119629e+12 4.351443258209320307e+08 1.167930507468410472e+25
4.878198536347768269e+06 2.286033811185046216e+04 3.420116913625933819e+01 2.344104305688392578e+12 3.033226223145524859e+08 1.219425570999017318e+25
4.954420388478201814e+06 2.268298120498216304e+04 3.459048603664680144e+01 2.284398992685237305e+12 2.111243551829483509e+08 1.272147868815978810e+25
5.030642240608636290e+06 2.250245624896135996e+04 3.497286909940882538e+01 2.224497909339891602e+12 1.467626095668655932e+08 1.326090085000384886e+25
5.106864092739069834e+06 2.231874669932731194e+04 3.534818863440857939e+01 2.164432082825069824e+12 1.019102218156677485e+08 1.381243703604613986e+25
5.183085944869503379e+06 2.213184532159869559e+04 3.571631331779531848e+01 2.104232874784965332e+12 7.070130672023944557e+07 1.437599008652335851e+25
5.259307796999937855e+06 2.194174365295503958e+04 3.607710872796001667e+01 2.043932086216765137e+12 4.901479980751845241e+07 1.495144599227020585e+25
5.335529649130371399e+06 2.174795822575034254e+04 3.643043533267150025e+01 1.983562025362737549e+12 3.396260424604897946e+07 1.553866529150755166e+25
5.411751501260805875e+06 2.155082241446103944e+04 3.677615326559774900e+01 1.923155079839132568e+12 2.352529023832869902e+07 1.613750051440707281e+25
5.487973353391239420e+06 2.135043849929162752e+04 3.711411872439479254e+01 1.862743997358563477e+12 1.629351781747164205e+07 1.674778716756157230e+25
5.564195205521672964e+06 2.114605557723255333e+04 3.744418374897192336e+01 1.802361902775117676e+12 1.128565182784430124e+07 1.736934307051501418e+25
5.640417057652107440e+06 2.093836201517234440e+04 3.776619622149168976e+01 1.742042298084356445e+12 7.819150177376209758e+06 1.800196835576250860e+25
5.716638909782540984e+06 2.072666142331268929e+04 3.807999986636984602e+01 1.681819062423321045e+12 5.420028262961172499e+06 1.864544546875028598e+25
5.792860761912974529e+06 1.085260124923703552e+04 3.821218728251172081e+01 1.629695840406116943e+12 3.871326315816826653e+06 1.921243343071172244e+25
5.869082614043409005e+06 1.078062995905675052e+04 3.790867678107913008e+01 1.598316085066921631e+12 3.105830410481704865e+06 1.956470792804642853e+25
5.945304466173842549e+06 1.070969168337501469e+04 3.762108614918447813e+01 1.567384584161968262e+12 2.569788432433604263e+06 1.992387615742897506e+25
6.021526318304276094e+06 1.063904866137860154e+04 3.734851954686463671e+01 1.536884604572942627e+12 2.131963442563465796e+06 2.028994628026476891e+25
6.097748170434710570e+06 1.056867163449262262e+04 3.709013415666490943e+01 1.506800836592028809e+12 1.773296446311721578e+06 2.066292015264015342e+25
6.173970022565144114e+06 1.049852913137865471e+04 3.684513630332048706e+01 1.477118761530370361e+12 1.478639182068401715e+06 2.104279844212692481e+25
6.250191874695577659e+06 1.042852314649878826e+04 3.661277867697461375e+01 1.447824660680193848e+12 1.235904910905724159e+06 2.142958022741091828e+25
6.326413726826012135e+06 1.035864843697645483e+04 3.639236033317854435e+01 1.418905615314810547e+12 1.035416992522993707e+06 2.182326299829201228e+25
6.402635578956445679e+06 1.028893591728200772e+04 3.618322549102591523e+01 1.390349495586965332e+12 8.694015871693756199e+05 2.222384253950906851e+25
6.478857431086880155e+06 1.021935672302176681e+04 3.598473030368630532e+01 1.362144785582805908e+12 7.315934208188616903e+05 2.263130854299883406e+25
6.555079283217313699e+06 1.014988747554446309e+04 3.579629409657277250e+01 1.334281240489230713e+12 6.169281940345476614e+05 2.304564788780076842e+25
6.631301135347747244e+06 1.008050604308539914e+04 3.561737833813089793e+01 1.306749338981724609e+12 5.213003102360888734e+05 2.346684570787834102e+25
6.707522987478181720e+06 1.001119047075747221e+04 3.544746593402040702e+01 1.279540029004353271e+12 4.413718743384833797e+05 2.389488394687758991e+25
6.783744839608615264e+06 9.941918873508835532e+03 3.528606122711514814e+01 1.252644727769763184e+12 3.744216985811931081e+05 2.432974135812709175e+25
6.859966691739048809e+06 9.872666723167185410e+03 3.513268999750310684e+01 1.226055321759180420e+12 3.182254843173723784e+05 2.477139350463799613e+25
6.936188543869483285e+06 9.803417787722013600e+03 3.498689946248640581e+01 1.199764166722411377e+12 2.709604281767362845e+05 2.521981275910401703e+25
7.012410395999916829e+06 9.734145950151738361e+03 3.484825827658130493e+01 1.173764087677843262e+12 2.311290274155858788e+05 2.567496830390141560e+25
7.088632248130350374e+06 9.664837424642577389e+03 3.471635653151818701e+01 1.148048378912443115e+12 1.974980822784832562e+05 2.613682613108901304e+25
7.164854100260784850e+06 9.595453706642536417e+03 3.459080575624157206e+01 1.122610803981758057e+12 1.690496745836042683e+05 2.660534904240821211e+25
7.241075952391218394e+06 9.525998172952426103e+03 3.447123891691012432e+01 1.097445595709916504e+12 1.449417085222994792e+05 2.708049664928293268e+25
7.317297804521651939e+06 9.456460984190316594e+03 3.435731041689661680e+01 1.072547456189626221e+12 1.244759691042449995e+05 2.756222537281969764e+25
7.393519656652086414e+06 9.386822861990909587e+03 3.424869609678798810e+01 1.047911556782175171e+12 1.070723285217117955e+05 2.805048844380756845e+25
7.469741508782519959e+06 9.317074387100999957e+03 3.414509323438528554e+01 1.023533538117432739e+12 9.224779918675415684e+04 2.854523590271815808e+25
7.545963360912954435e+06 9.247176085291041090e+03 3.404621744376856185e+01 9.994094433589261475e+11 7.959946609501860803e+04 2.904641448004632166e+25
7.622185213043387979e+06 9.177115181398417917e+03 3.395176232134660665e+01 9.755348665487812500e+11 6.879057855301530799e+04 2.955396623347890280e+25
7.698407065173821524e+06 9.106885984338161506e+03 3.386145611716674608e+01 9.519062052303883057e+11 5.953914257772637211e+04 3.006783068364464255e+25
7.774628917304256000e+06 9.036476464455528912e+03 3.377504739383409316e+01 9.285203353245646973e+11 5.160857555342032720e+04 3.058794357833788520e+25
7.850850769434689544e+06 8.965874276389182342e+03 3.369229226501494878e+01 9.053743332757719727e+11 4.480004282345483080e+04 3.111423632640547164e+25
7.927072621565123089e+06 8.895067701325411690e+03 3.361295439543680175e+01 8.824654760521146240e+11 3.894614750452510634e+04 3.164663599774674360e+25
8.003294473695557564e+06 8.824045959125793161e+03 3.353680500088830740e+01 8.597912411453405762e+11 3.390572256803137861e+04 3.218506532331355233e+25
8.079516325825991109e+06 8.752798519211086386e+03 3.346362284821931610e+01 8.373493065708417969e+11 2.955952499029154205e+04 3.272944269511022418e+25
8.155738177956424654e+06 8.681315620615365333e+03 3.339319425534084473e+01 8.151375508676536865e+11 2.580666915776244059e+04 3.327968216619360782e+25
8.231960030086859129e+06 8.609541891312317603e+03 3.332531309122509100e+01 7.931540530984544678e+11 2.256166946755586468e+04 3.383569345067304856e+25
8.308181882217292674e+06 8.537413947100863879e+03 3.325978077590545468e+01 7.713970928495670166e+11 1.975198736574312352e+04 3.439738192371036250e+25
8.384403734347727150e+06 8.465014233326481190e+03 3.319640628047649500e+01 7.498651502309567871e+11 1.731597142963176520e+04 3.496464862151990527e+25
8.460625586478160694e+06 8.392335584658210792e+03 3.313500612709395909e+01 7.285569058762338867e+11 1.520112566966813574e+04 3.553739024136849045e+25
8.536847438608594239e+06 8.319352244531812175e+03 3.307540438897476776e+01 7.074712409426506348e+11 1.336269820958982018e+04 3.611549914157546255e+25
8.613069290739027783e+06 8.245897914298844626e+03 3.301743269039702966e+01 6.866072371111036377e+11 1.176249535678858228e+04 3.669886334151264980e+25
8.689291142869461328e+06 8.172138534916816752e+03 3.296093020670003426e+01 6.659641765861330566e+11 1.036788007078086412e+04 3.728736652160437271e+25
8.765512994999896735e+06 8.098065374565003367e+03 3.290574366428425179e+01 6.455415420959219971e+11 9.150898604186442753e+03 3.788088802332748274e+25
8.841734847130330279e+06 8.023443734401948859e+03 3.285172734061131905e+01 6.253390168922983398e+11 8.087593246585144698e+03 3.847930284921127639e+25
8.917956699260763824e+06 7.948499342171028729e+03 3.279874306420408203e+01 6.053564847507322998e+11 7.157415305732031811e+03 3.908248166283758542e+25
8.994178551391197369e+06 7.873084797570681985e+03 3.274665846031909666e+01 5.855940132199317627e+11 6.342693993222450445e+03 3.969028940878837496e+25
9.070400403521630913e+06 7.797211860225977944e+03 3.269531851219636565e+01 5.660515240309732666e+11 5.628229900483005622e+03 4.030256664665544777e+25
9.146622255652066320e+06 7.720874816859152816e+03 3.264458569584242298e+01 5.467290962015663452e+11 5.000929217107995100e+03 4.091916607905482639e+25
9.222844107782499865e+06 7.644026451329940755e+03 3.259433369551258153e+01 5.276270162957085571e+11 4.449497570394706599e+03 4.153994038311928983e+25
9.299065959912933409e+06 7.566643350428639678e+03 3.254443754999817884e+01 5.087457013903449097e+11 3.964182648789780160e+03 4.216473335571067185e+25
9.375287812043366954e+06 7.488784738867087071e+03 3.249477365262656292e+01 4.900856990753698120e+11 3.536552172415723817e+03 4.279337991341981801e+25
9.451509664173800498e+06 7.410243382838898469e+03 3.244521975126111357e+01 4.716476874536265259e+11 3.159306114288489880e+03 4.342570609256658571e+25
9.527731516304234043e+06 7.331164565713712364e+03 3.239565494830122105e+01 4.534324751409072266e+11 2.826122122900213071e+03 4.406152904919983557e+25
9.603953368434669450e+06 7.251497341896296348e+03 3.234595970068229320e+01 4.354410012659525757e+11 2.531511392888623504e+03 4.470065705909749155e+25
9.680175220565102994e+06 7.171149225467187534e+03 3.229601581987578385e+01 4.176743354704533081e+11 2.270706899586966301e+03 4.534288951776640353e+25
9.756397072695536539e+06 7.090092390408737629e+03 3.224570647188913597e+01 4.001336779090478516e+11 2.039565346864742878e+03 4.598801694044251911e+25
9.832618924825970083e+06 7.008338676622651292e+03 3.219491617726583854e+01 3.828203592493238525e+11 1.834480007574021784e+03 4.663582096209075475e+25
9.908840776956403628e+06 6.925846370094195663e+03 3.214353081108539101e+01 3.657358406718179932e+11 1.652307085184647804e+03 4.728607433740508169e+25
9.985062629086839035e+06 6.842577873321319203e+03 3.209143760296330328e+01 3.488817138700152588e+11 1.490304118573058986e+03 4.793854094080846577e+25
1.006128448121727258e+07 6.758499090178369443e+03 3.203852513705113125e+01 3.322597010503508301e+11 1.346076276045321720e+03 4.859297576645285032e+25
1.013750633334770612e+07 6.673557460751496365e+03 3.198468335203642710e+01 3.158716549322075195e+11 1.217530033220379664e+03 4.924912492821925918e+25
1.021372818547813967e+07 6.587653668812075921e+03 3.192980354114278541e+01 2.997195587479176025e+11 1.102833631116856395e+03 4.990672565971770225e+25
1.028995003760857321e+07 6.500831110832579725e+03 3.187377835212980415e+01 2.838055262427619629e+11 1.000382742310551293e+03 5.056550631428718406e+25
1.036617188973900676e+07 6.413009300231206907e+03 3.181650178729310952e+01 2.681318016749705200e+11 9.087697845932206064e+02 5.122518636499577249e+25
1.044239374186944216e+07 6.324092799981664939e+03 3.175786920346435238e+01 2.527007598157217407e+11 8.267593901495899900e+02 5.188547640464053006e+25
1.051861559399987571e+07 6.234042809810258404e+03 3.169777731201120119e+01 2.375149059491439209e+11 7.532664080667449298e+02 5.254607814574749674e+25
1.059483744613030925e+07 6.142807167343084075e+03 3.163612184328245647e+01 2.225769023906602478e+11 6.873362513240384715e+02 5.320667993076279027e+25
1.067105929826074280e+07 6.050282402348153482e+03 3.157276945807385005e+01 2.078898251994432678e+11 6.281284280751611959e+02 5.386690528012133967e+25
1.074728115039117634e+07 5.956376405800947396e+03 3.150759867711310136e+01 1.934566803427449951e+11 5.749024737977894119e+02 5.452639231395165666e+25
1.082350300252161175e+07 5.861013270354422275e+03 3.144048970400297449e+01 1.792806909141756592e+11 5.270053159526421496e+02 5.518476711912986815e+25
1.089972485465204529e+07 5.764089071100715955e+03 3.137131585558543279e+01 1.653654137259536133e+11 4.838602878090644026e+02 5.584162648276739250e+25
1.097594670678247884e+07 5.665460056065466233e+03 3.129994356194164595e+01 1.517147393089034424e+11 4.449578228188004800e+02 5.649653789221103398e+25
1.105216855891291238e+07 5.564993185416133201e+03 3.122623236639199718e+01 1.383328919124570312e+11 4.098473529255194308e+02 5.714903953504289694e+25
1.112839041104334593e+07 5.462524401386852333e+03 3.115003492549605824e+01 1.252244295046535645e+11 3.781300682816379890e+02 5.779864029908042008e+25
1.120461226317377947e+07 5.357905502133923619e+03 3.107119700905261794e+01 1.123942437721392365e+11 3.494526754732563631e+02 5.844481977237638511e+25
1.128083411530421488e+07 5.250891511748455741e+03 3.098955750009966081e+01 9.984756012016712952e+10 3.235019153981024829e+02 5.908702824321890813e+25
1.135705596743464842e+07 5.141234587209099118e+03 3.090494839491438839e+01 8.758993767259838867e+10 3.000000000000000000e+02 5.972468670013138808e+25
