# Radius (m)	Density (kg/m^3)	Gravity (m/s^2)	Pressure (Pa)	Temperature (K)	Mass Enclosed (kg)
0.000000000000000000e+00 4.675501347951030766e+04 0.000000000000000000e+00 1.829198497103262500e+13 0.000000000000000000e+00 0.000000000000000000e+00
1.016713198788494774e+05 4.675182132015291427e+04 1.329014473704567934e+00 1.828882599084469141e+13 0.000000000000000000e+00 2.058357846609781064e+20
2.033426397576989548e+05 4.674224693044663582e+04 2.657701806399261013e+00 1.827935111694039844e+13 0.000000000000000000e+00 1.646482198931072090e+21
3.050139596365484176e+05 4.672629659463737335e+04 3.985737213455811556e+00 1.826356656824745703e+13 0.000000000000000000e+00 5.555746478504357659e+21
4.066852795153979096e+05 4.670398071307976352e+04 5.312795249892879212e+00 1.824148263701966406e+13 0.000000000000000000e+00 1.316517526202472622e+22
5.083565993942474015e+05 4.667531392059869540e+04 6.638548049136635321e+00 1.821311380596816016e+13 0.000000000000000000e+00 2.570387279088946092e+22
6.100279192730968352e+05 4.664010836670752178e+04 7.962660465462885639e+00 1.817847878572479297e+13 0.000000000000000000e+00 4.439681608923119354e+22
7.116992391519463854e+05 4.659834454543488391e+04 9.284800956055399013e+00 1.813760040610494141e+13 0.000000000000000000e+00 7.046305439151368333e+22
8.133705590307958191e+05 4.655022966236427601e+04 1.060464179165031240e+01 1.809050561459424219e+13 0.000000000000000000e+00 1.051156868306461975e+23
9.150418789096452529e+05 4.649579542924377893e+04 1.192186065017987673e+01 1.803722545061478516e+13 0.000000000000000000e+00 1.495604522136851196e+23
1.016713198788494803e+06 4.643507753902740660e+04 1.323614356948086979e+01 1.797779485038837891e+13 0.000000000000000000e+00 2.049927923162830843e+23
1.118384518667344237e+06 4.636811575916664151e+04 1.454716731472492697e+01 1.791225273825021484e+13 0.000000000000000000e+00 2.726073200916916087e+23
1.220055838546193670e+06 4.629495390443156066e+04 1.585460727852006180e+01 1.784064200004623828e+13 0.000000000000000000e+00 3.535862141690301246e+23
1.321727158425043104e+06 4.621541525127516798e+04 1.715813896306436348e+01 1.776300946919176953e+13 0.000000000000000000e+00 4.490977270038026697e+23
1.423398478303892771e+06 4.612905165959455189e+04 1.845743798014601467e+01 1.767940592667150781e+13 0.000000000000000000e+00 5.602961848778990278e+23
1.525069798182742205e+06 4.603657646733430738e+04 1.975218005114325948e+01 1.758988610103954102e+13 0.000000000000000000e+00 6.883219878995922466e+23
1.626741118061591638e+06 4.593805028772460355e+04 2.104204100702444791e+01 1.749450866841932422e+13 0.000000000000000000e+00 8.343016100035417573e+23
1.728412437940441072e+06 4.583353781188830908e+04 2.232669678834799498e+01 1.739333625250370703e+13 0.000000000000000000e+00 9.993475989507914292e+23
1.830083757819290506e+06 4.572205754947759851e+04 2.360582344526241627e+01 1.728643542455491211e+13 0.000000000000000000e+00 1.184558576328770106e+24
1.931755077698140172e+06 4.560449194175261073e+04 2.487909713751286844e+01 1.717387670339700000e+13 0.000000000000000000e+00 1.391019237466812755e+24
2.033426397576989606e+06 4.548109152695136436e+04 2.614619918624920203e+01 1.705573166804894141e+13 0.000000000000000000e+00 1.619769210747831718e+24
2.135097717455838807e+06 4.535135060985056043e+04 2.740682034824432733e+01 1.693207649864119922e+13 0.000000000000000000e+00 1.871845207206164253e+24
2.236769037334688473e+06 4.521502591192699037e+04 2.866065140353436647e+01 1.680299376020843555e+13 0.000000000000000000e+00 2.148295829283876106e+24
2.338440357213538140e+06 4.507305945411688299e+04 2.990738361107800358e+01 1.666856896837796094e+13 0.000000000000000000e+00 2.450141750230325559e+24
2.440111677092387341e+06 4.492475506380033039e+04 3.114670870875650621e+01 1.652889058936972656e+13 0.000000000000000000e+00 2.778375714102163425e+24
2.541782996971237008e+06 4.477008100483164890e+04 3.237831891337372525e+01 1.638405003999632227e+13 0.000000000000000000e+00 3.133962535763343250e+24
2.643454316850086208e+06 4.460999507979884220e+04 3.360190692065607010e+01 1.623414168766298828e+13 0.000000000000000000e+00 3.517839100885104941e+24
2.745125636728935875e+06 4.444294221904117148e+04 3.481716590525255839e+01 1.607926285036759766e+13 0.000000000000000000e+00 3.930914365945991406e+24
2.846796956607785542e+06 4.427043861253969226e+04 3.602378952073475205e+01 1.591951379670067188e+13 0.000000000000000000e+00 4.374069358231835669e+24
2.948468276486634742e+06 4.409164826132702001e+04 3.722147189959679991e+01 1.575499774584537500e+13 0.000000000000000000e+00 4.848157175835763021e+24
3.050139596365484409e+06 4.390691244243861001e+04 3.840990765325544487e+01 1.558582086757751172e+13 0.000000000000000000e+00 5.354002987658205511e+24
3.151810916244333610e+06 4.371627574402316532e+04 3.958879187204998829e+01 1.541209228226552930e+13 0.000000000000000000e+00 5.892404033406874031e+24
3.253482236123183277e+06 4.351954236375977052e+04 4.075782012524231845e+01 1.523392406087051758e+13 0.000000000000000000e+00 6.464129623596792677e+24
3.355153556002032943e+06 4.331698567336723499e+04 4.191668846101688928e+01 1.505143122494620898e+13 0.000000000000000000e+00 7.069921139550266535e+24
3.456824875880882144e+06 4.310850757105443336e+04 4.306509340648074158e+01 1.486473174663898047e+13 0.000000000000000000e+00 7.710492033396895637e+24
3.558496195759731811e+06 4.289398790531570558e+04 4.420273196766349599e+01 1.467394654868784375e+13 0.000000000000000000e+00 8.386527828073587853e+24
3.660167515638581011e+06 4.267406408333133732e+04 4.532930162951733166e+01 1.447919950442446484e+13 0.000000000000000000e+00 9.098686117324532042e+24
3.761838835517430678e+06 4.244759241583744006e+04 4.644450035591704307e+01 1.428061743777314258e+13 0.000000000000000000e+00 9.847596565701223820e+24
3.863510155396280345e+06 4.221596534225049982e+04 4.754802658965995477e+01 1.407833012325082227e+13 0.000000000000000000e+00 1.063386090856244946e+25
3.965181475275129545e+06 4.197820532860246021e+04 4.863958678985113693e+01 1.387246814493816602e+13 0.000000000000000000e+00 1.145803069794882935e+25
4.066852795153979212e+06 4.173461511751226499e+04 4.971890926562196711e+01 1.366316106703022461e+13 0.000000000000000000e+00 1.232058891815988798e+25
4.168524115032828413e+06 4.148573733840430941e+04 5.078571338737359753e+01 1.345054511979522070e+13 0.000000000000000000e+00 1.322203033503085301e+25
4.270195434911677614e+06 4.123080768955453823e+04 5.183971795260489301e+01 1.323475823774244922e+13 0.000000000000000000e+00 1.416280960892319245e+25
4.371866754790527746e+06 4.097005076280282810e+04 5.288064194808659835e+01 1.301593978442713281e+13 0.000000000000000000e+00 1.514333842402371592e+25
4.473538074669376947e+06 4.070393456687979051e+04 5.390820454986134536e+01 1.279423055245043164e+13 0.000000000000000000e+00 1.616398548834453808e+25
4.575209394548226148e+06 4.043240916392218060e+04 5.492212512324369555e+01 1.256977276345942969e+13 0.000000000000000000e+00 1.722507653372313669e+25
4.676880714427076280e+06 4.015484916115770466e+04 5.592212322282009040e+01 1.234271006814714648e+13 0.000000000000000000e+00 1.832689431582233106e+25
4.778552034305925481e+06 3.987163406977339764e+04 5.690791859244885842e+01 1.211318754625253516e+13 0.000000000000000000e+00 1.946967861413024346e+25
4.880223354184774682e+06 3.958298050873985630e+04 5.787923116526023648e+01 1.188135170656046875e+13 0.000000000000000000e+00 2.065362623196036563e+25
4.981894674063624814e+06 3.928886448665318312e+04 5.883578106365636273e+01 1.164735048690176172e+13 0.000000000000000000e+00 2.187889099645151804e+25
5.083565993942474015e+06 3.898927304495243880e+04 5.977728859931126237e+01 1.141133325415315625e+13 0.000000000000000000e+00 2.314558375856783481e+25
5.185237313821323216e+06 3.868418423272125074e+04 6.070347427317084765e+01 1.117345080423732812e+13 0.000000000000000000e+00 2.445377239309881097e+25
5.286908633700172417e+06 3.837357355514947267e+04 6.161405877545296050e+01 1.093385536212287891e+13 0.000000000000000000e+00 2.580348179865926811e+25
5.388579953579022549e+06 3.805744991781833232e+04 6.250876298564732281e+01 1.069270058182433984e+13 0.000000000000000000e+00 2.719469389768938444e+25
5.490251273457871750e+06 3.773580473304793122e+04 6.338730797251553639e+01 1.045014154640218359e+13 0.000000000000000000e+00 2.862734763645461746e+25
5.591922593336720951e+06 3.740867144666986133e+04 6.424941258016215784e+01 1.020633447277977148e+13 0.000000000000000000e+00 3.010133125470557028e+25
5.693593913215571083e+06 3.707604484984754527e+04 6.509478518522949742e+01 9.961434168158697266e+12 0.000000000000000000e+00 3.161643331734636183e+25
5.795265233094420284e+06 3.673795348706821096e+04 6.592316702719341492e+01 9.715597685936375000e+12 0.000000000000000000e+00 3.317246028117936223e+25
5.896936552973269485e+06 3.639442830620643508e+04 6.673430226490009431e+01 9.468982984188355469e+12 0.000000000000000000e+00 3.476917772824712622e+25
5.998607872852119617e+06 3.604550876665180840e+04 6.752793054006920670e+01 9.221748283478273438e+12 0.000000000000000000e+00 3.640629066443667483e+25
6.100279192730968818e+06 3.569123936986808258e+04 6.830378697729395299e+01 8.974052066857847656e+12 0.000000000000000000e+00 3.808344351947947384e+25
6.201950512609818019e+06 3.533167299369040120e+04 6.906160218404112072e+01 8.726053079866870117e+12 0.000000000000000000e+00 3.980022014695149393e+25
6.303621832488667220e+06 3.496629018314482528e+04 6.980110225065098462e+01 8.477910330533213867e+12 0.000000000000000000e+00 4.155614382427318924e+25
6.405293152367517352e+06 3.459535630293125723e+04 7.052200875033737759e+01 8.229783089372832031e+12 0.000000000000000000e+00 4.335067725270947584e+25
6.506964472246366553e+06 3.421923517784013529e+04 7.122403873918764816e+01 7.981830889389761719e+12 0.000000000000000000e+00 4.518322255736973176e+25
6.608635792125215754e+06 3.383749316901704879e+04 7.190690475616268884e+01 7.734213526076115234e+12 0.000000000000000000e+00 4.705312128720782275e+25
6.710307112004065886e+06 3.344994936299035908e+04 7.257031482309695036e+01 7.487091057412082031e+12 0.000000000000000000e+00 4.895965441502213665e+25
6.811978431882915087e+06 3.305733979010266921e+04 7.321397244469835641e+01 7.240623803865939453e+12 0.000000000000000000e+00 5.090204233745545455e+25
6.913649751761764288e+06 3.265835965428023701e+04 7.383757660854843152e+01 6.994972348394040039e+12 0.000000000000000000e+00 5.287944487499507959e+25
7.015321071640613489e+06 3.225432820795373118e+04 7.444082178510221581e+01 6.750297536440814453e+12 0.000000000000000000e+00 5.489096127197279407e+25
7.116992391519463621e+06 3.184399356188611273e+04 7.502339792768826499e+01 6.506760475938774414e+12 0.000000000000000000e+00 5.693563019656486802e+25
7.218663711398312822e+06 3.142808426934069576e+04 7.558499028833657007e+01 6.264522557954534180e+12 0.000000000000000000e+00 5.901242952980482300e+25
7.320335031277162023e+06 3.100654074579372900e+04 7.612530632792220331e+01 6.023744040893654297e+12 0.000000000000000000e+00 6.112027233159745305e+25
7.422006351156012155e+06 1.741515611447500851e+04 7.599411180559167178e+01 5.844666491153291016e+12 0.000000000000000000e+00 6.272156664090292658e+25
7.523677671034861356e+06 1.725364115166962438e+04 7.541242692390676439e+01 5.711242065284397461e+12 0.000000000000000000e+00 6.395840063081151356e+25
7.625348990913710557e+06 1.709317346009521134e+04 7.485989610592461929e+01 5.580045948968725586e+12 0.000000000000000000e+00 6.521732555965862079e+25
7.727020310792560689e+06 1.693368011606091022e+04 7.433471235977749814e+01 5.451004050503485352e+12 0.000000000000000000e+00 6.649822872474647532e+25
7.828691630671409890e+06 1.677509096401494753e+04 7.383518441558324241e+01 5.324046574419918945e+12 0.000000000000000000e+00 6.780099079753294891e+25
7.930362950550259091e+06 1.661733793806923495e+04 7.335973285202204863e+01 5.199107751831943359e+12 0.000000000000000000e+00 6.912548665754032080e+25
8.032034270429108292e+06 1.646035456479006825e+04 7.290681023538175509e+01 5.076123490557167969e+12 0.000000000000000000e+00 7.047158210296809927e+25
8.133705590307958424e+06 1.630408221390960534e+04 7.247505802686245602e+01 4.955038664479638672e+12 0.000000000000000000e+00 7.183912396661277386e+25
8.235376910186807625e+06 1.614846721792493918e+04 7.206322181582196151e+01 4.835802819323232422e+12 0.000000000000000000e+00 7.322794424985762406e+25
8.337048230065656826e+06 1.599345920596746328e+04 7.167009800125204322e+01 4.718367929256755859e+12 0.000000000000000000e+00 7.463786141448825211e+25
8.438719549944506958e+06 1.583900736251636408e+04 7.129453379177837746e+01 4.602688396893951172e+12 0.000000000000000000e+00 7.606868038269259166e+25
8.540390869823355228e+06 1.568506454231130556e+04 7.093542720566051685e+01 4.488721053293498047e+12 0.000000000000000000e+00 7.752019253706077027e+25
8.642062189702205360e+06 1.553158566493411308e+04 7.059172707079196130e+01 4.376425157959003906e+12 0.000000000000000000e+00 7.899217572058533281e+25
8.743733509581055492e+06 1.537852533780746671e+04 7.026243302470012964e+01 4.265762398839015137e+12 0.000000000000000000e+00 8.048439423666103524e+25
8.845404829459903762e+06 1.522565865313796894e+04 6.994659551454633117e+01 4.156696892327013672e+12 0.000000000000000000e+00 8.199659884908488759e+25
8.947076149338753894e+06 1.507311615755713137e+04 6.964331579712579412e+01 4.049195183261408691e+12 0.000000000000000000e+00 8.352852678205633435e+25
9.048747469217604026e+06 1.492086178222497620e+04 6.935174593886766559e+01 3.943226244925549316e+12 0.000000000000000000e+00 8.507990172017697960e+25
9.150418789096452296e+06 1.476886086958349370e+04 6.907108881583501159e+01 3.838761479047719238e+12 0.000000000000000000e+00 8.665043380845074160e+25
9.252090108975302428e+06 1.461708257138268891e+04 6.880059811372478862e+01 3.735774715801129883e+12 0.000000000000000000e+00 8.823981965228392153e+25
9.353761428854152560e+06 1.446549811731224327e+04 6.853957832786788629e+01 3.634242213803934082e+12 0.000000000000000000e+00 8.984774231748501452e+25
9.455432748733000830e+06 1.431384513570493073e+04 6.828738476322911310e+01 3.534142660119216797e+12 0.000000000000000000e+00 9.147387133026481269e+25
9.557104068611850962e+06 1.416226499696252722e+04 6.804342353440715385e+01 3.435457170254992188e+12 0.000000000000000000e+00 9.311786267723650828e+25
9.658775388490701094e+06 1.401079842620610725e+04 6.780712161313948627e+01 3.338168089335598145e+12 0.000000000000000000e+00 9.477935350568761387e+25
9.760446708369549364e+06 1.385941834379855936e+04 6.757782254130772515e+01 3.242254737753436035e+12 0.000000000000000000e+00 9.645794633308017977e+25
9.862118028248399496e+06 1.370784084584180891e+04 6.735497781622798641e+01 3.147700969176413086e+12 0.000000000000000000e+00 9.815324426477168899e+25
9.963789348127249628e+06 1.355618656071724763e+04 6.713807002012262615e+01 3.054492137192628418e+12 0.000000000000000000e+00 9.986483437855980926e+25
1.006546066800609790e+07 1.340455598870122049e+04 6.692659859655576327e+01 2.962614529751410645e+12 0.000000000000000000e+00 1.015922850301702353e+26
1.016713198788494803e+07 1.325270303503405376e+04 6.672007985043326528e+01 2.872055369163309570e+12 0.000000000000000000e+00 1.033351458532567233e+26
1.026880330776379630e+07 1.310061685769806536e+04 6.651804694800274831e+01 2.782802812100109375e+12 0.000000000000000000e+00 1.050929477594009017e+26
1.037047462764264643e+07 1.294850626898769406e+04 6.632004991685361972e+01 2.694845949594818359e+12 0.000000000000000000e+00 1.068652029381125637e+26
1.047214594752149656e+07 1.279591109953307569e+04 6.612565564591700706e+01 2.608174807041673828e+12 0.000000000000000000e+00 1.086514048568293918e+26
1.057381726740034483e+07 1.264319744298561272e+04 6.593444788546584334e+01 2.522780344196143555e+12 0.000000000000000000e+00 1.104510282609170612e+26
1.067548858727919497e+07 1.249008443806576906e+04 6.574602724711478174e+01 2.438654455174917969e+12 0.000000000000000000e+00 1.122635291736693432e+26
1.077715990715804510e+07 1.233667132483974092e+04 6.556001120382023828e+01 2.355789968455920410e+12 0.000000000000000000e+00 1.140883448963079325e+26
1.087883122703689337e+07 1.218281836252265930e+04 6.537603408988043441e+01 2.274180646878299805e+12 0.000000000000000000e+00 1.159248940079824999e+26
1.098050254691574350e+07 1.202863192187792811e+04 6.519374710093528336e+01 2.193821187642432373e+12 0.000000000000000000e+00 1.177725763657708629e+26
1.108217386679459363e+07 1.187383618601214039e+04 6.501281829396651801e+01 2.114707222309923828e+12 0.000000000000000000e+00 1.196307731046786947e+26
1.118384518667344190e+07 1.171870809659353472e+04 6.483293258729760566e+01 2.036835316803607666e+12 0.000000000000000000e+00 1.214988466376396952e+26
1.128551650655229203e+07 1.156290562728573059e+04 6.465379176059376221e+01 1.960202971407543213e+12 0.000000000000000000e+00 1.233761406555156603e+26
1.138718782643114217e+07 1.140653106444129116e+04 6.447508461808560298e+01 1.884807742972735840e+12 0.000000000000000000e+00 1.252619492295825328e+26
1.148885914630999044e+07 1.124961341107269254e+04 6.429648830082442146e+01 1.810646852902536377e+12 0.000000000000000000e+00 1.271555370194106460e+26
1.159053046618884057e+07 1.109206984179304345e+04 6.411771711477402391e+01 1.737718796500153320e+12 0.000000000000000000e+00 1.290561814407961693e+26
1.169220178606769070e+07 1.093365029753978342e+04 6.393848929083161892e+01 1.666022641654047363e+12 0.000000000000000000e+00 1.309631257964298863e+26
1.179387310594653897e+07 1.077450347702607178e+04 6.375852676507447114e+01 1.595558023193117188e+12 0.000000000000000000e+00 1.328755790117511399e+26
1.189554442582538910e+07 1.061455923523630190e+04 6.357755517875986584e+01 1.526325142886696289e+12 0.000000000000000000e+00 1.347927156349480384e+26
1.199721574570423923e+07 1.045375230380283756e+04 6.339530387832516567e+01 1.458324769444560547e+12 0.000000000000000000e+00 1.367136758369571118e+26
1.209888706558308750e+07 1.029202111815962053e+04 6.321150591538777519e+01 1.391558238516923828e+12 0.000000000000000000e+00 1.386375654114635527e+26
1.220055838546193764e+07 1.012930884341039200e+04 6.302589804674514795e+01 1.326027452694434570e+12 0.000000000000000000e+00 1.405634557749011814e+26
1.230222970534078591e+07 9.965567882954268498e+03 6.283822073437480782e+01 1.261734881508185547e+12 0.000000000000000000e+00 1.424903839664523433e+26
1.240390102521963604e+07 9.800636764663497161e+03 6.264821814543429923e+01 1.198683561429701660e+12 0.000000000000000000e+00 1.444173526480480802e+26
1.250557234509848617e+07 9.634452917431914102e+03 6.245563815226125115e+01 1.136877095870951172e+12 0.000000000000000000e+00 1.463433301043679077e+26
1.260724366497733444e+07 9.467077281087675146e+03 6.226023233237332732e+01 1.076319655184338989e+12 0.000000000000000000e+00 1.482672502428399861e+26
1.270891498485618457e+07 9.298267631706265092e+03 6.206175596846823339e+01 1.017015976662707275e+12 0.000000000000000000e+00 1.501880125936411383e+26
1.281058630473503470e+07 9.128018207803032055e+03 6.185996804842375951e+01 9.589713645393378906e+11 0.000000000000000000e+00 1.521044823096966777e+26
1.291225762461388297e+07 8.956127752502710791e+03 6.165463126529771642e+01 9.021916899879525146e+11 0.000000000000000000e+00 1.540154901666805284e+26
1.301392894449273311e+07 8.782603417451693531e+03 6.144550354831664407e+01 8.466834280339075928e+11 0.000000000000000000e+00 1.559198098517105405e+26
1.311560026437158324e+07 8.607250015289069779e+03 6.123230332045347524e+01 7.924537064328337402e+11 0.000000000000000000e+00 1.578160732719398569e+26
1.321727158425043151e+07 8.429887746195012369e+03 6.101476517267443711e+01 7.395102649927976074e+11 0.000000000000000000e+00 1.597029149667508080e+26
1.331894290412928164e+07 8.250356555822872906e+03 6.079261750952894516e+01 6.878618834654331055e+11 0.000000000000000000e+00 1.615788943622882333e+26
1.342061422400813177e+07 8.068519575256092139e+03 6.056557779371667749e+01 6.375184179252712402e+11 0.000000000000000000e+00 1.634424820807215693e+26
1.352228554388698004e+07 7.884247012911117054e+03 6.033335254608759612e+01 5.884908007697358398e+11 0.000000000000000000e+00 1.652920599402448848e+26
1.362395686376583017e+07 7.697092583794753409e+03 6.009563734564187598e+01 5.407910407191427612e+11 0.000000000000000000e+00 1.671259209550769831e+26
1.372562818364468031e+07 7.506963173184853076e+03 5.985211682952999013e+01 4.944322228167033691e+11 0.000000000000000000e+00 1.689422693354612994e+26
1.382729950352352858e+07 7.313520447022576263e+03 5.960246469305266714e+01 4.494285084285233765e+11 0.000000000000000000e+00 1.707392204876658665e+26
1.392897082340237871e+07 7.116380309067122653e+03 5.934633642347499460e+01 4.057955719846055298e+11 0.000000000000000000e+00 1.725147739537820405e+26
1.403064214328122698e+07 6.915125992572897303e+03 5.908333416530734183e+01 3.635524892284365234e+11 0.000000000000000000e+00 1.742666893421632672e+26
1.413231346316007711e+07 6.709206621310536320e+03 5.881305304236364861e+01 3.227189001997984009e+11 0.000000000000000000e+00 1.759926528861407876e+26
1.423398478303892724e+07 6.498037761867303743e+03 5.853503449470125730e+01 2.833182108226607056e+11 0.000000000000000000e+00 1.776900848979254081e+26
1.433565610291777551e+07 6.280916963508323533e+03 5.824875787969501317e+01 2.453781270293936462e+11 0.000000000000000000e+00 1.793561072864425353e+26
1.443732742279662564e+07 6.056832254798150643e+03 5.795364047203722890e+01 2.089306547607656250e+11 0.000000000000000000e+00 1.809875435573324172e+26
1.453899874267547578e+07 5.824594781988538671e+03 5.764903746373769877e+01 1.740120999659480286e+11 0.000000000000000000e+00 1.825809188129498331e+26
1.464067006255432405e+07 5.582619186665828238e+03 5.733421181787584686e+01 1.406648660211853638e+11 0.000000000000000000e+00 1.841323433273014884e+26
1.474234138243317418e+07 5.328766836719856656e+03 5.700824659862293942e+01 1.089429260046697693e+11 0.000000000000000000e+00 1.856371704592478587e+26
1.484401270231202431e+07 5.059986542426921005e+03 5.667002130314931918e+01 7.891381539754490662e+10 0.000000000000000000e+00 1.870898978183436015e+26
1.494568402219087258e+07 4.771682621311107141e+03 5.631812440856576529e+01 5.066419692693502045e+10 0.000000000000000000e+00 1.884838297363923021e+26
1.504735534206972271e+07 4.456371844889836211e+03 5.595067374119260961e+01 2.431144167938337708e+10 0.000000000000000000e+00 1.898104010291787903e+26
1.514902666194857284e+07 4.100261615634490227e+03 5.556490249300181716e+01 3.084401756144714355e+07 0.000000000000000000e+00 1.910576109733960354e+26
