# Radius (m)	Density (kg/m^3)	Gravity (m/s^2)	Pressure (Pa)	Temperature (K)	Mass Enclosed (kg)
0.000000000000000000e+00 3.367091463474241755e+04 0.000000000000000000e+00 7.627485923534947266e+12 0.000000000000000000e+00 0.000000000000000000e+00
8.749971560648367449e+04 3.366902070791466394e+04 8.236974654762829751e-01 7.626272476252588867e+12 0.000000000000000000e+00 9.448772340771844915e+19
1.749994312129673490e+05 3.366333994781028014e+04 1.647227937799816022e+00 7.622632788166775391e+12 0.000000000000000000e+00 7.558209281797403443e+20
2.624991468194510089e+05 3.365387542627649964e+04 2.470425232285331063e+00 7.616568827423583008e+12 0.000000000000000000e+00 2.550482113130184835e+21
3.499988624259346980e+05 3.364063224715222896e+04 3.293123009609761453e+00 7.608083864075142578e+12 0.000000000000000000e+00 6.044146426983319863e+21
4.374985780324183870e+05 3.362361748032168543e+04 4.115158251311293647e+00 7.597182427827501953e+12 0.000000000000000000e+00 1.180118421137995805e+22
5.249982936389020178e+05 3.360280486780671345e+04 4.936358860878456767e+00 7.583870452358309570e+12 0.000000000000000000e+00 2.038499067252763630e+22
6.124980092453857651e+05 3.357798386569614377e+04 5.756550367192299511e+00 7.568155208284463867e+12 0.000000000000000000e+00 3.235675340919175276e+22
6.999977248518693959e+05 3.354938059949413582e+04 6.575562406846432673e+00 7.550045250125990234e+12 0.000000000000000000e+00 4.827496640193303780e+22
7.874974404583530268e+05 3.351701060822259024e+04 7.393228724147036246e+00 7.529550416306046875e+12 0.000000000000000000e+00 6.869543001310766301e+22
8.749971560648367740e+05 3.348089145872824884e+04 8.209387171112851433e+00 7.506681829150918945e+12 0.000000000000000000e+00 9.417125098686722867e+22
9.624968716713204049e+05 3.344104251773667056e+04 9.023882675468613002e+00 7.481451750567580078e+12 0.000000000000000000e+00 1.252509235839404910e+23
1.049996587277804036e+06 3.339748517197369074e+04 9.836553235829470054e+00 7.453873721412073242e+12 0.000000000000000000e+00 1.624797906544723524e+23
1.137496302884287667e+06 3.335024327462172369e+04 1.064722436408531081e+01 7.423962844160203125e+12 0.000000000000000000e+00 2.064021683124456831e+23
1.224996018490771530e+06 3.329893848249658186e+04 1.145572320297800673e+01 7.391735440463498047e+12 0.000000000000000000e+00 2.575562589954013879e+23
1.312495734097255161e+06 3.324375371133483713e+04 1.226187870671622449e+01 7.357209045680216797e+12 0.000000000000000000e+00 3.164740764700181424e+23
1.399995449703738792e+06 3.318492434782731289e+04 1.306552164097543667e+01 7.320402408875346680e+12 0.000000000000000000e+00 3.836814458321132816e+23
1.487495165310222423e+06 3.312248229918573634e+04 1.386648458289791108e+01 7.281335492820610352e+12 0.000000000000000000e+00 4.596980035066420286e+23
1.574994880916706054e+06 3.305637846794273355e+04 1.466460192109272143e+01 7.240029473994458008e+12 0.000000000000000000e+00 5.450371972476981320e+23
1.662494596523189917e+06 3.298598091908118658e+04 1.545970985563574374e+01 7.196506742582073242e+12 0.000000000000000000e+00 6.402062861385133625e+23
1.749994312129673548e+06 3.291203604054945026e+04 1.625164639806964573e+01 7.150790902475370117e+12 0.000000000000000000e+00 7.457063405914576472e+23
1.837494027736157179e+06 3.283458397454577062e+04 1.704025137140390100e+01 7.102906771272991211e+12 0.000000000000000000e+00 8.620322423480389353e+23
1.924993743342640810e+06 3.275315042370324954e+04 1.782536641011478906e+01 7.052880380280314453e+12 0.000000000000000000e+00 9.896726844789037350e+23
2.012493458949124441e+06 3.266779866111590673e+04 1.860682743889830704e+01 7.000738672606215820e+12 0.000000000000000000e+00 1.129102285386600031e+24
2.099993174555608071e+06 3.257902972059511376e+04 1.938445169332942442e+01 6.946509398284694336e+12 0.000000000000000000e+00 1.280775567504581291e+24
2.187492890162091702e+06 3.248633967698190827e+04 2.015807522710198896e+01 6.890222581989359375e+12 0.000000000000000000e+00 1.445164694067279936e+24
2.274992605768575333e+06 3.238973732699439279e+04 2.092753556159244610e+01 6.831909321601916016e+12 0.000000000000000000e+00 1.622731467043170421e+24
2.362492321375059430e+06 3.228983110034387209e+04 2.169266997067688862e+01 6.771601701655281250e+12 0.000000000000000000e+00 1.813925192001650671e+24
2.449992036981543060e+06 3.218564807445072074e+04 2.245331548073104955e+01 6.709332793333586914e+12 0.000000000000000000e+00 2.019182678113037387e+24
2.537491752588026691e+06 3.207801895113757200e+04 2.320930887063031278e+01 6.645136654472178711e+12 0.000000000000000000e+00 2.238928238148572217e+24
2.624991468194510322e+06 3.196665278012118506e+04 2.396048667174972024e+01 6.579048329557614258e+12 0.000000000000000000e+00 2.473573688480416387e+24
2.712491183800993953e+06 3.185136346992429753e+04 2.470668516796395053e+01 6.511103849727668945e+12 0.000000000000000000e+00 2.723518349081654461e+24
2.799990899407477584e+06 3.173267560508680617e+04 2.544774039564733670e+01 6.441340232771328125e+12 0.000000000000000000e+00 2.989149043526291658e+24
2.887490615013961215e+06 3.160980979922188999e+04 2.618348814367386268e+01 6.369795483128793945e+12 0.000000000000000000e+00 3.270840098989255994e+24
2.974990330620444845e+06 3.148368032855269848e+04 2.691376395341714911e+01 6.296508591891481445e+12 0.000000000000000000e+00 3.568953346246395067e+24
3.062490046226928476e+06 3.135333919419311860e+04 2.763840311875048172e+01 6.221519536802017578e+12 0.000000000000000000e+00 3.883838119674482495e+24
3.149989761833412107e+06 3.121966620669782060e+04 2.835724068604677939e+01 6.144869282254247070e+12 0.000000000000000000e+00 4.215831257251209865e+24
3.237489477439895738e+06 3.108197298423125903e+04 2.907011145417861542e+01 6.066599779293224609e+12 0.000000000000000000e+00 4.565257100555190490e+24
3.324989193046379834e+06 3.094067623842058674e+04 2.977684997451822113e+01 5.986753965615222656e+12 0.000000000000000000e+00 4.932427494765962633e+24
3.412488908652863465e+06 3.079577426088482753e+04 3.047729055093746098e+01 5.905375765567724609e+12 0.000000000000000000e+00 5.317641788663983061e+24
3.499988624259347096e+06 3.064679601911929785e+04 3.117126723980784675e+01 5.822510090149427734e+12 0.000000000000000000e+00 5.721186834630631878e+24
3.587488339865830727e+06 3.049449679841732359e+04 3.185861385000055890e+01 5.738202837010246094e+12 0.000000000000000000e+00 6.143336988648211451e+24
3.674988055472314358e+06 3.033815589112106318e+04 3.253916394288640390e+01 5.652500890451303711e+12 0.000000000000000000e+00 6.584354110299943729e+24
3.762487771078797989e+06 3.017806662708151998e+04 3.321275080631414767e+01 5.565452114338005859e+12 0.000000000000000000e+00 7.044487353736025065e+24
3.849987486685281619e+06 3.001451740011695074e+04 3.387920577594502447e+01 5.477104307017600586e+12 0.000000000000000000e+00 7.523943676012704825e+24
3.937487202291765250e+06 2.984705036153170659e+04 3.453836718235928771e+01 5.387506266339283203e+12 0.000000000000000000e+00 8.022923168047191732e+24
4.024986917898248881e+06 2.967565428375339252e+04 3.519007585747438327e+01 5.296708143639984375e+12 0.000000000000000000e+00 8.541627170418598689e+24
4.112486633504732512e+06 2.950068507355511974e+04 3.583417100933948518e+01 5.204760731670504883e+12 0.000000000000000000e+00 9.080236489483914865e+24
4.199986349111216143e+06 2.932208730579806434e+04 3.647049022213547431e+01 5.111715464595517578e+12 0.000000000000000000e+00 9.638911397377999259e+24
4.287486064717699774e+06 2.913967070830103330e+04 3.709886945617493126e+01 5.017624417993560547e+12 0.000000000000000000e+00 1.021779163201358499e+25
4.374985780324183404e+06 2.895319629046804766e+04 3.771914304790215056e+01 4.922540308857046875e+12 0.000000000000000000e+00 1.081699639708127929e+25
4.462485495930667035e+06 2.876301642808844190e+04 3.833114370989314779e+01 4.826516495592254883e+12 0.000000000000000000e+00 1.143662436204955923e+25
4.549985211537150666e+06 2.856908848887230852e+04 3.893470253085563826e+01 4.729606978019334961e+12 0.000000000000000000e+00 1.207675366216478028e+25
4.637484927143634297e+06 2.837137149229685019e+04 3.952964897562903701e+01 4.631866397372306641e+12 0.000000000000000000e+00 1.273744189845116131e+25
4.724984642750118859e+06 2.816982898110644601e+04 4.011581088518450144e+01 4.533350036299058594e+12 0.000000000000000000e+00 1.341872613771081034e+25
4.812484358356602490e+06 2.796443002178061579e+04 4.069301447662486027e+01 4.434113818861351562e+12 0.000000000000000000e+00 1.412062291252368588e+25
4.899984073963086121e+06 2.775514521349400457e+04 4.126108434318467744e+01 4.334214310534813965e+12 0.000000000000000000e+00 1.484312822124763130e+25
4.987483789569569752e+06 2.754194925130666525e+04 4.181984345423022376e+01 4.233708718208943359e+12 0.000000000000000000e+00 1.558621752801837269e+25
5.074983505176053382e+06 2.732482320381075988e+04 4.236911315525946975e+01 4.132654890187108398e+12 0.000000000000000000e+00 1.634984576274949092e+25
5.162483220782537013e+06 2.710375209591969178e+04 4.290871316790211409e+01 4.031111316186546387e+12 0.000000000000000000e+00 1.713394732113245173e+25
5.249982936389020644e+06 2.687872648393639247e+04 4.343846158991954098e+01 3.929137127338366211e+12 0.000000000000000000e+00 1.793843606463659282e+25
5.337482651995504275e+06 2.664973953397321020e+04 4.395817286687137937e+01 3.826792235096137695e+12 0.000000000000000000e+00 1.876319972043632831e+25
5.424982367601987906e+06 2.641679275738631623e+04 4.446766370473504537e+01 3.724136901388874512e+12 0.000000000000000000e+00 1.960808864201745281e+25
5.512482083208471537e+06 2.617961028032184549e+04 4.496676328727421890e+01 3.621230832741591797e+12 0.000000000000000000e+00 2.047294383992420967e+25
5.599981798814955167e+06 2.593815348344969243e+04 4.545529348453251828e+01 3.518134420675770508e+12 0.000000000000000000e+00 2.135757817977306055e+25
5.687481514421438798e+06 2.569268573063400618e+04 4.593306758709672977e+01 3.414908825691586426e+12 0.000000000000000000e+00 2.226177442240430019e+25
5.774981230027922429e+06 2.544323211022165924e+04 4.639989030609675780e+01 3.311615977267908203e+12 0.000000000000000000e+00 2.318528522388203066e+25
5.862480945634406060e+06 2.518896069802367128e+04 4.685555777320567472e+01 3.208318573862298340e+12 0.000000000000000000e+00 2.412783313549418279e+25
5.949980661240889691e+06 2.493068433668335638e+04 4.729986251758671045e+01 3.105079805670670898e+12 0.000000000000000000e+00 2.508911272970027047e+25
6.037480376847373322e+06 2.466787019890987722e+04 4.773258600557393549e+01 3.001963802058971680e+12 0.000000000000000000e+00 2.606878206537837953e+25
6.124980092453856952e+06 2.440060513893705502e+04 4.815352567280806539e+01 2.899034027814862305e+12 0.000000000000000000e+00 2.706647911303010638e+25
6.212479808060340583e+06 2.412867397717175118e+04 4.856249009845900844e+01 2.796353431516399414e+12 0.000000000000000000e+00 2.808181921038045793e+25
6.299979523666824214e+06 2.385231021256990061e+04 4.895926152065420212e+01 2.693986579239904297e+12 0.000000000000000000e+00 2.911437315775642825e+25
6.387479239273307845e+06 2.357075060223718174e+04 4.934358319996256625e+01 2.592000519742570801e+12 0.000000000000000000e+00 3.016365711428188478e+25
6.474978954879791476e+06 1.260232980072960709e+04 4.955182795719992583e+01 2.500182821967187500e+12 0.000000000000000000e+00 3.112653320961909331e+25
6.562478670486276038e+06 1.250374556300316362e+04 4.914665503112963307e+01 2.446078576362459473e+12 0.000000000000000000e+00 3.171203286161131652e+25
6.649978386092759669e+06 1.240544049490528050e+04 4.876390533570690167e+01 2.392726830640532227e+12 0.000000000000000000e+00 3.230972474169822343e+25
6.737478101699243300e+06 1.230755410566755381e+04 4.840066311462116033e+01 2.340198334205492676e+12 0.000000000000000000e+00 3.291852365117158207e+25
6.824977817305726930e+06 1.221004482902216478e+04 4.805577708452410235e+01 2.288464746464470215e+12 0.000000000000000000e+00 3.353840416991013555e+25
6.912477532912210561e+06 1.211287466925791887e+04 4.772816298563223825e+01 2.237499866278698242e+12 0.000000000000000000e+00 3.416933222449526722e+25
6.999977248518694192e+06 1.201600230167978225e+04 4.741678783148379495e+01 2.187278634399972656e+12 0.000000000000000000e+00 3.481127031249694482e+25
7.087476964125177823e+06 1.191939537638562979e+04 4.712071283720101889e+01 2.137778014318285400e+12 0.000000000000000000e+00 3.546417980384898869e+25
7.174976679731661454e+06 1.182301746316856588e+04 4.683906357301286505e+01 2.088976847006313965e+12 0.000000000000000000e+00 3.612801512832119419e+25
7.262476395338145085e+06 1.172683631193545807e+04 4.657100433132577422e+01 2.040855093765011230e+12 0.000000000000000000e+00 3.680272447954182389e+25
7.349976110944628716e+06 1.163082181409687473e+04 4.631573812672368717e+01 1.993393836223604736e+12 0.000000000000000000e+00 3.748824981499762901e+25
7.437475826551112346e+06 1.153494040683436106e+04 4.607250669596802339e+01 1.946575276339597412e+12 0.000000000000000000e+00 3.818452685603382367e+25
7.524975542157595977e+06 1.143916668872960327e+04 4.584059049799767394e+01 1.900382736398766602e+12 0.000000000000000000e+00 3.889148508785410638e+25
7.612475257764079608e+06 1.134347159659008321e+04 4.561930871392903697e+01 1.854800659015164551e+12 0.000000000000000000e+00 3.960904775952065141e+25
7.699974973370563239e+06 1.124782751261972408e+04 4.540801924705599646e+01 1.809814607131119141e+12 0.000000000000000000e+00 4.033713188395410884e+25
7.787474688977046870e+06 1.115221127026104296e+04 4.520611872284990795e+01 1.765411264017232422e+12 0.000000000000000000e+00 4.107564823793360022e+25
7.874974404583530501e+06 1.105659757485302544e+04 4.501304248895962701e+01 1.721578433272381836e+12 0.000000000000000000e+00 4.182450136209672717e+25
7.962474120190014131e+06 1.096096788823496172e+04 4.482826461521149497e+01 1.678305038823719482e+12 0.000000000000000000e+00 4.258358956093956282e+25
8.049973835796497762e+06 1.086530088856156181e+04 4.465127833888124087e+01 1.635580528291256104e+12 0.000000000000000000e+00 4.335280500572538246e+25
8.137473551402981393e+06 1.076957418735777719e+04 4.448157030297738146e+01 1.593394140494652588e+12 0.000000000000000000e+00 4.413203371677030283e+25
8.224973267009465024e+06 1.067376913740782038e+04 4.431869299272526064e+01 1.551737173612385742e+12 0.000000000000000000e+00 4.492115410388234695e+25
8.312472982615948655e+06 1.057778976655521183e+04 4.416221675955127779e+01 1.510601503291916260e+12 0.000000000000000000e+00 4.572003670076292565e+25
8.399972698222432286e+06 1.048160601936325838e+04 4.401172660683437243e+01 1.469979483672651123e+12 0.000000000000000000e+00 4.652854417391116378e+25
8.487472413828916848e+06 1.038528440268715894e+04 4.386682218990608817e+01 1.429863947385943115e+12 0.000000000000000000e+00 4.734653132262393457e+25
8.574972129435399547e+06 1.028881429368531099e+04 4.372711781605053005e+01 1.390248205555092773e+12 0.000000000000000000e+00 4.817384507899578233e+25
8.662471845041884109e+06 1.019217909689734006e+04 4.359224244450435037e+01 1.351126047795343262e+12 0.000000000000000000e+00 4.901032450791904269e+25
8.749971560648366809e+06 1.009519299304215201e+04 4.346183968645680551e+01 1.312491742213888428e+12 0.000000000000000000e+00 4.985580080708371375e+25
8.837471276254851371e+06 9.997943821482665953e+03 4.333556780504970618e+01 1.274340035409863770e+12 0.000000000000000000e+00 5.071009730697757637e+25
8.924970991861334071e+06 9.900484631851330050e+03 4.321309971537743166e+01 1.236666152474354980e+12 0.000000000000000000e+00 5.157302947088605669e+25
9.012470707467818633e+06 9.802719899759222244e+03 4.309412298448693690e+01 1.199465796990390381e+12 0.000000000000000000e+00 5.244440489489240655e+25
9.099970423074301332e+06 9.704513072794634354e+03 4.297833983137775249e+01 1.162735151032947266e+12 0.000000000000000000e+00 5.332402330787749733e+25
9.187470138680785894e+06 9.606067100044656399e+03 4.286546712700196338e+01 1.126470875168946777e+12 0.000000000000000000e+00 5.421167657152000889e+25
9.274969854287268594e+06 9.507177261747503508e+03 4.275523639426424438e+01 1.090670108457258545e+12 0.000000000000000000e+00 5.510714868029628361e+25
9.362469569893753156e+06 9.407876897490697957e+03 4.264739380802183177e+01 1.055330468448695679e+12 0.000000000000000000e+00 5.601021576148043797e+25
9.449969285500237718e+06 9.308216530486715783e+03 4.254170019508453038e+01 1.020450051186019531e+12 0.000000000000000000e+00 5.692064607514427675e+25
9.537469001106720418e+06 9.208000222622555157e+03 4.243793055300817940e+01 9.860274220335485840e+11 0.000000000000000000e+00 5.783819970751997546e+25
9.624968716713204980e+06 9.107404533020757299e+03 4.233583426566878671e+01 9.520608131358360596e+11 0.000000000000000000e+00 5.876260669767726478e+25
9.712468432319687679e+06 9.006213278050308872e+03 4.223517228468930540e+01 9.185487358147434082e+11 0.000000000000000000e+00 5.969359817905164275e+25
9.799968147926172242e+06 8.904528138693181972e+03 4.213573038991690112e+01 8.854903426052781982e+11 0.000000000000000000e+00 6.063090612225073790e+25
9.887467863532654941e+06 8.802317727647841821e+03 4.203729801413798839e+01 8.528850500776166992e+11 0.000000000000000000e+00 6.157424775949941206e+25
9.974967579139139503e+06 8.699405125630284601e+03 4.193966824307823771e+01 8.207325388370986328e+11 0.000000000000000000e+00 6.252332558463988910e+25
1.006246729474562220e+07 8.595938687974654385e+03 4.184263781540259686e+01 7.890327535242324219e+11 0.000000000000000000e+00 6.347782735313160899e+25
1.014996701035210676e+07 8.491853799454231194e+03 4.174600712271522696e+01 7.577859028146896973e+11 0.000000000000000000e+00 6.443742608205139957e+25
1.023746672595858946e+07 8.386984141589771752e+03 4.164958020955958062e+01 7.269924594193111572e+11 0.000000000000000000e+00 6.540178005009327895e+25
1.032496644156507403e+07 8.281383713793078641e+03 4.155316477341834513e+01 6.966531600841003418e+11 0.000000000000000000e+00 6.637053279756865315e+25
1.041246615717155673e+07 8.175029020752879660e+03 4.145657216471347084e+01 6.667690055902299805e+11 0.000000000000000000e+00 6.734331312640613563e+25
1.049996587277804129e+07 8.067867343416708536e+03 4.135961738680616406e+01 6.373412607540356445e+11 0.000000000000000000e+00 6.831973510015171913e+25
1.058746558838452399e+07 7.959849824952236304e+03 4.126211909599687999e+01 6.083714544270219727e+11 0.000000000000000000e+00 6.929939804396860390e+25
1.067496530399100855e+07 7.850932199705566745e+03 4.116389960152532979e+01 5.798613794958571777e+11 0.000000000000000000e+00 7.028188654463736084e+25
1.076246501959749125e+07 7.741073440966156340e+03 4.106478486557048058e+01 5.518130928823771973e+11 0.000000000000000000e+00 7.126677045055578553e+25
1.084996473520397581e+07 7.630210271914351324e+03 4.096460450325055547e+01 5.242289155435823975e+11 0.000000000000000000e+00 7.225360487173903564e+25
1.093746445081045851e+07 7.518195906486002059e+03 4.086319178262304064e+01 4.971114324716413574e+11 0.000000000000000000e+00 7.324193017981949349e+25
1.102496416641694307e+07 7.405111639015531182e+03 4.076038362468465692e+01 4.704634926938862305e+11 0.000000000000000000e+00 7.423127200804691210e+25
1.111246388202342577e+07 7.290815438426073342e+03 4.065602060337138823e+01 4.442882092728171997e+11 0.000000000000000000e+00 7.522114125128825197e+25
1.119996359762991033e+07 7.175245723510191965e+03 4.054994601361721607e+01 4.185889652023579712e+11 0.000000000000000000e+00 7.621103228530771442e+25
1.128746331323639490e+07 7.058280257050726505e+03 4.044197088737422519e+01 3.933695508143845215e+11 0.000000000000000000e+00 7.720035957725573748e+25
1.137496302884287760e+07 6.939891932934900979e+03 4.033191186901664338e+01 3.686338415579793091e+11 0.000000000000000000e+00 7.818853330759967339e+25
1.146246274444936216e+07 6.819943483465840472e+03 4.021959422607383772e+01 3.443860611158939819e+11 0.000000000000000000e+00 7.917495329771670419e+25
1.154996246005584486e+07 6.698313514053205836e+03 4.010483658771734383e+01 3.206309253492328491e+11 0.000000000000000000e+00 8.015897787674895904e+25
1.163746217566232942e+07 6.574896859808712179e+03 3.998745094476084461e+01 2.973736422974487305e+11 0.000000000000000000e+00 8.113992388160367741e+25
1.172496189126881212e+07 6.449557143120136971e+03 3.986724264966017728e+01 2.746199121783469543e+11 0.000000000000000000e+00 8.211706665695307167e+25
1.181246160687529668e+07 6.322083703314803643e+03 3.974401041651331212e+01 2.523759273880812378e+11 0.000000000000000000e+00 8.308964005523444735e+25
1.189996132248177938e+07 6.192325793912827066e+03 3.961754632106038798e+01 2.306483725011578674e+11 0.000000000000000000e+00 8.405683643665010001e+25
1.198746103808826394e+07 6.060096067805681741e+03 3.948763580068368384e+01 2.094444242704316711e+11 0.000000000000000000e+00 8.501780666916743559e+25
1.207496075369474664e+07 5.925077280553530727e+03 3.935405617578323501e+01 1.887718111077584839e+11 0.000000000000000000e+00 8.597165556273651437e+25
1.216246046930123121e+07 5.787052619970499109e+03 3.921655507605569113e+01 1.686396093692783508e+11 0.000000000000000000e+00 8.691737768983825082e+25
1.224996018490771390e+07 5.645644529332806997e+03 3.907487600133804051e+01 1.490571547950684204e+11 0.000000000000000000e+00 8.785393869622124312e+25
1.233745990051419847e+07 5.500446521342813867e+03 3.892873413808494121e+01 1.300351974079356384e+11 0.000000000000000000e+00 8.878019481586266530e+25
1.242495961612068117e+07 5.350974636550954529e+03 3.877780612168342600e+01 1.115863381313436127e+11 0.000000000000000000e+00 8.969486044579519924e+25
1.251245933172716573e+07 5.196604835970536442e+03 3.862173003645281710e+01 9.372502878940904236e+10 0.000000000000000000e+00 9.059650814610724087e+25
1.259995904733364843e+07 5.036564848139527385e+03 3.846010541564481855e+01 7.646757210690509033e+10 0.000000000000000000e+00 9.148356863994276270e+25
1.268745876294013299e+07 4.869868533905407276e+03 3.829249323596215504e+01 5.983212193896033478e+10 0.000000000000000000e+00 9.235433079769897811e+25
1.277495847854661569e+07 4.695183127773392698e+03 3.811837377049933195e+01 4.384044847539026642e+10 0.000000000000000000e+00 9.320681963929928000e+25
1.286245819415310025e+07 4.510687094418839479e+03 3.793709976520741378e+01 2.851999526159716034e+10 0.000000000000000000e+00 9.403865610903255044e+25
1.294995790975958295e+07 4.313771514543416743e+03 3.774787552509945954e+01 1.390492694011462402e+10 0.000000000000000000e+00 9.484699165043038071e+25
1.303745762536606751e+07 4.100396913009773925e+03 3.754969057573288893e+01 3.899878005458259583e+07 0.000000000000000000e+00 9.562831741730481575e+25
