# Radius (m)	Density (kg/m^3)	Gravity (m/s^2)	Pressure (Pa)	Temperature (K)	Mass Enclosed (kg)
0.000000000000000000e+00 6.003534837781375973e+04 0.000000000000000000e+00 3.389075886591971484e+13 0.000000000000000000e+00 0.000000000000000000e+00
1.107176077206621412e+05 6.003080332727773202e+04 1.858338510889533390e+00 3.388458242180819922e+13 0.000000000000000000e+00 3.413118388101028250e+20
2.214352154413242824e+05 6.001700753880967386e+04 3.716165333414306104e+00 3.386605761119210547e+13 0.000000000000000000e+00 2.730127654967388930e+21
3.321528231619864237e+05 5.999402341841439920e+04 5.572968209718035304e+00 3.383519806864235547e+13 0.000000000000000000e+00 9.212031368425971384e+21
4.428704308826485649e+05 5.996186927871374064e+04 7.428234241390146764e+00 3.379202643426269531e+13 0.000000000000000000e+00 2.182861489603633742e+22
5.535880386033107061e+05 5.992056876401085174e+04 9.281454459903279997e+00 3.373657445398755078e+13 0.000000000000000000e+00 4.261693650978764279e+22
6.643056463239728473e+05 5.987015215113485465e+04 1.113212097305154202e+01 3.366888277888732812e+13 0.000000000000000000e+00 7.360537238560280307e+22
7.750232540446349885e+05 5.981065632164111594e+04 1.297972797081428453e+01 3.358900092784325000e+13 0.000000000000000000e+00 1.168126183651301539e+23
8.857408617652971298e+05 5.974212461648148019e+04 1.482377839358248650e+01 3.349698709242078516e+13 0.000000000000000000e+00 1.742462111346622831e+23
9.964584694859592710e+05 5.966460649399922113e+04 1.666379651222166558e+01 3.339290767767799609e+13 0.000000000000000000e+00 2.478985387004365824e+23
1.107176077206621412e+06 5.957815897728089476e+04 1.849925501298663733e+01 3.327683924544694531e+13 0.000000000000000000e+00 3.397564289049956954e+23
1.217893684927283553e+06 5.948284553102331120e+04 2.032962686885962711e+01 3.314886700636341406e+13 0.000000000000000000e+00 4.517861631973330896e+23
1.328611292647945695e+06 5.937779174359726312e+04 2.215439413137399782e+01 3.300908456732128125e+13 0.000000000000000000e+00 5.859314221206093336e+23
1.439328900368607836e+06 5.926358692466119828e+04 2.397304793061426764e+01 3.285759393147254297e+13 0.000000000000000000e+00 7.441132853121518288e+23
1.550046508089269977e+06 5.914063883031206205e+04 2.578508847521610292e+01 3.269450549822728516e+13 0.000000000000000000e+00 9.282302315034547417e+23
1.660764115809932118e+06 5.900903701748981257e+04 2.759002505236632885e+01 3.251993806325370703e+13 0.000000000000000000e+00 1.140158138520179675e+24
1.771481723530594260e+06 5.886864449855787097e+04 2.938737602780291880e+01 3.233401881847810547e+13 0.000000000000000000e+00 1.381750283282154865e+24
1.882199331251256401e+06 5.871821836498265475e+04 3.117666884579746878e+01 3.213688335208310156e+13 0.000000000000000000e+00 1.654837341783875486e+24
1.992916938971918542e+06 5.855934194142068736e+04 3.295740822670880732e+01 3.192867366727858984e+13 0.000000000000000000e+00 1.961202819546559224e+24
2.103634546692580916e+06 5.839213094508375070e+04 3.472907385629001453e+01 3.170954141302323047e+13 0.000000000000000000e+00 2.302608219689682525e+24
2.214352154413242824e+06 5.821537490509488271e+04 3.649116492136722201e+01 3.147964813377758203e+13 0.000000000000000000e+00 2.680801757989398970e+24
2.325069762133904733e+06 5.802962895315359492e+04 3.824318408553443049e+01 3.123916231118035547e+13 0.000000000000000000e+00 3.097488490221243560e+24
2.435787369854567107e+06 5.783583704369058250e+04 3.998463748915351346e+01 3.098825936404840625e+13 0.000000000000000000e+00 3.554330312160128157e+24
2.546504977575229481e+06 5.763247383866460586e+04 4.171503474935420996e+01 3.072712164837673438e+13 0.000000000000000000e+00 4.052945959580338527e+24
2.657222585295891389e+06 5.742044812758432818e+04 4.343388896003412469e+01 3.045593845733849609e+13 0.000000000000000000e+00 4.594911008255538637e+24
2.767940193016553298e+06 5.720048587139758456e+04 4.514071669185873503e+01 3.017490602128498047e+13 0.000000000000000000e+00 5.181757873958773338e+24
2.878657800737215672e+06 5.697043213626905344e+04 4.683503799226141240e+01 2.988422750774563281e+13 0.000000000000000000e+00 5.814975812462466220e+24
2.989375408457878046e+06 5.673291042300972913e+04 4.851637638544336539e+01 2.958411302142804688e+13 0.000000000000000000e+00 6.496010919538409945e+24
3.100093016178539954e+06 5.648577877726706356e+04 5.018425887237370375e+01 2.927477960421796094e+13 0.000000000000000000e+00 7.226266130957777523e+24
3.210810623899201863e+06 5.623073828451240843e+04 5.183821593078937440e+01 2.895645123517925781e+13 0.000000000000000000e+00 8.007101222491127145e+24
3.321528231619864237e+06 5.596659557801943447e+04 5.347778151519522538e+01 2.862935883055396484e+13 0.000000000000000000e+00 8.839832809908386075e+24
3.432245839340526611e+06 5.569439237532849074e+04 5.510249218348143785e+01 2.829374023164987109e+13 0.000000000000000000e+00 9.725733508095314328e+24
3.542963447061188519e+06 5.541312515107740910e+04 5.671185255919561996e+01 2.794983900262322656e+13 0.000000000000000000e+00 1.066599267325925105e+25
3.653681054781850427e+06 5.512415884832100710e+04 5.830539158258386578e+01 2.759790329252528906e+13 0.000000000000000000e+00 1.166175379819924464e+25
3.764398662502512801e+06 5.482571391163812950e+04 5.988265699408847809e+01 2.723818668600426172e+13 0.000000000000000000e+00 1.271411572916146981e+25
3.875116270223175175e+06 5.451999356627347879e+04 6.144319353158536501e+01 2.687094818095864062e+13 0.000000000000000000e+00 1.382411387761139666e+25
3.985833877943837084e+06 5.420483675337520253e+04 6.298654293038406848e+01 2.649645218853724219e+13 0.000000000000000000e+00 1.499272022023381430e+25
4.096551485664498992e+06 5.388183444431272801e+04 6.451224392322774293e+01 2.611496853313915625e+13 0.000000000000000000e+00 1.622084329893282652e+25
4.207269093385161832e+06 5.355108455104056338e+04 6.601983224029315522e+01 2.572677245241379297e+13 0.000000000000000000e+00 1.750932822083185397e+25
4.317986701105823740e+06 5.321091243917304382e+04 6.750884060919068475e+01 2.533214459726085938e+13 0.000000000000000000e+00 1.885895665827360193e+25
4.428704308826485649e+06 5.286317452582964324e+04 6.897879875496435886e+01 2.493137103183035547e+13 0.000000000000000000e+00 2.027044684882011188e+25
4.539421916547147557e+06 5.250772410910447070e+04 7.042998832028106904e+01 2.452468151070658984e+13 0.000000000000000000e+00 2.174466105570746349e+25
4.650139524267809466e+06 5.214300264600483933e+04 7.186314032140568031e+01 2.411225311568194531e+13 0.000000000000000000e+00 2.328259350142100594e+25
4.760857131988472305e+06 5.183707916730112629e+04 7.327771998170427992e+01 2.369435947094228906e+13 0.000000000000000000e+00 2.488485162017846296e+25
4.871574739709134214e+06 5.151371320107536303e+04 7.467312135982317045e+01 2.327128936286256250e+13 0.000000000000000000e+00 2.655192164606339573e+25
4.982292347429796122e+06 5.112513431830002810e+04 7.604868469334371639e+01 2.284334543266219141e+13 0.000000000000000000e+00 2.828417297036805553e+25
5.093009955150458962e+06 5.072883360609760712e+04 7.740369639878232988e+01 2.241084417640510547e+13 0.000000000000000000e+00 3.008185814159335797e+25
5.203727562871120870e+06 5.032455494112400629e+04 7.873738907159039968e+01 2.197411594499975391e+13 0.000000000000000000e+00 3.194511286544880136e+25
5.314445170591782779e+06 4.991299197924916371e+04 8.004894148615444749e+01 2.153350494419908203e+13 0.000000000000000000e+00 3.387395600485258703e+25
5.425162778312444687e+06 4.949420211259646749e+04 8.133747859579595740e+01 2.108936923460053125e+13 0.000000000000000000e+00 3.586828957993155481e+25
5.535880386033106595e+06 4.906825644232266495e+04 8.260218829931457662e+01 2.064206765973389844e+13 0.000000000000000000e+00 3.792794349305125470e+25
5.646597993753769435e+06 4.863517890109953441e+04 8.384290621763346962e+01 2.019189416286986328e+13 0.000000000000000000e+00 4.005292295184800968e+25
5.757315601474431343e+06 4.819500955157524731e+04 8.505934408326019991e+01 1.973915963704258984e+13 0.000000000000000000e+00 4.224312760404790803e+25
5.868033209195093252e+06 4.774780633850863524e+04 8.625116478143934273e+01 1.928418027167617188e+13 0.000000000000000000e+00 4.449835473024350710e+25
5.978750816915756091e+06 4.729364285399018991e+04 8.741803089099491331e+01 1.882727200776331250e+13 0.000000000000000000e+00 4.681831620566098319e+25
6.089468424636418000e+06 4.683258532482491864e+04 8.855960468433049471e+01 1.836875053786530859e+13 0.000000000000000000e+00 4.920263850016008856e+25
6.200186032357079908e+06 4.636472238351238047e+04 8.967554812742915260e+01 1.790893130611205469e+13 0.000000000000000000e+00 5.165086267823422876e+25
6.310903640077741817e+06 4.589013998709919542e+04 9.076552287985346368e+01 1.744812950820204492e+13 0.000000000000000000e+00 5.416244439901043687e+25
6.421621247798403725e+06 4.540894747803678911e+04 9.182919029474555828e+01 1.698666009140236914e+13 0.000000000000000000e+00 5.673675391624936487e+25
6.532338855519066565e+06 4.492042707405706460e+04 9.286621141882703512e+01 1.652483775454870508e+13 0.000000000000000000e+00 5.937307607834530087e+25
6.643056463239728473e+06 4.442535603107178758e+04 9.387624699239901815e+01 1.606297694804535156e+13 0.000000000000000000e+00 6.207061032832610894e+25
6.753774070960390382e+06 4.392391549053195922e+04 9.485895744934217078e+01 1.560139187386518555e+13 0.000000000000000000e+00 6.482847070385330645e+25
6.864491678681053221e+06 4.341626922617494711e+04 9.581400251829673209e+01 1.514039650994481836e+13 0.000000000000000000e+00 6.764568511903831737e+25
6.975209286401715130e+06 4.290116702154619270e+04 9.674103837838022457e+01 1.468030380300297656e+13 0.000000000000000000e+00 7.052117869356441651e+25
7.085926894122377038e+06 4.237998897544675856e+04 9.763974552365856141e+01 1.422142194202426953e+13 0.000000000000000000e+00 7.345380466824131908e+25
7.196644501843038946e+06 4.185247329343382444e+04 9.850980234043829853e+01 1.376405768502750000e+13 0.000000000000000000e+00 7.644232300501213074e+25
7.307362109563700855e+06 4.131794636878721940e+04 9.935087505070350744e+01 1.330851734729543750e+13 0.000000000000000000e+00 7.948538725221569454e+25
7.418079717284363694e+06 4.077750278744220850e+04 1.001626177121158037e+02 1.285510680137480273e+13 0.000000000000000000e+00 8.258154454458665097e+25
7.528797325005025603e+06 4.022993030299267411e+04 1.009446722180142757e+02 1.240413147707628906e+13 0.000000000000000000e+00 8.572923560325528341e+25
7.639514932725687511e+06 3.967621211439187027e+04 1.016966567385898799e+02 1.195589770063726367e+13 0.000000000000000000e+00 8.892678171777587814e+25
7.750232540446350351e+06 3.911599627010468976e+04 1.024182753330874505e+02 1.151069879377715039e+13 0.000000000000000000e+00 9.217247677377762006e+25
7.860950148167012259e+06 3.854875196786272863e+04 1.031092211419110356e+02 1.106882641587741797e+13 0.000000000000000000e+00 9.546450423963242690e+25
7.971667755887674168e+06 2.255954894233008235e+04 1.030030870608994604e+02 1.072641764144496094e+13 0.000000000000000000e+00 9.807152981860167431e+25
8.082385363608336076e+06 2.231583145046272693e+04 1.022556266507288427e+02 1.047145509439968945e+13 0.000000000000000000e+00 1.000830771314040802e+26
8.193102971328997985e+06 2.207456645043768731e+04 1.015440131410359328e+02 1.022104016191075391e+13 0.000000000000000000e+00 1.021281550618457088e+26
8.303820579049660824e+06 2.183565829653301626e+04 1.008659817801171101e+02 9.975021898434935547e+12 0.000000000000000000e+00 1.042065393640874014e+26
8.414538186770323664e+06 2.159896922287284542e+04 1.002194144218227905e+02 9.733259176783144531e+12 0.000000000000000000e+00 1.063179895346634061e+26
8.525255794490985572e+06 2.136436601052297920e+04 9.960230932855498054e+01 9.495620597776300781e+12 0.000000000000000000e+00 1.084622360588246366e+26
8.635973402211647481e+06 2.113172547916718759e+04 9.901278032874273549e+01 9.261984558817214844e+12 0.000000000000000000e+00 1.106389797380823424e+26
8.746691009932309389e+06 2.090093282535081380e+04 9.844905371283124396e+01 9.032238874378193359e+12 0.000000000000000000e+00 1.128478928785596755e+26
8.857408617652971298e+06 2.067187326492702414e+04 9.790941662906179488e+01 8.806271815741164062e+12 0.000000000000000000e+00 1.150886565645919504e+26
8.968126225373633206e+06 2.044444718874198588e+04 9.739235641119168463e+01 8.583985605544086914e+12 0.000000000000000000e+00 1.173609288233914684e+26
9.078843833094295114e+06 2.021856254073612581e+04 9.689646590615900834e+01 8.365291557457618164e+12 0.000000000000000000e+00 1.196643340379506932e+26
9.189561440814957023e+06 1.999413308094040258e+04 9.642039421868389582e+01 8.150105195113574219e+12 0.000000000000000000e+00 1.219984740345737011e+26
9.300279048535618931e+06 1.977102853834400958e+04 9.596284671126865362e+01 7.938346252104929688e+12 0.000000000000000000e+00 1.243629280828760945e+26
9.410996656256282702e+06 1.954899361246915942e+04 9.552258500419762299e+01 7.729938671985811523e+12 0.000000000000000000e+00 1.267572528957850539e+26
9.521714263976944610e+06 1.932815823683878261e+04 9.509842697553729352e+01 7.524810608271515625e+12 0.000000000000000000e+00 1.291809826295392520e+26
9.632431871697606519e+06 1.910845192425561982e+04 9.468924676113621786e+01 7.322894424438483398e+12 0.000000000000000000e+00 1.316336288836889736e+26
9.743149479418268427e+06 1.888980853167236637e+04 9.429397475462506861e+01 7.124126693924321289e+12 0.000000000000000000e+00 1.341146807010960473e+26
9.853867087138930336e+06 1.867216711764396678e+04 9.391159760741659568e+01 6.928448200127789062e+12 0.000000000000000000e+00 1.366236045679338453e+26
9.964584694859592244e+06 1.845519654729310059e+04 9.354115822870569730e+01 6.735803936408805664e+12 0.000000000000000000e+00 1.391598444136873005e+26
1.007530230258025415e+07 1.823898921110712399e+04 9.318175578546932059e+01 6.546143106088449219e+12 0.000000000000000000e+00 1.417228216111528723e+26
1.018601991030091792e+07 1.802360603548557992e+04 9.283254570246651838e+01 6.359419122448949219e+12 0.000000000000000000e+00 1.443119349764386839e+26
1.029673751802157983e+07 1.780900515488367091e+04 9.249273966223849186e+01 6.175589608733705078e+12 0.000000000000000000e+00 1.469265607689641961e+26
1.040745512574224174e+07 1.759477832071643934e+04 9.216160560510846267e+01 5.994616398147261719e+12 0.000000000000000000e+00 1.495660526914606194e+26
1.051817273346290365e+07 1.738113116951766278e+04 9.183846772918184342e+01 5.816465533855328125e+12 0.000000000000000000e+00 1.522297418899706391e+26
1.062889034118356556e+07 1.716814786227064178e+04 9.152267073187363167e+01 5.641104596009284180e+12 0.000000000000000000e+00 1.549169306956303171e+26
1.073960794890422747e+07 1.695544536863077519e+04 9.121347370096130192e+01 5.468494688119156250e+12 0.000000000000000000e+00 1.576268784452259726e+26
1.085032555662488937e+07 1.674310027987520152e+04 9.091025192315588299e+01 5.298605599726731445e+12 0.000000000000000000e+00 1.603588371024502075e+26
1.096104316434555128e+07 1.653131383931769960e+04 9.061241235864009980e+01 5.131409658275164062e+12 0.000000000000000000e+00 1.631120306197704615e+26
1.107176077206621319e+07 1.631945176218046618e+04 9.031938080827914916e+01 4.966880776793726562e+12 0.000000000000000000e+00 1.658856524187160107e+26
1.118247837978687696e+07 1.610805340528902161e+04 9.003060191362068565e+01 4.804994453897804688e+12 0.000000000000000000e+00 1.686788653898780707e+26
1.129319598750753887e+07 1.589669141967571341e+04 8.974553915689486416e+01 4.645727773788911133e+12 0.000000000000000000e+00 1.714908018929095557e+26
1.140391359522820078e+07 1.568552295218057407e+04 8.946367486101432576e+01 4.489059406254665039e+12 0.000000000000000000e+00 1.743205637565252511e+26
1.151463120294886269e+07 1.547435359335665089e+04 8.918451018957416920e+01 4.334969606668806641e+12 0.000000000000000000e+00 1.771672222785018126e+26
1.162534881066952460e+07 1.526328238350119500e+04 8.890756514685195100e+01 4.183440215991192383e+12 0.000000000000000000e+00 1.800298182256777668e+26
1.173606641839018650e+07 1.505202111429925571e+04 8.863237857780775641e+01 4.034454660767797363e+12 0.000000000000000000e+00 1.829073618339533735e+26
1.184678402611084841e+07 1.484090519587190283e+04 8.835850816808411423e+01 3.887997953130711914e+12 0.000000000000000000e+00 1.857988328082907976e+26
1.195750163383151218e+07 1.462933690397067039e+04 8.808553044400601095e+01 3.744056690798141113e+12 0.000000000000000000e+00 1.887031803227140403e+26
1.206821924155217409e+07 1.441770419454532384e+04 8.781304077258096186e+01 3.602619057074415039e+12 0.000000000000000000e+00 1.916193230203088704e+26
1.217893684927283600e+07 1.420593911494614804e+04 8.754065336149893994e+01 3.463674820849972656e+12 0.000000000000000000e+00 1.945461490132228933e+26
1.228965445699349791e+07 1.399365306421913556e+04 8.726800125913237594e+01 3.327215336601373535e+12 0.000000000000000000e+00 1.974825158826656877e+26
1.240037206471415982e+07 1.378102752104226965e+04 8.699473635453617248e+01 3.193233544391292480e+12 0.000000000000000000e+00 2.004272506789084973e+26
1.251108967243482172e+07 1.356803157196514803e+04 8.672049574522451110e+01 3.061721064062787598e+12 0.000000000000000000e+00 2.033791164464799275e+26
1.262180728015548363e+07 1.335456604547929601e+04 8.644490939694455278e+01 2.932669039141306641e+12 0.000000000000000000e+00 2.063368409542491294e+26
1.273252488787614554e+07 1.314054324996672040e+04 8.616763612355559587e+01 2.806071651499951660e+12 0.000000000000000000e+00 2.092991352238064820e+26
1.284324249559680745e+07 1.292588055247259581e+04 8.588833860592339420e+01 2.681924037910866699e+12 0.000000000000000000e+00 2.122646557021177163e+26
1.295396010331747122e+07 1.271050088235775547e+04 8.560668339157886919e+01 2.560222290015862305e+12 0.000000000000000000e+00 2.152320042611118728e+26
1.306467771103813313e+07 1.249433322726145343e+04 8.532234089471810989e+01 2.440963454326423828e+12 0.000000000000000000e+00 2.181997281976813022e+26
1.317539531875879504e+07 1.227731382812449374e+04 8.503498539620238716e+01 2.324145532223699707e+12 0.000000000000000000e+00 2.211663202336818709e+26
1.328611292647945695e+07 1.205938741900314199e+04 8.474429504355811105e+01 2.209767479958511230e+12 0.000000000000000000e+00 2.241302185159327554e+26
1.339683053420011885e+07 1.184050622329916951e+04 8.444995185097687340e+01 2.097829208651346191e+12 0.000000000000000000e+00 2.270898066162166482e+26
1.350754814192078076e+07 1.162046327569323330e+04 8.415164169931544791e+01 1.988331584292363281e+12 0.000000000000000000e+00 2.300434135312794827e+26
1.361826574964144267e+07 1.139913159569152049e+04 8.384905433609574743e+01 1.881276427741389893e+12 0.000000000000000000e+00 2.329893136828307085e+26
1.372898335736210644e+07 1.117665411742229116e+04 8.354188337550488086e+01 1.776666514727920410e+12 0.000000000000000000e+00 2.359257269175431195e+26
1.383970096508276835e+07 1.095251740638577394e+04 8.322982629839509627e+01 1.674505575851124268e+12 0.000000000000000000e+00 2.388508185070528192e+26
1.395041857280343026e+07 1.072693574411602094e+04 8.291258445228382357e+01 1.574798296579833984e+12 0.000000000000000000e+00 2.417626991479594274e+26
1.406113618052409217e+07 1.049969963040521543e+04 8.258986286835826718e+01 1.477550318004996582e+12 0.000000000000000000e+00 2.446594243501395862e+26
1.417185378824475408e+07 1.027050420566325010e+04 8.226133341987090830e+01 1.382768276723605225e+12 0.000000000000000000e+00 2.475388797595356233e+26
1.428257139596541598e+07 1.003927911354725438e+04 8.192665445685044290e+01 1.290459741324023438e+12 0.000000000000000000e+00 2.503988597339587750e+26
1.439328900368607789e+07 9.805830574793326377e+03 8.158549017359925415e+01 1.200633882840615723e+12 0.000000000000000000e+00 2.532370975898352734e+26
1.450400661140673980e+07 9.569855537032024586e+03 8.123749019689651618e+01 1.113301694793015137e+12 0.000000000000000000e+00 2.560511898159947251e+26
1.461472421912740171e+07 9.331288625550354482e+03 8.088228958599809459e+01 1.028475993186124512e+12 0.000000000000000000e+00 2.588385960736700076e+26
1.472544182684806548e+07 9.089715144404435705e+03 8.051950883263660330e+01 9.461714165101147461e+11 0.000000000000000000e+00 2.615966391964973382e+26
1.483615943456872739e+07 8.844924575434124563e+03 8.014875386102144716e+01 8.664044257404299316e+11 0.000000000000000000e+00 2.643225051905161024e+26
1.494687704228938930e+07 8.596469546729844296e+03 7.976961602783870831e+01 7.891933043377796631e+11 0.000000000000000000e+00 2.670132432341691284e+26
1.505759465001005121e+07 8.343960057559088455e+03 7.938167121620018918e+01 7.145582273221561279e+11 0.000000000000000000e+00 2.696657616910357821e+26
1.516831225773071311e+07 8.086950059330198201e+03 7.898443477042837912e+01 6.425244483364195557e+11 0.000000000000000000e+00 2.722766379954380135e+26
1.527902986545137502e+07 7.824798750964477222e+03 7.857739052720451411e+01 5.731197553512429199e+11 0.000000000000000000e+00 2.748422514251614855e+26
1.538974747317203693e+07 7.556787536793408435e+03 7.815997100039290046e+01 5.063767793219656372e+11 0.000000000000000000e+00 2.773586612061033698e+26
1.550046508089270070e+07 7.282134552439255458e+03 7.773153259848984931e+01 4.423350328410150757e+11 0.000000000000000000e+00 2.798214916413015322e+26
1.561118268861336261e+07 6.999788324800713781e+03 7.729135562462374764e+01 3.810409101379106445e+11 0.000000000000000000e+00 2.822259321109340513e+26
1.572190029633402452e+07 6.708313390778850589e+03 7.683864427655500151e+01 3.225476870792572632e+11 0.000000000000000000e+00 2.845667370723197343e+26
1.583261790405468643e+07 6.405982907863295623e+03 7.637248207645713194e+01 2.669190059382523499e+11 0.000000000000000000e+00 2.868380262445669156e+26
1.594333551177534834e+07 6.090501331776062216e+03 7.589175258956727532e+01 2.142352741607968445e+11 0.000000000000000000e+00 2.890329244064482912e+26
1.605405311949601024e+07 5.758483877902201129e+03 7.539508591066019960e+01 1.645989867724567261e+11 0.000000000000000000e+00 2.911432977426787588e+26
1.616477072721667215e+07 5.405154385211162662e+03 7.488078037817132326e+01 1.181413262724723511e+11 0.000000000000000000e+00 2.931593966948380333e+26
1.627548833493733406e+07 5.022762094930070816e+03 7.434660710552287810e+01 7.503865786664199829e+10 0.000000000000000000e+00 2.950689924110308257e+26
1.638620594265799597e+07 4.597747046479511482e+03 7.378936923145495541e+01 3.555055024648241425e+10 0.000000000000000000e+00 2.968554157028080685e+26
1.649692355037865974e+07 4.101158801290664087e+03 7.320414585325318058e+01 8.493490302307128906e+07 0.000000000000000000e+00 2.984942447403797745e+26
