# Radius (m)	Density (kg/m^3)	Gravity (m/s^2)	Pressure (Pa)	Temperature (K)	Mass Enclosed (kg)
0.000000000000000000e+00 2.057013274396646011e+04 0.000000000000000000e+00 1.638014431255020020e+12 0.000000000000000000e+00 0.000000000000000000e+00
6.171732385359614273e+04 2.056932202860146208e+04 3.549397806829583946e-01 1.637789115197168213e+12 0.000000000000000000e+00 2.025642010865113907e+19
1.234346477071922855e+05 2.056689019030225609e+04 7.098293458524521649e-01 1.637113252566995361e+12 0.000000000000000000e+00 1.620398639637063598e+20
1.851519715607884282e+05 2.056283814571166295e+04 1.064617955885642342e+00 1.635987098120185547e+12 0.000000000000000000e+00 5.468165778897011343e+20
2.468692954143845709e+05 2.055716743195582239e+04 1.419255722046278700e+00 1.634411079058709473e+12 0.000000000000000000e+00 1.295953236860147597e+21
3.085866192679806845e+05 2.054988019327238726e+04 1.773692533431966645e+00 1.632385791314500488e+12 0.000000000000000000e+00 2.530621564296327856e+21
3.703039431215768564e+05 2.054097917172629241e+04 2.127878147541893750e+00 1.629911996969156738e+12 0.000000000000000000e+00 4.371760355329562903e+21
4.320212669751730282e+05 2.053046767607140646e+04 2.481764866069141373e+00 1.626990615599894043e+12 0.000000000000000000e+00 6.939949142289077502e+21
4.937385908287691418e+05 2.051834972509807267e+04 2.835299992566812310e+00 1.623622764119056885e+12 0.000000000000000000e+00 1.035565856301324750e+22
5.554559146823652554e+05 2.050453604418072791e+04 3.188430143393077287e+00 1.619809733287272217e+12 0.000000000000000000e+00 1.473888197163047138e+22
6.171732385359613691e+05 2.048901984141741923e+04 3.541103026653331209e+00 1.615552978998922607e+12 0.000000000000000000e+00 2.020903537188368548e+22
6.788905623895575991e+05 2.047189214067773719e+04 3.893267442200197159e+00 1.610854122282146484e+12 0.000000000000000000e+00 2.688495741713038023e+22
7.406078862431537127e+05 2.045315945266166091e+04 4.244873281633521955e+00 1.605714949298837646e+12 0.000000000000000000e+00 3.488490941034254880e+22
8.023252100967498263e+05 2.043282888999467104e+04 4.595871528300376596e+00 1.600137411344645508e+12 0.000000000000000000e+00 4.432657530410673321e+22
8.640425339503460564e+05 2.041090816722768795e+04 4.946214257295064698e+00 1.594123624848975098e+12 0.000000000000000000e+00 5.532706170062404950e+22
9.257598578039421700e+05 2.038740561811491352e+04 5.295853200391162474e+00 1.587675876115017090e+12 0.000000000000000000e+00 6.800244661503157233e+22
9.874771816575382836e+05 2.036213502127106767e+04 5.644734151705733893e+00 1.580796637925709473e+12 0.000000000000000000e+00 8.246715536709610845e+22
1.049194505511134397e+06 2.033514812044417340e+04 5.992805421739300975e+00 1.573488539036882568e+12 0.000000000000000000e+00 9.883673467311779480e+22
1.110911829364730511e+06 2.030658786097921984e+04 6.340015715833143162e+00 1.565754371938584961e+12 0.000000000000000000e+00 1.172256325680657953e+23
1.172629153218326624e+06 2.027646516596812580e+04 6.686313620276106207e+00 1.557597094622783691e+12 0.000000000000000000e+00 1.377469591797533298e+23
1.234346477071922738e+06 2.024479156965816219e+04 7.031647602304595068e+00 1.549019830583361816e+12 0.000000000000000000e+00 1.605124867288375147e+23
1.296063800925519085e+06 2.021115612353469623e+04 7.375966010102584569e+00 1.540025868816121094e+12 0.000000000000000000e+00 1.856326495288196313e+23
1.357781124779115198e+06 2.017596502806805074e+04 7.719217072801608737e+00 1.530618663818779785e+12 0.000000000000000000e+00 2.132165439860445890e+23
1.419498448632711312e+06 2.013924158689269825e+04 8.061348900480767909e+00 1.520801835590973877e+12 0.000000000000000000e+00 2.433719285997015631e+23
1.481215772486307425e+06 2.010085394173546956e+04 8.402309484166728737e+00 1.510579169634256348e+12 0.000000000000000000e+00 2.762052239618236922e+23
1.542933096339903539e+06 2.006058863030748034e+04 8.742046695833721515e+00 1.499954616952098389e+12 0.000000000000000000e+00 3.118215127572878773e+23
1.604650420193499653e+06 2.001881583501015848e+04 9.080508288403535744e+00 1.488932294049887451e+12 0.000000000000000000e+00 3.503245397638153859e+23
1.666367744047095766e+06 1.997547270251707596e+04 9.417641895745532565e+00 1.477516482934929443e+12 0.000000000000000000e+00 3.918167118519708450e+23
1.728085067900692113e+06 1.993014767573341669e+04 9.753395032676630549e+00 1.465711631116446533e+12 0.000000000000000000e+00 4.363990979851638182e+23
1.789802391754288226e+06 1.988334662911303167e+04 1.008771509496131813e+01 1.453522351605579102e+12 0.000000000000000000e+00 4.841714292196467257e+23
1.851519715607884340e+06 1.983486248276987317e+04 1.042054935931164650e+01 1.440953422915384766e+12 0.000000000000000000e+00 5.352320987045167901e+23
1.913237039461480454e+06 1.978451470710095600e+04 1.075184486742243273e+01 1.428009784852529053e+12 0.000000000000000000e+00 5.896778781634092388e+23
1.974954363315076567e+06 1.973272886629519053e+04 1.108154609398734891e+01 1.414696442380791992e+12 0.000000000000000000e+00 6.475979654307540338e+23
2.036671687168672681e+06 1.967893930338897917e+04 1.140959968670893687e+01 1.401018619881420166e+12 0.000000000000000000e+00 7.090850287517024408e+23
2.098389011022268794e+06 1.962362502334734017e+04 1.173595316140236378e+01 1.386981738997272217e+12 0.000000000000000000e+00 7.742323638462371405e+23
2.160106334875864908e+06 1.956651391639290523e+04 1.206055350997295683e+01 1.372591372578696777e+12 0.000000000000000000e+00 8.431305694314394162e+23
2.221823658729461022e+06 1.950767244296876743e+04 1.238334720041618731e+01 1.357853244683532715e+12 0.000000000000000000e+00 9.158675472214896903e+23
2.283540982583057135e+06 1.944714179449841322e+04 1.270428017681768473e+01 1.342773230577110107e+12 0.000000000000000000e+00 9.925285019276672563e+23
2.345258306436653249e+06 1.938478699517081986e+04 1.302329785935322803e+01 1.327357356732248779e+12 0.000000000000000000e+00 1.073195941258350681e+24
2.406975630290249363e+06 1.932074554297282884e+04 1.334034514428875084e+01 1.311611800829259033e+12 0.000000000000000000e+00 1.157949675919016597e+24
2.468692954143845476e+06 1.925489538109723071e+04 1.365536640398033441e+01 1.295542891755942139e+12 0.000000000000000000e+00 1.246866819612241581e+24
2.530410277997442055e+06 1.918725829744835937e+04 1.396830548687421825e+01 1.279157109607588867e+12 0.000000000000000000e+00 1.340021789037701483e+24
2.592127601851038169e+06 1.911794148205795500e+04 1.427910571750678415e+01 1.262461085686981445e+12 0.000000000000000000e+00 1.437486303892169013e+24
2.653844925704634283e+06 1.904662656521151803e+04 1.458770989650457750e+01 1.245461602504391846e+12 0.000000000000000000e+00 1.539329386869517762e+24
2.715562249558230396e+06 1.897375438164981460e+04 1.489406030058428598e+01 1.228165593777582764e+12 0.000000000000000000e+00 1.645617363660720059e+24
2.777279573411826510e+06 1.889881061308898643e+04 1.519809868255275731e+01 1.210580144431807129e+12 0.000000000000000000e+00 1.756413862953846433e+24
2.838996897265422624e+06 1.882212571482895873e+04 1.549976627130698859e+01 1.192712490599808350e+12 0.000000000000000000e+00 1.871779816434067223e+24
2.900714221119018737e+06 1.874376670626304622e+04 1.579900377183412274e+01 1.174570019621820312e+12 0.000000000000000000e+00 1.991773458783650431e+24
2.962431544972614851e+06 1.866322739497250586e+04 1.609575136521146632e+01 1.156160270045567383e+12 0.000000000000000000e+00 2.116450327681965211e+24
3.024148868826210964e+06 1.858093876256775911e+04 1.638994870860646813e+01 1.137490931626264404e+12 0.000000000000000000e+00 2.245863263805477308e+24
3.085866192679807078e+06 1.849687122243155318e+04 1.668153493527673703e+01 1.118569845326616211e+12 0.000000000000000000e+00 2.380062410827752813e+24
3.147583516533403192e+06 1.841080117575634358e+04 1.697044865457002771e+01 1.099405003316818848e+12 0.000000000000000000e+00 2.519095215419456284e+24
3.209300840386999305e+06 1.832269738593942748e+04 1.725662795192425136e+01 1.080004548974557983e+12 0.000000000000000000e+00 2.663006427248351823e+24
3.271018164240595419e+06 1.823271451617019193e+04 1.754001038886746144e+01 1.060376776885010010e+12 0.000000000000000000e+00 2.811838098979301731e+24
3.332735488094191533e+06 1.814081079449706885e+04 1.782053168386180531e+01 1.040530152793289551e+12 0.000000000000000000e+00 2.965627548905131508e+24
3.394452811947787646e+06 1.804694694015707864e+04 1.809812064293459244e+01 1.020473385492636597e+12 0.000000000000000000e+00 3.124397636885213501e+24
3.456170135801384225e+06 1.795106346353075787e+04 1.837271484443076375e+01 1.000215182822255737e+12 0.000000000000000000e+00 3.288179601263164056e+24
3.517887459654980339e+06 1.785300179679518260e+04 1.864425191281880601e+01 9.797643876925307617e+11 0.000000000000000000e+00 3.457002384141980224e+24
3.579604783508576453e+06 1.775289661385453655e+04 1.891266748812195075e+01 9.591300092758466797e+11 0.000000000000000000e+00 3.630889746158590771e+24
3.641322107362172566e+06 1.765071136724259122e+04 1.917789522591816365e+01 9.383212230065906982e+11 0.000000000000000000e+00 3.809860266483849728e+24
3.703039431215768680e+06 1.754641002077806479e+04 1.943986679734014444e+01 9.173473705811514893e+11 0.000000000000000000e+00 3.993927342822536402e+24
3.764756755069364794e+06 1.743995806540142439e+04 1.969851188907534478e+01 8.962179599579199219e+11 0.000000000000000000e+00 4.183099191413356978e+24
3.826474078922960907e+06 1.733132292262649571e+04 1.995375820336593620e+01 8.749426653572883301e+11 0.000000000000000000e+00 4.377378847028942912e+24
3.888191402776557021e+06 1.722047455288693891e+04 2.020553145800884920e+01 8.535313272616514893e+11 0.000000000000000000e+00 4.576764162975854150e+24
3.949908726630153134e+06 1.710738334766047046e+04 2.045375538635573420e+01 8.319939524154052734e+11 0.000000000000000000e+00 4.781247811094574837e+24
4.011626050483749248e+06 1.699184769652065734e+04 2.069835173731298994e+01 8.103407138249478760e+11 0.000000000000000000e+00 4.990817281759517608e+24
4.073343374337345362e+06 1.687395886758838969e+04 2.093924027534175281e+01 7.885819507586791992e+11 0.000000000000000000e+00 5.205454883879018222e+24
4.135060698190941475e+06 1.675371040460246149e+04 2.117633878045789686e+01 7.667281687470007324e+11 0.000000000000000000e+00 5.425137744895342002e+24
4.196778022044537589e+06 1.663108335176640685e+04 2.140956304823203027e+01 7.447900395823161621e+11 0.000000000000000000e+00 5.649837810784679005e+24
4.258495345898133703e+06 1.650593402487381172e+04 2.163882688978950597e+01 7.227784013190310059e+11 0.000000000000000000e+00 5.879521846057145633e+24
4.320212669751729816e+06 1.637807030587555892e+04 2.186404213181041456e+01 7.007042582735520020e+11 0.000000000000000000e+00 6.114151433756784630e+24
4.381929993605325930e+06 1.624773998639948331e+04 2.208511861652957364e+01 6.785787810242888184e+11 0.000000000000000000e+00 6.353682975461566159e+24
4.443647317458922043e+06 1.611459376659676855e+04 2.230196420173655980e+01 6.564133064116517334e+11 0.000000000000000000e+00 6.598067691283384581e+24
4.505364641312518157e+06 1.597872563537141104e+04 2.251448568028090236e+01 6.342193210748125000e+11 0.000000000000000000e+00 6.847251549436898735e+24
4.567081965166114271e+06 1.583995141269603300e+04 2.272258647126849596e+01 6.120086716739877930e+11 0.000000000000000000e+00 7.101167118985021190e+24
4.628799289019710384e+06 1.569834365744393290e+04 2.292616290070267837e+01 5.897934547350218506e+11 0.000000000000000000e+00 7.359739236225818810e+24
4.690516612873306498e+06 1.555349973904381841e+04 2.312511156400943335e+01 5.675858241181234131e+11 0.000000000000000000e+00 7.622888104264123791e+24
4.752233936726902612e+06 7.737856202849154215e+03 2.311963546556415494e+01 5.509992266496591797e+11 0.000000000000000000e+00 7.822957203198717819e+24
4.813951260580498725e+06 7.694070591267653072e+03 2.292494875976941771e+01 5.400355290326105957e+11 0.000000000000000000e+00 7.959872282205996032e+24
4.875668584434094839e+06 7.650453467638486472e+03 2.274039712849550554e+01 5.292236473897979126e+11 0.000000000000000000e+00 8.099548140182525130e+24
4.937385908287690952e+06 7.606985371516993837e+03 2.256542856981809564e+01 5.185577329304274292e+11 0.000000000000000000e+00 8.241992168401434984e+24
4.999103232141287997e+06 7.563647396787850084e+03 2.239953031618602353e+01 5.080322945203547363e+11 0.000000000000000000e+00 8.387211540258052943e+24
5.060820555994884111e+06 7.520420927618752103e+03 2.224221528561987071e+01 4.976421401757666016e+11 0.000000000000000000e+00 8.535212327357214028e+24
5.122537879848480225e+06 7.477287954974599415e+03 2.209302166735009010e+01 4.873823817966086426e+11 0.000000000000000000e+00 8.685999414820982288e+24
5.184255203702076338e+06 7.434231356668657099e+03 2.195151292181700597e+01 4.772484351665865479e+11 0.000000000000000000e+00 8.839576501288637911e+24
5.245972527555672452e+06 7.391234751335376131e+03 2.181727778067083889e+01 4.672360199531654663e+11 0.000000000000000000e+00 8.995946098916682598e+24
5.307689851409268565e+06 7.348268779606036333e+03 2.168993024677167725e+01 4.573411597075703125e+11 0.000000000000000000e+00 9.155109533378839558e+24
5.369407175262864679e+06 7.305312469414067891e+03 2.156910685687268270e+01 4.475601360578361206e+11 0.000000000000000000e+00 9.317067135597142037e+24
5.431124499116460793e+06 7.262374749111730125e+03 2.145444786830572070e+01 4.378891292529512939e+11 0.000000000000000000e+00 9.481820150663497617e+24
5.492841822970056906e+06 7.219441348860569633e+03 2.134563875440777636e+01 4.283249063939973755e+11 0.000000000000000000e+00 9.649367912416886569e+24
5.554559146823653020e+06 7.176499075243755215e+03 2.124238400423846684e+01 4.188644981823535767e+11 0.000000000000000000e+00 9.819708152135572097e+24
5.616276470677249134e+06 7.133535056689017438e+03 2.114439885676099351e+01 4.095050719176732788e+11 0.000000000000000000e+00 9.992837427511788470e+24
5.677993794530845247e+06 7.090536693463811389e+03 2.105140930084213835e+01 4.002439314978841553e+11 0.000000000000000000e+00 1.016875112265173995e+25
5.739711118384441361e+06 7.047491741795500275e+03 2.096315207525224977e+01 3.910785174191881104e+11 0.000000000000000000e+00 1.034744344807559541e+25
5.801428442238037474e+06 7.004387475436527893e+03 2.087937466866527103e+01 3.820064067760611572e+11 0.000000000000000000e+00 1.052890744071750126e+25
5.863145766091633588e+06 6.961212776740222580e+03 2.079983531965871180e+01 3.730253132612535400e+11 0.000000000000000000e+00 1.071313496392557279e+25
5.924863089945229702e+06 6.917955761689121573e+03 2.072430301671366593e+01 3.641330871657897949e+11 0.000000000000000000e+00 1.090011670746188994e+25
5.986580413798825815e+06 6.874606242046523221e+03 2.065255749821480080e+01 3.553277153789686279e+11 0.000000000000000000e+00 1.108984218750251016e+25
6.048297737652421929e+06 6.831145721529824186e+03 2.058438925245037154e+01 3.466073213883628540e+11 0.000000000000000000e+00 1.128229974663745335e+25
6.110015061506018043e+06 6.787536719395091495e+03 2.051959951761219969e+01 3.379701652798197021e+11 0.000000000000000000e+00 1.147747655387071480e+25
6.171732385359614156e+06 6.743798754417178316e+03 2.045800028179569807e+01 3.294146437374605713e+11 0.000000000000000000e+00 1.167535860462026084e+25
6.233449709213210270e+06 6.699922273703777137e+03 2.039941428299984594e+01 3.209392900436807861e+11 0.000000000000000000e+00 1.187593072071802244e+25
6.295167033066806383e+06 6.655899965595808681e+03 2.034367500912720672e+01 3.125427740791502686e+11 0.000000000000000000e+00 1.207917655040990593e+25
6.356884356920402497e+06 6.611723453063055786e+03 2.029062669798392093e+01 3.042239023228128662e+11 0.000000000000000000e+00 1.228507856835578440e+25
6.418601680773998611e+06 6.567386307774248053e+03 2.024012433727971327e+01 2.959816178518868408e+11 0.000000000000000000e+00 1.249361807562950202e+25
6.480319004627594724e+06 6.522845472413695461e+03 2.019202682667153681e+01 2.878149424598048706e+11 0.000000000000000000e+00 1.270477440449057590e+25
6.542036328481190838e+06 6.478072184651547104e+03 2.014617193043979171e+01 2.797227612736704102e+11 0.000000000000000000e+00 1.291852258589662715e+25
6.603753652334786952e+06 6.433112043767607247e+03 2.010242478392982335e+01 2.717042268049843140e+11 0.000000000000000000e+00 1.313483925010789080e+25
6.665470976188383065e+06 6.387960239095949873e+03 2.006065788670343863e+01 2.637585898079269409e+11 0.000000000000000000e+00 1.335369956109542430e+25
6.727188300041979179e+06 6.342538490100545459e+03 2.002074710061100404e+01 2.558851655197295532e+11 0.000000000000000000e+00 1.357507670488053900e+25
6.788905623895575292e+06 6.296864205480109376e+03 1.998257164979144207e+01 2.480833336606744995e+11 0.000000000000000000e+00 1.379894188953477652e+25
6.850622947749171406e+06 6.250979102979637901e+03 1.994601412067223123e+01 2.403525384340951843e+11 0.000000000000000000e+00 1.402526434517993023e+25
6.912340271602768451e+06 6.204767416557475372e+03 1.991096046196942027e+01 2.326922885263759155e+11 0.000000000000000000e+00 1.425401132398803454e+25
6.974057595456364565e+06 6.158303596787292918e+03 1.987729998468760684e+01 2.251021571069522400e+11 0.000000000000000000e+00 1.448514810018136052e+25
7.035774919309960678e+06 6.111536012057951666e+03 1.984492536211994818e+01 2.175817818283106079e+11 0.000000000000000000e+00 1.471863797003242890e+25
7.097492243163556792e+06 6.064456804618534079e+03 1.981373262984816463e+01 2.101308648259883728e+11 0.000000000000000000e+00 1.495444225186400140e+25
7.159209567017152905e+06 6.017049282684878563e+03 1.978362118574253259e+01 2.027491727185741272e+11 0.000000000000000000e+00 1.519252028604908289e+25
7.220926890870749019e+06 5.969324205464968145e+03 1.975449378996188443e+01 1.954365366077073669e+11 0.000000000000000000e+00 1.543282943501092141e+25
7.282644214724345133e+06 5.921201507409557962e+03 1.972625656495361568e+01 1.881928520780786743e+11 0.000000000000000000e+00 1.567532508322300388e+25
7.344361538577941246e+06 5.872742509844343658e+03 1.969881899545368142e+01 1.810180791974295959e+11 0.000000000000000000e+00 1.591996063720906464e+25
7.406078862431537360e+06 5.823905315109674120e+03 1.967209392848659277e+01 1.739122425165527344e+11 0.000000000000000000e+00 1.616668752554308338e+25
7.467796186285133474e+06 5.774621676104911785e+03 1.964599757336541686e+01 1.668754310692917480e+11 0.000000000000000000e+00 1.641545519884927218e+25
7.529513510138729587e+06 5.724929340440555279e+03 1.962044950169178748e+01 1.599077983725412292e+11 0.000000000000000000e+00 1.666621112980209703e+25
7.591230833992325701e+06 5.674800937097857968e+03 1.959537264735589090e+01 1.530095624262469482e+11 0.000000000000000000e+00 1.691890081312625849e+25
7.652948157845921814e+06 5.624212691516373525e+03 1.957069207294796342e+01 1.461810062532516785e+11 0.000000000000000000e+00 1.717346675636988927e+25
7.714665481699517928e+06 5.573142153905513624e+03 1.954632003924142580e+01 1.394224471788744202e+11 0.000000000000000000e+00 1.742983830576303092e+25
7.776382805553114042e+06 5.521569348081120552e+03 1.952217955217686196e+01 1.327341852671749268e+11 0.000000000000000000e+00 1.768795319310066978e+25
7.838100129406710155e+06 5.469477792596062500e+03 1.949819830555832567e+01 1.261165775148131714e+11 0.000000000000000000e+00 1.794774868606176004e+25
7.899817453260306269e+06 5.416802486039838186e+03 1.947430371590027320e+01 1.195700495831776428e+11 0.000000000000000000e+00 1.820915700427981796e+25
7.961534777113902383e+06 5.363550826163590500e+03 1.945042292242756687e+01 1.130950957983854828e+11 0.000000000000000000e+00 1.847210531934290475e+25
8.023252100967498496e+06 5.309697543105603472e+03 1.942648278707548570e+01 1.066922791512823486e+11 0.000000000000000000e+00 1.873651575479363941e+25
8.084969424821094610e+06 5.255193175042400981e+03 1.940240989448971476e+01 1.003622312974425354e+11 0.000000000000000000e+00 1.900230538612919661e+25
8.146686748674690723e+06 5.199999505986250369e+03 1.937813055202634871e+01 9.410565255716888428e+10 0.000000000000000000e+00 1.926938624080130238e+25
8.208404072528286837e+06 5.144097287225255059e+03 1.935357078975188827e+01 8.792331191549287415e+10 0.000000000000000000e+00 1.953766529821623197e+25
8.270121396381882951e+06 5.087441944487819455e+03 1.932865636044325086e+01 8.181604702217453003e+10 0.000000000000000000e+00 1.980704448973481626e+25
8.331838720235479064e+06 5.029993778089224179e+03 1.930331273958775284e+01 7.578476419170246887e+10 0.000000000000000000e+00 2.007742069867244398e+25
8.393556044089075178e+06 4.971672364225987621e+03 1.927746512538313439e+01 6.983043840329391479e+10 0.000000000000000000e+00 2.034868576029905305e+25
8.455273367942672223e+06 4.912462378218087906e+03 1.925103843873752751e+01 6.395411330089456177e+10 0.000000000000000000e+00 2.062072646183914134e+25
8.516990691796267405e+06 4.852291143997596009e+03 1.922395732326949158e+01 5.815690119317903137e+10 0.000000000000000000e+00 2.089342454247173663e+25
8.578708015649864450e+06 4.791103425841924036e+03 1.919614614530797780e+01 5.243998305354998779e+10 0.000000000000000000e+00 2.116665669333045669e+25
8.640425339503459632e+06 4.728804808974654406e+03 1.916752899389236120e+01 4.680460852013931274e+10 0.000000000000000000e+00 2.144029455750343632e+25
8.702142663357056677e+06 4.665315682870328601e+03 1.913802968077241573e+01 4.125209589580679321e+10 0.000000000000000000e+00 2.171420473003340033e+25
8.763859987210651860e+06 4.600558331201895271e+03 1.910757125275466706e+01 3.578384093455059814e+10 0.000000000000000000e+00 2.198824809518197902e+25
8.825577311064248905e+06 4.534421091083927422e+03 1.907605194834124163e+01 3.040171849319788361e+10 0.000000000000000000e+00 2.226224671062040577e+25
8.887294634917844087e+06 4.466783221006290660e+03 1.904338390687918192e+01 2.510733782798344803e+10 0.000000000000000000e+00 2.253603486910284933e+25
8.949011958771441132e+06 4.397493749346382174e+03 1.900948259077556557e+01 1.990233336202252960e+10 0.000000000000000000e+00 2.280944484200245827e+25
9.010729282625036314e+06 4.326393928812956801e+03 1.897424830920055072e+01 1.478871743305150223e+10 0.000000000000000000e+00 2.308228190709876146e+25
9.072446606478633359e+06 4.253289277224010220e+03 1.893756621808734408e+01 9.768880293426631927e+09 0.000000000000000000e+00 2.335432434857771107e+25
9.134163930332228541e+06 4.177954600136819863e+03 1.889930632013222933e+01 4.845590110125289917e+09 0.000000000000000000e+00 2.362532345703163101e+25
9.195881254185825586e+06 4.100114750861373977e+03 1.885932346479456356e+01 2.199296474477386475e+07 0.000000000000000000e+00 2.389500352945928131e+25
