# Radius (m)	Density (kg/m^3)	Gravity (m/s^2)	Pressure (Pa)	Temperature (K)	Mass Enclosed (kg)
0.000000000000000000e+00 5.271273437156849832e+04 0.000000000000000000e+00 2.475912596904751172e+13 0.000000000000000000e+00 0.000000000000000000e+00
1.062554494799146196e+05 5.270890398505674966e+04 1.565916750545564229e+00 2.475474040344876172e+13 0.000000000000000000e+00 2.648895821574927155e+20
2.125108989598292392e+05 5.269741549412072345e+04 3.131423396704990036e+00 2.474158676204048828e+13 0.000000000000000000e+00 2.118841674466975023e+21
3.187663484397438588e+05 5.267827692066226155e+04 4.696112332572896619e+00 2.471967422942499609e+13 0.000000000000000000e+00 7.149532358651712373e+21
4.250217979196584783e+05 5.265150168590675457e+04 6.259567789208710487e+00 2.468901817211012891e+13 0.000000000000000000e+00 1.694149471629283741e+22
5.312772473995730979e+05 5.261710825925966492e+04 7.821394167700980837e+00 2.464963973647078516e+13 0.000000000000000000e+00 3.307628776236755662e+22
6.375326968794877175e+05 5.257512040723764221e+04 9.381192247740713697e+00 2.460156613376032812e+13 0.000000000000000000e+00 5.712925753102623677e+22
7.437881463594023371e+05 5.252554281651438214e+04 1.093854278963683413e+01 2.454483097171178906e+13 0.000000000000000000e+00 9.066792448174795522e+22
8.500435958393169567e+05 5.246774612297757267e+04 1.249300653563895125e+01 2.447947425442255469e+13 0.000000000000000000e+00 1.352519835924623576e+23
9.562990453192315763e+05 5.240236262414197699e+04 1.404418610527768330e+01 2.440553834931653516e+13 0.000000000000000000e+00 1.924357025759483490e+23
1.062554494799146196e+06 5.232944046123264707e+04 1.559167362006808588e+01 2.432307769467115234e+13 0.000000000000000000e+00 2.637557118139305684e+23
1.168809944279060699e+06 5.224903408527099236e+04 1.713508251838342034e+01 2.423215386390511719e+13 0.000000000000000000e+00 3.507343664996061104e+23
1.275065393758975435e+06 5.216119656007058802e+04 1.867413510115500941e+01 2.413282686177735156e+13 0.000000000000000000e+00 4.548871658334401625e+23
1.381320843238890171e+06 5.206597956223720394e+04 2.020866253187221773e+01 2.402515512438699609e+13 0.000000000000000000e+00 5.777227530231641927e+23
1.487576292718804674e+06 5.198056234370684251e+04 2.173860483658247489e+01 2.390919551917341797e+13 0.000000000000000000e+00 7.207429152837770905e+23
1.593831742198719177e+06 5.189761775505947298e+04 2.326401090389126125e+01 2.378500334491620312e+13 0.000000000000000000e+00 8.854425838375455697e+23
1.700087191678633913e+06 5.180921074147100444e+04 2.478503848496212214e+01 2.365263233173515234e+13 0.000000000000000000e+00 1.073309833914003363e+24
1.806342641158548649e+06 5.171537764130978030e+04 2.630186102806805692e+01 2.351213688873693750e+13 0.000000000000000000e+00 1.285822070779520148e+24
1.912598090638463153e+06 5.159742077489609073e+04 2.781275554623514168e+01 2.336362877175057812e+13 0.000000000000000000e+00 1.524356203145739230e+24
2.018853540118377656e+06 5.145564878774876706e+04 2.931641562662062483e+01 2.320723740962486328e+13 0.000000000000000000e+00 1.790260073050879778e+24
2.125108989598292392e+06 5.130684083309455309e+04 3.081218139353693530e+01 2.304308453858319922e+13 0.000000000000000000e+00 2.084876756035757970e+24
2.231364439078207128e+06 5.115074418156942556e+04 3.229946871189775948e+01 2.287129465832729297e+13 0.000000000000000000e+00 2.409524250946190252e+24
2.337619888558121398e+06 5.098645201231345709e+04 3.377776918721803412e+01 2.269199503203716016e+13 0.000000000000000000e+00 2.765495479932991989e+24
2.443875338038036134e+06 5.081539780941662320e+04 3.524665016561397124e+01 2.250531568637111328e+13 0.000000000000000000e+00 3.154058288451984185e+24
2.550130787517950870e+06 5.063694984462537104e+04 3.670575473380301901e+01 2.231138941146577344e+13 0.000000000000000000e+00 3.576455445263984884e+24
2.656386236997865606e+06 5.045074148944277840e+04 3.815480171910390084e+01 2.211035176093605859e+13 0.000000000000000000e+00 4.033904642434815886e+24
2.762641686477780342e+06 5.025807451078158920e+04 3.959356293128060145e+01 2.190234113387949219e+13 0.000000000000000000e+00 4.527594893105335720e+24
2.868897135957694612e+06 5.005717475843809370e+04 4.102168076146318754e+01 2.168750180053896484e+13 0.000000000000000000e+00 5.058670948541179368e+24
2.975152585437609348e+06 4.984977490876067895e+04 4.243877672097652010e+01 2.146598488267019141e+13 0.000000000000000000e+00 5.628254407628278246e+24
3.081408034917524084e+06 4.963482396949472604e+04 4.384448392763933811e+01 2.123794527523908594e+13 0.000000000000000000e+00 6.237429115724385294e+24
3.187663484397438355e+06 4.941296923433465417e+04 4.523843885403694287e+01 2.100354147149152734e+13 0.000000000000000000e+00 6.887238584886784478e+24
3.293918933877353091e+06 4.918390171111101517e+04 4.662028132752124776e+01 2.076293556295336328e+13 0.000000000000000000e+00 7.578685993872300999e+24
3.400174383357267827e+06 4.894791666430662735e+04 4.798965453021074268e+01 2.051629323943040625e+13 0.000000000000000000e+00 8.312734188137280887e+24
3.506429832837182563e+06 4.870471329184979550e+04 4.934620499899050827e+01 2.026378378900844141e+13 0.000000000000000000e+00 9.090305679837610329e+24
3.612685282317097299e+06 4.845496882516649930e+04 5.068958262551219462e+01 2.000558009805320703e+13 0.000000000000000000e+00 9.912282647828704933e+24
3.718940731797011569e+06 4.819764880823556450e+04 5.201944065619404967e+01 1.974185865121042188e+13 0.000000000000000000e+00 1.077950693766550651e+25
3.825196181276926305e+06 4.793427177608237253e+04 5.333543569222090497e+01 1.947279953140576172e+13 0.000000000000000000e+00 1.169278006160250668e+25
3.931451630756841041e+06 4.766318987326417118e+04 5.463722768954418996e+01 1.919858641984486719e+13 0.000000000000000000e+00 1.265286319859371791e+25
4.037707080236755311e+06 4.738572702019188728e+04 5.592447033645640175e+01 1.891940616135080078e+13 0.000000000000000000e+00 1.366046863350647511e+25
4.143962529716670047e+06 4.710192283080202469e+04 5.719676742468913488e+01 1.863544791040955469e+13 0.000000000000000000e+00 1.471622500860815565e+25
4.250217979196584783e+06 4.681051259561117331e+04 5.845376938215272844e+01 1.834690723166619531e+13 0.000000000000000000e+00 1.582075858490117194e+25
4.356473428676499054e+06 4.651291499475658929e+04 5.969513796287408525e+01 1.805398206139978125e+13 0.000000000000000000e+00 1.697464965670923792e+25
4.462728878156414255e+06 4.620907525678075035e+04 6.092053630873006398e+01 1.775687209128775000e+13 0.000000000000000000e+00 1.817842294790389482e+25
4.568984327636328526e+06 4.589804177648508630e+04 6.212962894944743653e+01 1.745577876840595703e+13 0.000000000000000000e+00 1.943254761190444895e+25
4.675239777116242796e+06 4.558049870929731696e+04 6.332208180260296615e+01 1.715090529522864062e+13 0.000000000000000000e+00 2.073743723167804254e+25
4.781495226596157998e+06 4.525670277607008029e+04 6.449756217362335065e+01 1.684245662962844922e+13 0.000000000000000000e+00 2.209344981973963438e+25
4.887750676076072268e+06 4.492662269526060845e+04 6.565573875578520813e+01 1.653063948487642773e+13 0.000000000000000000e+00 2.350088781815193975e+25
4.994006125555987470e+06 4.459023199359481805e+04 6.679628163021513387e+01 1.621566232964201758e+13 0.000000000000000000e+00 2.495999809852554204e+25
5.100261575035901740e+06 4.424692138999790768e+04 6.791886226588967190e+01 1.589773538799306641e+13 0.000000000000000000e+00 2.647097196201876824e+25
5.206517024515816011e+06 4.389735746905715496e+04 6.902315351963527235e+01 1.557707063939581055e+13 0.000000000000000000e+00 2.803394513933778766e+25
5.312772473995731212e+06 4.354157972335431259e+04 7.010882963612840513e+01 1.525388181871489062e+13 0.000000000000000000e+00 2.964899779073659483e+25
5.419027923475645483e+06 4.317958536880902830e+04 7.117556624789541786e+01 1.492838441621335352e+13 0.000000000000000000e+00 3.131615450601692353e+25
5.525283372955560684e+06 4.281138013469515136e+04 7.222304037531264953e+01 1.460079567755263281e+13 0.000000000000000000e+00 3.303538430452838428e+25
5.631538822435474955e+06 4.243699107690577512e+04 7.325093042660634524e+01 1.427133460379257031e+13 0.000000000000000000e+00 3.480660063516834835e+25
5.737794271915389225e+06 4.205645635384386696e+04 7.425890774507143988e+01 1.394022096263877344e+13 0.000000000000000000e+00 3.662964050944664338e+25
5.844049721395304427e+06 4.166979934557419620e+04 7.524663319018178242e+01 1.360767325610579688e+13 0.000000000000000000e+00 3.850423721687065349e+25
5.950305170875218697e+06 4.127706549676720169e+04 7.621380771934128973e+01 1.327391346364126367e+13 0.000000000000000000e+00 4.043013645416778615e+25
6.056560620355132967e+06 4.087831309427026281e+04 7.716013299124996649e+01 1.293916371406496094e+13 0.000000000000000000e+00 4.240701727910840047e+25
6.162816069835048169e+06 4.047361534358073550e+04 7.808530789120491988e+01 1.260364594591201562e+13 0.000000000000000000e+00 4.443448439806460602e+25
6.269071519314962439e+06 4.006252235270975507e+04 7.898902853110033107e+01 1.226758190743290039e+13 0.000000000000000000e+00 4.651206816601021563e+25
6.375326968794876710e+06 3.964531515826923714e+04 7.987098824942754050e+01 1.193119315659341602e+13 0.000000000000000000e+00 4.863922458652082264e+25
6.481582418274791911e+06 3.922226148937655671e+04 8.073087761127501949e+01 1.159470106107470117e+13 0.000000000000000000e+00 5.081533531177380100e+25
6.587837867754706182e+06 3.879348602124804165e+04 8.156838440832831338e+01 1.125832679827324023e+13 0.000000000000000000e+00 5.303970764254817630e+25
6.694093317234621383e+06 3.835843104994962050e+04 8.238319365887009837e+01 1.092229135530084375e+13 0.000000000000000000e+00 5.531157452822481485e+25
6.800348766714535654e+06 3.791718288061911881e+04 8.317498760778019573e+01 1.058681552898466992e+13 0.000000000000000000e+00 5.763009456678626899e+25
6.906604216194449924e+06 3.747044318694982212e+04 8.394344572653551495e+01 1.025211992586720508e+13 0.000000000000000000e+00 5.999435200481685445e+25
7.012859665674365126e+06 3.701705515019957966e+04 8.468824471321009639e+01 9.918424962206277344e+12 0.000000000000000000e+00 6.240335673750268468e+25
7.119115115154279396e+06 3.655805270838089928e+04 8.540905849247511128e+01 9.585950863975054688e+12 0.000000000000000000e+00 6.485604430863151624e+25
7.225370564634194598e+06 3.609262234584400721e+04 8.610555821559880485e+01 9.254917666862035156e+12 0.000000000000000000e+00 6.735127591059294637e+25
7.331626014114108868e+06 3.562152910907754995e+04 8.677741226044659584e+01 8.925545216271060547e+12 0.000000000000000000e+00 6.988783838437825837e+25
7.437881463594023138e+06 3.514363353658399137e+04 8.742429627837339012e+01 8.598052589989446289e+12 0.000000000000000000e+00 7.246444184906020424e+25
7.544136913073938340e+06 3.465993643714157224e+04 8.804591040798644030e+01 8.272655479151071289e+12 0.000000000000000000e+00 7.507971430331579280e+25
7.650392362553852610e+06 3.418887349087241455e+04 8.852534048266973343e+01 7.961911618488766602e+12 0.000000000000000000e+00 7.762995192219939943e+25
7.756647812033766881e+06 1.959976210539735621e+04 8.784788452496286482e+01 7.777361263569351562e+12 0.000000000000000000e+00 7.919062166374819314e+25
7.862903261513682082e+06 1.940517563517107192e+04 8.720434410834236871e+01 7.595982130171314453e+12 0.000000000000000000e+00 8.077896477327127547e+25
7.969158710993596353e+06 1.921208859406070405e+04 8.659234665558888366e+01 7.417692244907294922e+12 0.000000000000000000e+00 8.239460914394382141e+25
8.075414160473510623e+06 1.902038407565614762e+04 8.600990682850627422e+01 7.242392493899955078e+12 0.000000000000000000e+00 8.403737474208946356e+25
8.181669609953425825e+06 1.882993534599139093e+04 8.545519929874961917e+01 7.069988557114703125e+12 0.000000000000000000e+00 8.570709004799695904e+25
8.287925059433340095e+06 1.864070118625795294e+04 8.492649326182029768e+01 6.900391882623585938e+12 0.000000000000000000e+00 8.740356398987908155e+25
8.394180508913254365e+06 1.845260081921633537e+04 8.442215140941036111e+01 6.733519736714490234e+12 0.000000000000000000e+00 8.912658530551501651e+25
8.500435958393169567e+06 1.826555778441992152e+04 8.394062992940251888e+01 6.569295203891147461e+12 0.000000000000000000e+00 9.087592254225025806e+25
8.606691407873084769e+06 1.807949964450976404e+04 8.348047850587016683e+01 6.407647186873134766e+12 0.000000000000000000e+00 9.265132405699654028e+25
8.712946857352998108e+06 1.789436138378187025e+04 8.304034031907738722e+01 6.248510406595876953e+12 0.000000000000000000e+00 9.445251801623194029e+25
8.819202306832913309e+06 1.771007895235791511e+04 8.261892360091164278e+01 6.091822434460940430e+12 0.000000000000000000e+00 9.627922490543153695e+25
8.925457756312828511e+06 1.752658905093178328e+04 8.221499975587848041e+01 5.937521825348458008e+12 0.000000000000000000e+00 9.813117005937392978e+25
9.031713205792741850e+06 1.734384012389532290e+04 8.182748042256635301e+01 5.785557528375505859e+12 0.000000000000000000e+00 1.000080360608758984e+26
9.137968655272657052e+06 1.716178090745842928e+04 8.145532195887312810e+01 5.635881237536864258e+12 0.000000000000000000e+00 1.019094861125886687e+26
9.244224104752572253e+06 1.698027394533399638e+04 8.109752146279002716e+01 5.488447024359451172e+12 0.000000000000000000e+00 1.038351654158210048e+26
9.350479554232485592e+06 1.679918964351020986e+04 8.075311677240159725e+01 5.343211337902313477e+12 0.000000000000000000e+00 1.057847011705394324e+26
9.456735003712400794e+06 1.661864072894862329e+04 8.042118646588566833e+01 5.200133004756622070e+12 0.000000000000000000e+00 1.077577025753682045e+26
9.562990453192315996e+06 1.643858751884593221e+04 8.010084986151348119e+01 5.059173229045682617e+12 0.000000000000000000e+00 1.097537608275892497e+26
9.669245902672231197e+06 1.625899014681379776e+04 7.979126701764954532e+01 4.920295592424929688e+12 0.000000000000000000e+00 1.117724491231421552e+26
9.775501352152144536e+06 1.607977284105108993e+04 7.949163873275172421e+01 4.783466054081931641e+12 0.000000000000000000e+00 1.138133226566241839e+26
9.881756801632059738e+06 1.590061192425575427e+04 7.920120654537119265e+01 4.648652950736375000e+12 0.000000000000000000e+00 1.158759186212904463e+26
9.988012251111974940e+06 1.572178841758945055e+04 7.891925273415247943e+01 4.515826996640086914e+12 0.000000000000000000e+00 1.179597562090535737e+26
1.009426770059188828e+07 1.554327690476995485e+04 7.864510031783342470e+01 4.384961283577022461e+12 0.000000000000000000e+00 1.200643366104839421e+26
1.020052315007180348e+07 1.536490273032265577e+04 7.837811305524520833e+01 4.256031280863260742e+12 0.000000000000000000e+00 1.221891430148097233e+26
1.030677859955171868e+07 1.518647799343500446e+04 7.811769544531232157e+01 4.129014835347017090e+12 0.000000000000000000e+00 1.243336406099166618e+26
1.041303404903163202e+07 1.500828338143535439e+04 7.786329272705260962e+01 4.003892171408636230e+12 0.000000000000000000e+00 1.264972765823481951e+26
1.051928949851154722e+07 1.483014743192267269e+04 7.761439087957721483e+01 3.880645890960585938e+12 0.000000000000000000e+00 1.286794801173055734e+26
1.062554494799146242e+07 1.465183277502965575e+04 7.737049979068373773e+01 3.759260312889260742e+12 0.000000000000000000e+00 1.308796549024200247e+26
1.073180039747137576e+07 1.447368962400670353e+04 7.713103731960195830e+01 3.639716648271124512e+12 0.000000000000000000e+00 1.330971345799225319e+26
1.083805584695129097e+07 1.429526194178306287e+04 7.689550925128808956e+01 3.521999708298553223e+12 0.000000000000000000e+00 1.353312693354629835e+26
1.094431129643120617e+07 1.411682123035604309e+04 7.666345753290779896e+01 3.406096157668487305e+12 0.000000000000000000e+00 1.375813929156755096e+26
1.105056674591112137e+07 1.393817093964970627e+04 7.643443685241902585e+01 3.291993627833312500e+12 0.000000000000000000e+00 1.398468112213473956e+26
1.115682219539103471e+07 1.375932322782647316e+04 7.620801463857208091e+01 3.179680717000860352e+12 0.000000000000000000e+00 1.421268023074190304e+26
1.126307764487094991e+07 1.358019937770232718e+04 7.598377106090953248e+01 3.069146990134403809e+12 0.000000000000000000e+00 1.444206163829840609e+26
1.136933309435086511e+07 1.340085728201039819e+04 7.576129902976627761e+01 2.960382978952666992e+12 0.000000000000000000e+00 1.467274758112891173e+26
1.147558854383077845e+07 1.322102757703960378e+04 7.554020419626952787e+01 2.853380181929820312e+12 0.000000000000000000e+00 1.490465751097339505e+26
1.158184399331069365e+07 1.304100254958123514e+04 7.532010495233879510e+01 2.748131064295473633e+12 0.000000000000000000e+00 1.513770809498715865e+26
1.168809944279060885e+07 1.286038484967606564e+04 7.510063243068590566e+01 2.644629058034688477e+12 0.000000000000000000e+00 1.537181321574080005e+26
1.179435489227052219e+07 1.267930684146683052e+04 7.488143050481498619e+01 2.542868561887971680e+12 0.000000000000000000e+00 1.560688397122023740e+26
1.190061034175043739e+07 1.249779535141934684e+04 7.466215578902247785e+01 2.442844941351272461e+12 0.000000000000000000e+00 1.584282867482670438e+26
1.200686579123035260e+07 1.231575314654063914e+04 7.444247763839712206e+01 2.344554528675990234e+12 0.000000000000000000e+00 1.607955285537674498e+26
1.211312124071026593e+07 1.213290601760064965e+04 7.422207814881997479e+01 2.247994622868968750e+12 0.000000000000000000e+00 1.631695925710220843e+26
1.221937669019018114e+07 1.194942508433147304e+04 7.400065215696440646e+01 2.153163489692493408e+12 0.000000000000000000e+00 1.655494783965026803e+26
1.232563213967009634e+07 1.176523458270163610e+04 7.377790724029610203e+01 2.060060361664302002e+12 0.000000000000000000e+00 1.679341577808340398e+26
1.243188758915000968e+07 1.158026261963693105e+04 7.355356236189612673e+01 1.968685390898260010e+12 0.000000000000000000e+00 1.703225722884435399e+26
1.253814303862992488e+07 1.139444087356607633e+04 7.332730370850998725e+01 1.879037832100574219e+12 0.000000000000000000e+00 1.727135681885522743e+26
1.264439848810984008e+07 1.120770537872871864e+04 7.309883117404847042e+01 1.791117308740199219e+12 0.000000000000000000e+00 1.751059927765978015e+26
1.275065393758975342e+07 1.101999710275468897e+04 7.286786188036667511e+01 1.704924721374747314e+12 0.000000000000000000e+00 1.774986718925418476e+26
1.285690938706966862e+07 1.083123381913800768e+04 7.263411272140423591e+01 1.620461774856090820e+12 0.000000000000000000e+00 1.798903746755446596e+26
1.296316483654958382e+07 1.064117109912480737e+04 7.239730036318535156e+01 1.537730978330370361e+12 0.000000000000000000e+00 1.822798135639648684e+26
1.306942028602949902e+07 1.044995444031397346e+04 7.215714124381881334e+01 1.456735645237988770e+12 0.000000000000000000e+00 1.846656442953596606e+26
1.317567573550941236e+07 1.025747261431114566e+04 7.191335157349796248e+01 1.377479893313615723e+12 0.000000000000000000e+00 1.870464659064846750e+26
1.328193118498932756e+07 1.006341126903266013e+04 7.166564733450073277e+01 1.299968644586179443e+12 0.000000000000000000e+00 1.894208207332942092e+26
1.338818663446924277e+07 9.867906269617695216e+03 7.141374428118962214e+01 1.224207625378877441e+12 0.000000000000000000e+00 1.917871944109408415e+26
1.349444208394915611e+07 9.670737241445782274e+03 7.115735794001166425e+01 1.150203366309170898e+12 0.000000000000000000e+00 1.941440158737757744e+26
1.360069753342907131e+07 9.471669903066107508e+03 7.089620360949851374e+01 1.077963202288781738e+12 0.000000000000000000e+00 1.964896573553487316e+26
1.370695298290898651e+07 9.270685084747958172e+03 7.062999636026637518e+01 1.007495272523699097e+12 0.000000000000000000e+00 1.988224343884078206e+26
1.381320843238889985e+07 9.067599953852506587e+03 7.035845103501600306e+01 9.388085205141768799e+11 0.000000000000000000e+00 2.011406058048997044e+26
1.391946388186881505e+07 8.862249283590648702e+03 7.008126867324142495e+01 8.719129782505798340e+11 0.000000000000000000e+00 2.034423247823409335e+26
1.402571933134873025e+07 8.654259638441104471e+03 6.979811785670176505e+01 8.068200049202487793e+11 0.000000000000000000e+00 2.057255855025740394e+26
1.413197478082864359e+07 8.443615219906547281e+03 6.950867052328929674e+01 7.435420315196706543e+11 0.000000000000000000e+00 2.079883393824937627e+26
1.423823023030855879e+07 8.229864739452055801e+03 6.921257783297890853e+01 6.820934720849182129e+11 0.000000000000000000e+00 2.102283890615593638e+26
1.434448567978847399e+07 8.012819998010787458e+03 6.890946903104318721e+01 6.224907536885729980e+11 0.000000000000000000e+00 2.124433839694094362e+26
1.445074112926838920e+07 7.792110613875087438e+03 6.859895144805238942e+01 5.647523164397202148e+11 0.000000000000000000e+00 2.146308203258621811e+26
1.455699657874830253e+07 7.567237111220305451e+03 6.828061049987442743e+01 5.088986134839518433e+11 0.000000000000000000e+00 2.167880411409152703e+26
1.466325202822821774e+07 7.337786276984461438e+03 6.795400968767486916e+01 4.549521110033621216e+11 0.000000000000000000e+00 2.189122362147460862e+26
1.476950747770813294e+07 7.103078599222526464e+03 6.761867778298156395e+01 4.029381424341358643e+11 0.000000000000000000e+00 2.210003895279840348e+26
1.487576292718804628e+07 6.862467957370277873e+03 6.727406631628993239e+01 3.528875444626720581e+11 0.000000000000000000e+00 2.230491130978657272e+26
1.498201837666796148e+07 6.614983939755761639e+03 6.691957832115632243e+01 3.048349890469869385e+11 0.000000000000000000e+00 2.250547506207053928e+26
1.508827382614787668e+07 6.359548307425284293e+03 6.655451865002736156e+01 2.588227378681329956e+11 0.000000000000000000e+00 2.270131519585502093e+26
1.519452927562779002e+07 6.094685569879588002e+03 6.617808939037267635e+01 2.149009645686614380e+11 0.000000000000000000e+00 2.289196535341519247e+26
1.530078472510770522e+07 5.818443859841290760e+03 6.578938749814871301e+01 1.731279242255598145e+11 0.000000000000000000e+00 2.307690688664452238e+26
1.540704017458762042e+07 5.528122516774756150e+03 6.538730823726477581e+01 1.335768550665159912e+11 0.000000000000000000e+00 2.325552958366719926e+26
1.551329562406753376e+07 5.219884951180927601e+03 6.497045760559370819e+01 9.634258653361441040e+10 0.000000000000000000e+00 2.342709330313372538e+26
1.561955107354744896e+07 4.887740982564097976e+03 6.453703913195739972e+01 6.155020738651513672e+10 0.000000000000000000e+00 2.359068064511353517e+26
1.572580652302736416e+07 4.521491151624470149e+03 6.408460768091099169e+01 2.937322512946820068e+10 0.000000000000000000e+00 2.374509619181421393e+26
1.583206197250727750e+07 4.101099897336120193e+03 6.360943200654892138e+01 8.138253253902053833e+07 0.000000000000000000e+00 2.388860684394108686e+26
