# Radius (m)	Density (kg/m^3)	Gravity (m/s^2)	Pressure (Pa)	Temperature (K)	Mass Enclosed (kg)
0.000000000000000000e+00 1.705273998376368399e+04 0.000000000000000000e+00 8.217356896475668945e+11 0.000000000000000000e+00 0.000000000000000000e+00
5.087898202633043547e+04 1.705217924264719477e+04 2.425743038406663055e-01 8.216304519765506592e+11 0.000000000000000000e+00 9.408374817696131072e+18
1.017579640526608709e+05 1.705049719710128556e+04 4.851199635706574531e-01 8.213147723329724121e+11 0.000000000000000000e+00 7.526279611472011264e+19
1.526369460789913137e+05 1.704769437636667499e+04 7.276081299330695584e-01 8.207887500426285400e+11 0.000000000000000000e+00 2.539845151785602908e+20
2.035159281053217419e+05 1.704377166503012268e+04 9.700101112976883266e-01 8.200525511212608643e+11 0.000000000000000000e+00 6.019563606979650519e+20
2.543949101316521701e+05 1.703873030382475554e+04 1.212297476919189432e+00 8.191064084247462158e+11 0.000000000000000000e+00 1.175495004985177670e+21
3.052738921579826274e+05 1.703257188147037959e+04 1.454441628234484973e+00 8.179506201177229004e+11 0.000000000000000000e+00 2.030815349162148626e+21
3.561528741843130556e+05 1.702529833418618364e+04 1.696413824028133677e+00 8.165855495821359863e+11 0.000000000000000000e+00 3.224028223480558780e+21
4.070318562106434838e+05 1.701691192378421692e+04 1.938186227040183285e+00 8.150116213059101562e+11 0.000000000000000000e+00 4.811047720744071987e+21
4.579108382369739120e+05 1.700741531346348347e+04 2.179729500957257482e+00 8.132293351076806641e+11 0.000000000000000000e+00 6.847751562969634308e+21
5.087898202633043402e+05 1.699669900557388610e+04 2.421013454406758303e+00 8.112392616974049072e+11 0.000000000000000000e+00 9.389861547916123963e+21
5.596688022896348266e+05 1.698483606600855273e+04 2.662008256318431521e+00 8.090420363731569824e+11 0.000000000000000000e+00 1.249283100260373732e+22
6.105477843159652548e+05 1.697185848066626204e+04 2.902684435924364870e+00 8.066383590211285400e+11 0.000000000000000000e+00 1.621184478331396319e+22
6.614267663422956830e+05 1.695777037698557251e+04 3.143012882758988713e+00 8.040289941156285400e+11 0.000000000000000000e+00 2.060181927558962060e+22
7.123057483686261112e+05 1.694257623111980865e+04 3.382964846659077374e+00 8.012147707190828857e+11 0.000000000000000000e+00 2.571740239423483570e+22
7.631847303949565394e+05 1.692628086793708644e+04 3.622511937763745138e+00 7.981965824820350342e+11 0.000000000000000000e+00 3.161297358331505436e+22
8.140637124212869676e+05 1.690888946102027694e+04 3.861626126514453361e+00 7.949753876431455078e+11 0.000000000000000000e+00 3.834264381615702540e+22
8.649426944476173958e+05 1.689020845917055703e+04 4.100279743655002029e+00 7.915522090291922607e+11 0.000000000000000000e+00 4.596025559534881525e+22
9.158216764739478240e+05 1.687038205280449620e+04 4.338443195422691190e+00 7.879281457913218994e+11 0.000000000000000000e+00 5.451895747461487211e+22
9.667006585002782522e+05 1.684946307129928027e+04 4.576084421086538789e+00 7.841043710513601074e+11 0.000000000000000000e+00 6.407146362471400342e+22
1.017579640526608680e+06 1.682745818739237438e+04 4.813174357794056668e+00 7.800821045171109619e+11 0.000000000000000000e+00 7.467082745783275592e+22
1.068458622552939225e+06 1.680434650573504405e+04 5.049683813742269933e+00 7.758626320351181641e+11 0.000000000000000000e+00 8.636952175624403603e+22
1.119337604579269653e+06 1.677987053036999714e+04 5.285583405219389519e+00 7.714473059453887939e+11 0.000000000000000000e+00 9.921942421954813860e+22
1.170216586605600081e+06 1.675431672277957841e+04 5.520843556604822844e+00 7.668375450813929443e+11 0.000000000000000000e+00 1.132718174646730658e+23
1.221095568631930510e+06 1.672769331674418936e+04 5.755434500369163153e+00 7.620348347700643311e+11 0.000000000000000000e+00 1.285773890258741913e+23
1.271974550658260938e+06 1.669989578056382743e+04 5.989326277074198401e+00 7.570407268317994385e+11 0.000000000000000000e+00 1.451862313547344957e+23
1.322853532684591366e+06 1.667077775109231152e+04 6.222488735372905033e+00 7.518568395804581299e+11 0.000000000000000000e+00 1.631478418201644315e+23
1.373732514710921794e+06 1.664060318989153166e+04 6.454891532009450650e+00 7.464848578233636475e+11 0.000000000000000000e+00 1.825111227084020583e+23
1.424611496737252222e+06 1.660935327954491368e+04 6.686504131819193120e+00 7.409265328613022461e+11 0.000000000000000000e+00 2.033243812230128741e+23
1.475490478763582651e+06 1.657666662984220602e+04 6.917295807728684132e+00 7.351836824885234375e+11 0.000000000000000000e+00 2.256353294848898493e+23
1.526369460789913079e+06 1.654294043948957551e+04 7.147235640755660313e+00 7.292581909927398682e+11 0.000000000000000000e+00 2.494910845322536619e+23
1.577248442816243507e+06 1.650808873875020072e+04 7.376292520009056553e+00 7.231520091551278076e+11 0.000000000000000000e+00 2.749381683206523275e+23
1.628127424842573935e+06 1.647184200416364911e+04 7.604435142688990013e+00 7.168671542503261719e+11 0.000000000000000000e+00 3.020225077229615023e+23
1.679006406868904363e+06 1.643457682355856741e+04 7.831632014086777005e+00 7.104057100464373779e+11 0.000000000000000000e+00 3.307894345293843483e+23
1.729885388895234792e+06 1.639598543178610271e+04 8.057851345210329086e+00 7.037698263183544922e+11 0.000000000000000000e+00 3.612834719241698500e+23
1.780764370921565220e+06 1.635619890068049426e+04 8.283059820018971564e+00 6.969617068008073730e+11 0.000000000000000000e+00 3.935451726562340110e+23
1.831643352947895648e+06 1.631527556699140405e+04 8.507226082696842440e+00 6.899836175952368164e+11 0.000000000000000000e+00 4.276175366356613925e+23
1.882522334974226076e+06 1.627296100484496128e+04 8.730319210582596412e+00 6.828378929028349609e+11 0.000000000000000000e+00 4.635439741919244436e+23
1.933401317000556504e+06 1.622962420993667729e+04 8.952307845986688051e+00 6.755269329256702881e+11 0.000000000000000000e+00 5.013666812615707538e+23
1.984280299026886933e+06 1.618477909588637522e+04 9.173160196191382454e+00 6.680532038666870117e+11 0.000000000000000000e+00 5.411266393882227177e+23
2.035159281053217361e+06 1.613895061561367038e+04 9.392844033450748142e+00 6.604192379297053223e+11 0.000000000000000000e+00 5.828636157225778702e+23
2.086038263079547789e+06 1.609157613199187108e+04 9.611326694990665942e+00 6.526276333194213867e+11 0.000000000000000000e+00 6.266161630224083499e+23
2.136917245105878450e+06 1.604318070807678305e+04 9.828575083008818325e+00 6.446810542414072266e+11 0.000000000000000000e+00 6.724216196525621741e+23
2.187796227132208645e+06 1.599328359840578923e+04 1.004455566467469296e+01 6.365822309021113281e+11 0.000000000000000000e+00 7.203161095849604201e+23
2.238675209158539306e+06 1.594225073314594556e+04 1.025923447212959516e+01 6.283339595088575439e+11 0.000000000000000000e+00 7.703345423986018558e+23
2.289554191184869502e+06 1.588984173109484436e+04 1.047257710248661944e+01 6.199391022698459473e+11 0.000000000000000000e+00 8.225106132795574368e+23
2.340433173211200163e+06 1.583610467002189762e+04 1.068454871783068327e+01 6.114005873941524658e+11 0.000000000000000000e+00 8.768768030209754068e+23
2.391312155237530358e+06 1.578120016638729794e+04 1.089511404521850402e+01 6.027214090917292480e+11 0.000000000000000000e+00 9.334643780230768681e+23
2.442191137263861019e+06 1.572469689141951858e+04 1.110423737667860422e+01 5.939046275734041748e+11 0.000000000000000000e+00 9.923033902931599426e+23
2.493070119290191215e+06 1.566698656894986198e+04 1.131188256921131696e+01 5.849533690508811035e+11 0.000000000000000000e+00 1.053422677445595745e+24
2.543949101316521876e+06 1.560799237118912060e+04 1.151801304478877874e+01 5.758708257367401123e+11 0.000000000000000000e+00 1.116849862701832410e+24
2.594828083342852071e+06 1.554740787305043705e+04 1.172259179035493304e+01 5.666602558444370117e+11 0.000000000000000000e+00 1.182611354890390661e+24
2.645707065369182732e+06 1.548552621431392981e+04 1.192558135782553563e+01 5.573249835883032227e+11 0.000000000000000000e+00 1.250732348446868916e+24
2.696586047395512927e+06 1.542230913746185070e+04 1.212694386408813685e+01 5.478683991835471802e+11 0.000000000000000000e+00 1.321236823413937372e+24
2.747465029421843588e+06 1.535760565577861416e+04 1.232664099100211175e+01 5.382939588462521362e+11 0.000000000000000000e+00 1.394147545441344460e+24
2.798344011448173784e+06 1.529137222458801261e+04 1.252463398539862638e+01 5.286051847933780518e+11 0.000000000000000000e+00 1.469486065785910927e+24
2.849222993474504445e+06 1.522372082849668732e+04 1.272088365908065910e+01 5.188056652427604370e+11 0.000000000000000000e+00 1.547272721311534410e+24
2.900101975500834640e+06 1.515461538706819920e+04 1.291535038882299347e+01 5.088990544131111450e+11 0.000000000000000000e+00 1.627526634489185938e+24
2.950980957527165301e+06 1.508402025413727642e+04 1.310799411637222533e+01 4.988890725240175781e+11 0.000000000000000000e+00 1.710265713396912891e+24
3.001859939553495497e+06 1.501190036960653561e+04 1.329877443429706219e+01 4.887795103917178345e+11 0.000000000000000000e+00 1.795506080300755260e+24
3.052738921579826158e+06 1.493822204414980661e+04 1.348764966733085835e+01 4.785742701700328369e+11 0.000000000000000000e+00 1.883258797658130394e+24
3.103617903606156353e+06 1.486290024236046702e+04 1.367457548457095662e+01 4.682773314587884521e+11 0.000000000000000000e+00 1.973534604509389194e+24
3.154496885632487014e+06 1.478598061322761350e+04 1.385950715758197127e+01 4.578927358367916260e+11 0.000000000000000000e+00 2.066342875961055148e+24
3.205375867658817209e+06 1.470743868146214663e+04 1.404239978489020579e+01 4.474245887824610596e+11 0.000000000000000000e+00 2.161691172135434061e+24
3.256254849685147870e+06 1.462724444852399029e+04 1.422320827930435705e+01 4.368770598924653931e+11 0.000000000000000000e+00 2.259585235787592789e+24
3.307133831711478531e+06 1.454533558146007999e+04 1.440188382928007194e+01 4.262544433770558472e+11 0.000000000000000000e+00 2.360028323691745144e+24
3.358012813737808727e+06 1.446164886989145816e+04 1.457837889836915046e+01 4.155610705804334717e+11 0.000000000000000000e+00 2.463022040662473355e+24
3.408891795764139388e+06 1.437619448427049065e+04 1.475264666479595732e+01 4.048013212111940918e+11 0.000000000000000000e+00 2.568566087496619358e+24
3.459770777790469583e+06 1.428894775629200558e+04 1.492463723154925148e+01 3.939796891228690186e+11 0.000000000000000000e+00 2.676657531311483915e+24
3.510649759816800244e+06 1.419988491417196565e+04 1.509429762638219330e+01 3.831007823139244385e+11 0.000000000000000000e+00 2.787290805544831444e+24
3.561528741843130440e+06 1.410898501965128526e+04 1.526157231088903288e+01 3.721693158528530884e+11 0.000000000000000000e+00 2.900457743038833582e+24
3.612407723869461101e+06 1.401601657475396132e+04 1.542640647333160331e+01 3.611900606421275635e+11 0.000000000000000000e+00 3.016147964845735316e+24
3.663286705895791296e+06 1.392107020894000925e+04 1.558874400854640996e+01 3.501678708751955566e+11 0.000000000000000000e+00 3.134348583295657651e+24
3.714165687922121957e+06 1.382419926327076973e+04 1.574852684560002736e+01 3.391077004231976318e+11 0.000000000000000000e+00 3.255043797268561618e+24
3.765044669948452152e+06 1.372502528782734953e+04 1.590569503101936277e+01 3.280146020071816406e+11 0.000000000000000000e+00 3.378214883058333147e+24
3.815923651974782813e+06 1.362383703227973092e+04 1.606018672879166687e+01 3.168937271981014404e+11 0.000000000000000000e+00 3.503840194372791653e+24
3.866802634001113009e+06 1.352025867887856475e+04 1.621193720444756181e+01 3.057503464656444702e+11 0.000000000000000000e+00 3.631894860610743923e+24
3.917681616027443670e+06 1.341450284075879426e+04 1.636087914139172383e+01 2.945898460136837769e+11 0.000000000000000000e+00 3.762350524479252646e+24
3.968560598053773865e+06 6.502885153149989492e+03 1.646744241190153346e+01 2.841968657754306030e+11 0.000000000000000000e+00 3.885854406326779424e+24
4.019439580080104526e+06 6.472836232511548587e+03 1.632656547956858972e+01 2.787841365282267456e+11 0.000000000000000000e+00 3.952029537080118308e+24
4.070318562106434721e+06 6.442910532170119041e+03 1.619311323099112343e+01 2.734414804818294678e+11 0.000000000000000000e+00 4.019587690083450758e+24
4.121197544132765383e+06 6.413094085195082698e+03 1.606669086394698809e+01 2.681660065814482117e+11 0.000000000000000000e+00 4.088535569651722193e+24
4.172076526159095578e+06 6.383373495467834800e+03 1.594693483705701631e+01 2.629550602231662903e+11 0.000000000000000000e+00 4.158879417726013446e+24
4.222955508185425773e+06 6.353686874604363766e+03 1.583350215721189258e+01 2.578061108499049377e+11 0.000000000000000000e+00 4.230625369699944562e+24
4.273834490211756900e+06 6.324070345879377783e+03 1.572606661938211303e+01 2.527167572346392517e+11 0.000000000000000000e+00 4.303779161974125401e+24
4.324713472238087095e+06 6.294515293429196390e+03 1.562431880661797656e+01 2.476847274803986206e+11 0.000000000000000000e+00 4.378346131956152415e+24
4.375592454264417291e+06 6.265010068035611766e+03 1.552796609004958128e+01 2.427078790202660522e+11 0.000000000000000000e+00 4.454331218060611869e+24
4.426471436290747486e+06 6.235543261967361104e+03 1.543673262888682984e+01 2.377841986173787231e+11 0.000000000000000000e+00 4.531738959709080381e+24
4.477350418317078613e+06 6.206103630135156891e+03 1.535035937041942766e+01 2.329118023649275513e+11 0.000000000000000000e+00 4.610573497330122235e+24
4.528229400343408808e+06 6.176680618709906412e+03 1.526860405001688292e+01 2.280889356861577148e+11 0.000000000000000000e+00 4.690838572359288843e+24
4.579108382369739003e+06 6.147263924208267781e+03 1.519123361549142182e+01 2.233139145521802063e+11 0.000000000000000000e+00 4.772537567247474088e+24
4.629987364396069199e+06 6.117842363206827940e+03 1.511801956867209107e+01 2.185850893276842041e+11 0.000000000000000000e+00 4.855673594055837010e+24
4.680866346422400326e+06 6.088400539373827087e+03 1.504876367537430859e+01 2.139010490721470337e+11 0.000000000000000000e+00 4.940249280396138778e+24
4.731745328448730521e+06 6.058927352566692207e+03 1.498327577131133381e+01 2.092604522555249023e+11 0.000000000000000000e+00 5.026266777369767464e+24
4.782624310475060716e+06 6.029426804353676744e+03 1.492137258221105789e+01 2.046620176528181763e+11 0.000000000000000000e+00 5.113727763351010997e+24
4.833503292501390912e+06 5.999890650198273761e+03 1.486287772381601435e+01 2.001045243440721130e+11 0.000000000000000000e+00 5.202633443987048563e+24
4.884382274527722038e+06 5.970309497603431737e+03 1.480762170188337379e+01 1.955868117143763733e+11 0.000000000000000000e+00 5.292984552197950615e+24
4.935261256554052234e+06 5.940676294017692271e+03 1.475544191218495094e+01 1.911077794538655090e+11 0.000000000000000000e+00 5.384781348176676719e+24
4.986140238580382429e+06 5.910982770176089616e+03 1.470618264050719404e+01 1.866663875577184448e+11 0.000000000000000000e+00 5.478023619389085220e+24
5.037019220606713556e+06 5.881220676253346937e+03 1.465969506265119371e+01 1.822616563261587524e+11 0.000000000000000000e+00 5.572710680573921429e+24
5.087898202633043751e+06 5.851383625562282759e+03 1.461583724443267762e+01 1.778926663644548035e+11 0.000000000000000000e+00 5.668841373742824069e+24
5.138777184659373946e+06 5.821447633367492017e+03 1.457447414168201760e+01 1.735585585829193726e+11 0.000000000000000000e+00 5.766414068180325272e+24
5.189656166685704142e+06 5.791413755003938604e+03 1.453547760024421720e+01 1.692585341969098816e+11 0.000000000000000000e+00 5.865426660443849507e+24
5.240535148712035269e+06 5.761280251290318120e+03 1.449872635597892234e+01 1.649918547268283691e+11 0.000000000000000000e+00 5.965876574363714652e+24
5.291414130738365464e+06 5.731040915374295764e+03 1.446410603476042311e+01 1.607578419981216736e+11 0.000000000000000000e+00 6.067760761043124478e+24
5.342293112764695659e+06 5.700690038381553677e+03 1.443150915247763955e+01 1.565558781412810059e+11 0.000000000000000000e+00 6.171075698858181536e+24
5.393172094791025855e+06 5.670223104092097856e+03 1.440083511503413938e+01 1.523854055918422852e+11 0.000000000000000000e+00 6.275817393457880713e+24
5.444051076817356981e+06 5.639635440790243592e+03 1.437199021538284960e+01 1.482459270726807556e+11 0.000000000000000000e+00 6.381981377544568758e+24
5.494930058843687177e+06 5.608891280030586131e+03 1.434487274368600929e+01 1.441369161259996643e+11 0.000000000000000000e+00 6.489561712557055650e+24
5.545809040870017372e+06 5.577989108222053801e+03 1.431938275852576758e+01 1.400578725829003601e+11 0.000000000000000000e+00 6.598552027051026891e+24
5.596688022896347567e+06 5.546949121521371126e+03 1.429543486041019484e+01 1.360083983434370880e+11 0.000000000000000000e+00 6.708946182085532442e+24
5.647567004922678694e+06 5.515767472907484262e+03 1.427294587274156967e+01 1.319881240535944214e+11 0.000000000000000000e+00 6.820737264725027220e+24
5.698445986949008889e+06 5.484379791214663783e+03 1.425183484181638960e+01 1.279967091052873993e+11 0.000000000000000000e+00 6.933917588039357130e+24
5.749324968975339085e+06 5.452829493829125568e+03 1.423202303682536396e+01 1.240338416363612061e+11 0.000000000000000000e+00 7.048478691103771955e+24
5.800203951001669280e+06 5.421116859698271583e+03 1.421343394985341568e+01 1.200992385305914154e+11 0.000000000000000000e+00 7.164411338998919985e+24
5.851082933028000407e+06 5.389169093074859120e+03 1.419599329587968128e+01 1.161926454176838379e+11 0.000000000000000000e+00 7.281705522810852315e+24
5.901961915054330602e+06 5.357063107826330452e+03 1.417962901277750909e+01 1.123138366732748413e+11 0.000000000000000000e+00 7.400350459631008884e+24
5.952840897080660798e+06 5.324704803509059275e+03 1.416427126131446457e+01 1.084626154189308777e+11 0.000000000000000000e+00 7.520334592556238874e+24
6.003719879106990993e+06 5.292167573384422212e+03 1.414985242515232322e+01 1.046388135221488342e+11 0.000000000000000000e+00 7.641645590688785683e+24
6.054598861133322120e+06 5.259363640419069270e+03 1.413630711084707592e+01 1.008422915963557892e+11 0.000000000000000000e+00 7.764270349136295509e+24
6.105477843159652315e+06 5.226342365942778997e+03 1.412357214784892712e+01 9.707293900090943909e+10 0.000000000000000000e+00 7.888194989011807693e+24
6.156356825185982510e+06 5.193087701645319612e+03 1.411158658850229486e+01 9.333067384109751892e+10 0.000000000000000000e+00 8.013404857433763302e+24
6.207235807212312706e+06 5.159543493389392097e+03 1.410029170804581078e+01 8.961544296813816833e+10 0.000000000000000000e+00 8.139884527526006208e+24
6.258114789238643833e+06 5.125741115118453308e+03 1.408963100461232010e+01 8.592722197917984009e+10 0.000000000000000000e+00 8.267617798417777716e+24
6.308993771264974028e+06 5.091663994909456051e+03 1.407955019922887807e+01 8.226601521730142212e+10 0.000000000000000000e+00 8.396587695243712270e+24
6.359872753291304223e+06 5.057297227378585376e+03 1.406999723581676065e+01 7.863185577151202393e+10 0.000000000000000000e+00 8.526776469143849267e+24
6.410751735317634419e+06 5.022627829757235304e+03 1.406092228119145204e+01 7.502480547675105286e+10 0.000000000000000000e+00 8.658165597263627683e+24
6.461630717343965545e+06 4.987644986521649116e+03 1.405227772506265005e+01 7.144495491388822937e+10 0.000000000000000000e+00 8.790735782753885003e+24
6.512509699370295741e+06 4.952339623128138555e+03 1.404401216536902020e+01 6.789240169310043335e+10 0.000000000000000000e+00 8.924464991937726331e+24
6.563388681396625936e+06 4.916689277667195711e+03 1.403607288781402573e+01 6.436724730256079865e+10 0.000000000000000000e+00 9.059329918014453786e+24
6.614267663422957063e+06 4.880674000371078364e+03 1.402841282034024140e+01 6.086963044540023804e+10 0.000000000000000000e+00 9.195307790689786942e+24
6.665146645449287258e+06 4.844302966087490859e+03 1.402098528502415675e+01 5.739971530832577515e+10 0.000000000000000000e+00 9.332374267983983322e+24
6.716025627475617453e+06 4.807533417424981963e+03 1.401374399654820024e+01 5.395769155702251434e+10 0.000000000000000000e+00 9.470503435683034999e+24
6.766904609501947649e+06 4.770359825687886769e+03 1.400664306220073740e+01 5.054377433615386963e+10 0.000000000000000000e+00 9.609667807338656780e+24
6.817783591528278776e+06 4.732766878275344425e+03 1.399963698187607797e+01 4.715820426936149597e+10 0.000000000000000000e+00 9.749838324268293727e+24
6.868662573554608971e+06 4.694735372273140456e+03 1.399268064807446521e+01 4.380124745926547241e+10 0.000000000000000000e+00 9.890984355555111489e+24
6.919541555580939166e+06 4.656233863200910491e+03 1.398572934590208838e+01 4.047319548746397400e+10 0.000000000000000000e+00 1.003307369804800919e+25
6.970420537607269362e+06 4.617255062860382168e+03 1.397873875307106850e+01 3.717436541453350830e+10 0.000000000000000000e+00 1.017607257636160761e+25
7.021299519633600488e+06 4.577760046258237708e+03 1.397166493989947256e+01 3.390509978002879333e+10 0.000000000000000000e+00 1.031994564287625994e+25
7.072178501659930684e+06 4.537724846019898905e+03 1.396446436931130464e+01 3.066576660248298645e+10 0.000000000000000000e+00 1.046465597773803674e+25
7.123057483686260879e+06 4.497132207933920654e+03 1.395709389683650592e+01 2.745675937940734100e+10 0.000000000000000000e+00 1.061016508885874524e+25
7.173936465712591074e+06 4.455939676172532927e+03 1.394950977523284763e+01 2.427850830345640564e+10 0.000000000000000000e+00 1.075643199931266693e+25
7.224815447738922201e+06 4.414120793539468650e+03 1.394166538717390758e+01 2.113149408950799942e+10 0.000000000000000000e+00 1.090341126255780054e+25
7.275694429765252396e+06 4.371635668341126802e+03 1.393351806052032416e+01 1.801616819936814117e+10 0.000000000000000000e+00 1.105105910744848814e+25
7.326573411791582592e+06 4.328443179936675733e+03 1.392502381834662728e+01 1.493302865181324577e+10 0.000000000000000000e+00 1.119932838891271843e+25
7.377452393817912787e+06 4.284498166682245937e+03 1.391613667455758829e+01 1.188262895042112541e+10 0.000000000000000000e+00 1.134816793039984924e+25
7.428331375844243914e+06 4.239751024826822686e+03 1.390680863388821464e+01 8.865578083570823669e+09 0.000000000000000000e+00 1.149752252388061186e+25
7.479210357870574109e+06 4.194146933823081781e+03 1.389698969190375877e+01 5.882540524442874908e+09 0.000000000000000000e+00 1.164733292984708950e+25
7.530089339896904305e+06 4.147621292864194402e+03 1.388662783499970921e+01 2.934236231018974304e+09 0.000000000000000000e+00 1.179753587731274742e+25
7.580968321923234500e+06 4.100105585842011351e+03 1.387566904040179061e+01 2.144064608214187622e+07 0.000000000000000000e+00 1.194806406381241143e+25
