# Radius (m)	Density (kg/m^3)	Gravity (m/s^2)	Pressure (Pa)	Temperature (K)	Mass Enclosed (kg)
0.000000000000000000e+00 1.895629864587500924e+04 0.000000000000000000e+00 1.224069630054969238e+12 0.000000000000000000e+00 0.000000000000000000e+00
5.703882085087717860e+04 1.895560212370803129e+04 3.022979998897826759e-01 1.223906192113151855e+12 0.000000000000000000e+00 1.473566854653066650e+19
1.140776417017543572e+05 1.895351280399147436e+04 6.045561432501254107e-01 1.223415936195306152e+12 0.000000000000000000e+00 1.178777857513775268e+20
1.711164625526315358e+05 1.895003142058379308e+04 9.067341233911462295e-01 1.222599034500279541e+12 0.000000000000000000e+00 3.977900539136555090e+20
2.281552834035087144e+05 1.894515920398758317e+04 1.208792248796467073e+00 1.221455775763767578e+12 0.000000000000000000e+00 9.427714987410747556e+20
2.851941042543859221e+05 1.893889787359583715e+04 1.510690820733415318e+00 1.219986563438905029e+12 0.000000000000000000e+00 1.840990937822590403e+21
3.422329251052630716e+05 1.893124963154472061e+04 1.812389856608448646e+00 1.218191914253829834e+12 0.000000000000000000e+00 3.180456698028848841e+21
3.992717459561402211e+05 1.892221716943591309e+04 2.113849541219627426e+00 1.216072459789070312e+12 0.000000000000000000e+00 5.048930553146200031e+21
4.563105668070174288e+05 1.891180366574666550e+04 2.415030532965019461e+00 1.213628945869822754e+12 0.000000000000000000e+00 7.534013883994926481e+21
5.133493876578946365e+05 1.890001277529117942e+04 2.715892855311152321e+00 1.210862230093070557e+12 0.000000000000000000e+00 1.072316770542447441e+22
5.703882085087718442e+05 1.888684864434011979e+04 3.016396413536363674e+00 1.207773285375362549e+12 0.000000000000000000e+00 1.470343061433143945e+22
6.274270293596489355e+05 1.887231591087314882e+04 3.316501007402481882e+00 1.204363200012072021e+12 0.000000000000000000e+00 1.956141487923442326e+22
6.844658502105261432e+05 1.885632776786532486e+04 3.616166331154831326e+00 1.200633177677396973e+12 0.000000000000000000e+00 2.538330644027409433e+22
7.415046710614033509e+05 1.883884547026877408e+04 3.915351973522227524e+00 1.196584537424359619e+12 0.000000000000000000e+00 3.225486490921309569e+22
7.985434919122804422e+05 1.881999355330438993e+04 4.214017417716975800e+00 1.192218713684807373e+12 0.000000000000000000e+00 4.026142356943610157e+22
8.555823127631576499e+05 1.879977870915761014e+04 4.512122041434876607e+00 1.187537256269411377e+12 0.000000000000000000e+00 4.948788937594985094e+22
9.126211336140348576e+05 1.877820809862635360e+04 4.809625795912142898e+00 1.182541823512526123e+12 0.000000000000000000e+00 6.001844917428375519e+22
9.696599544649120653e+05 1.875528926649982895e+04 5.106491067551419683e+00 1.177234162675179199e+12 0.000000000000000000e+00 7.193589783048654265e+22
1.026698775315789273e+06 1.873084414199258026e+04 5.402676681225896616e+00 1.171616168039403564e+12 0.000000000000000000e+00 8.532403499209097164e+22
1.083737596166666364e+06 1.870491757415927714e+04 5.698140957763143000e+00 1.165689849406494385e+12 0.000000000000000000e+00 1.002659446176551702e+23
1.140776417017543688e+06 1.867765141851646331e+04 5.992842262365021710e+00 1.159457326564568604e+12 0.000000000000000000e+00 1.168437367196564744e+23
1.197815237868420780e+06 1.864905542992458504e+04 6.286739004607675874e+00 1.152920829288563965e+12 0.000000000000000000e+00 1.351385473644911510e+23
1.254854058719297871e+06 1.861902063949521835e+04 6.579789638441543076e+00 1.146082697340239258e+12 0.000000000000000000e+00 1.552305386724747085e+23
1.311892879570175195e+06 1.858738541668273683e+04 6.871952662191347372e+00 1.138945380468174805e+12 0.000000000000000000e+00 1.771988988178418631e+23
1.368931700421052286e+06 1.855443544154902338e+04 7.163186618556095731e+00 1.131511438407771484e+12 0.000000000000000000e+00 2.011218420287461025e+23
1.425970521271929378e+06 1.852018254728838656e+04 7.453450094609088694e+00 1.123783540881251709e+12 0.000000000000000000e+00 2.270766085872604246e+23
1.483009342122806702e+06 1.848427216255151143e+04 7.742701721797915937e+00 1.115764467597658447e+12 0.000000000000000000e+00 2.551394648293767664e+23
1.540048162973683793e+06 1.844696349044300223e+04 8.030900175944447383e+00 1.107457108252856445e+12 0.000000000000000000e+00 2.853857031450060044e+23
1.597086983824560884e+06 1.840837358617496284e+04 8.318004177244848307e+00 1.098864462529531128e+12 0.000000000000000000e+00 3.178896419779783573e+23
1.654125804675438209e+06 1.836813215846329695e+04 8.603972490269569562e+00 1.089989640097189209e+12 0.000000000000000000e+00 3.527246258260432849e+23
1.711164625526315300e+06 1.832648007101329858e+04 8.888763923963344027e+00 1.080835860612158325e+12 0.000000000000000000e+00 3.899630252408689184e+23
1.768203446377192624e+06 1.828356702532736381e+04 9.172337331645202596e+00 1.071406453717587402e+12 0.000000000000000000e+00 4.296762368280428984e+23
1.825242267228069715e+06 1.823883766113159800e+04 9.454651611008458190e+00 1.061704859043446289e+12 0.000000000000000000e+00 4.719346832470716711e+23
1.882281088078946806e+06 1.819286973620190838e+04 9.735665704120712860e+00 1.051734626206526123e+12 0.000000000000000000e+00 5.168078132113809573e+23
1.939319908929824131e+06 1.814533841974875395e+04 1.001533511034742929e+01 1.041499413799842773e+12 0.000000000000000000e+00 5.643617572583659138e+23
1.996358729780701222e+06 1.809630741557585861e+04 1.029360970202106174e+01 1.031002997286733154e+12 0.000000000000000000e+00 6.146587512267274799e+23
2.053397550631578546e+06 1.804588618691623924e+04 1.057044691747566567e+01 1.020249270192562988e+12 0.000000000000000000e+00 6.677655517039774872e+23
2.110436371482455637e+06 1.799378911570383207e+04 1.084580409100165532e+01 1.009242232647738159e+12 0.000000000000000000e+00 7.237472094001159870e+23
2.167475192333332729e+06 1.794038647877440599e+04 1.111963804489203156e+01 9.979859910656774902e+11 0.000000000000000000e+00 7.826667720204511997e+23
2.224514013184209820e+06 1.788523043346092891e+04 1.139190508944237301e+01 9.864847581428126221e+11 0.000000000000000000e+00 8.445852842655993142e+23
2.281552834035087377e+06 1.782876183589876018e+04 1.166256102295084318e+01 9.747428528585883789e+11 0.000000000000000000e+00 9.095617878314852926e+23
2.338591654885964468e+06 1.777055814062636637e+04 1.193156113171817978e+01 9.627647004754624023e+11 0.000000000000000000e+00 9.776533214093401863e+23
2.395630475736841559e+06 1.771094311106059467e+04 1.219886019004770894e+01 9.505548325389057617e+11 0.000000000000000000e+00 1.048914920685704759e+24
2.452669296587718651e+06 1.764971024900271732e+04 1.246441246024533100e+01 9.381178868774018555e+11 0.000000000000000000e+00 1.123399618342427476e+24
2.509708117438595742e+06 1.758687436098678154e+04 1.272817169261953296e+01 9.254586076024475098e+11 0.000000000000000000e+00 1.201158444056664231e+24
2.566746938289472833e+06 1.752263635425959365e+04 1.299009112548137956e+01 9.125818451085527344e+11 0.000000000000000000e+00 1.282240424500879828e+24
2.623785759140350390e+06 1.745651046927666903e+04 1.325012348514452043e+01 8.994925560732397461e+11 0.000000000000000000e+00 1.366692583342847306e+24
2.680824579991227482e+06 1.738895936208006606e+04 1.350822098592517762e+01 8.861958034570446777e+11 0.000000000000000000e+00 1.454559941245644988e+24
2.737863400842104573e+06 1.731981980336134438e+04 1.376433533014216160e+01 8.726967565035161133e+11 0.000000000000000000e+00 1.545885515867662655e+24
2.794902221692981664e+06 1.724885893541025871e+04 1.401841770811686239e+01 8.590006907392159424e+11 0.000000000000000000e+00 1.640710321862596446e+24
2.851941042543858755e+06 1.717637087117643023e+04 1.427041879817324954e+01 8.451129879737186279e+11 0.000000000000000000e+00 1.739073370879450468e+24
2.908979863394736312e+06 1.710231182446021558e+04 1.452028876663787571e+01 8.310391362996118164e+11 0.000000000000000000e+00 1.841011671562538673e+24
2.966018684245613404e+06 1.702635963382047339e+04 1.476797726783987130e+01 8.167847300924967041e+11 0.000000000000000000e+00 1.946560229551479496e+24
3.023057505096490495e+06 1.694873492891595015e+04 1.501343344411095160e+01 8.023554700109864502e+11 0.000000000000000000e+00 2.055752047481202019e+24
3.080096325947367586e+06 1.686944664573649061e+04 1.525660592578540786e+01 7.877571629967081299e+11 0.000000000000000000e+00 2.168618124981942761e+24
3.137135146798244677e+06 1.678845404133863485e+04 1.549744283120011445e+01 7.729957222743011475e+11 0.000000000000000000e+00 2.285187458679246204e+24
3.194173967649121769e+06 1.670571749390991317e+04 1.573589176669453238e+01 7.580771673514184570e+11 0.000000000000000000e+00 2.405487042193965338e+24
3.251212788499999326e+06 1.662107143039144648e+04 1.597190047330751206e+01 7.430076156848524170e+11 0.000000000000000000e+00 2.529541319661653196e+24
3.308251609350876417e+06 1.653460273158834389e+04 1.620541662568295393e+01 7.277933051948923340e+11 0.000000000000000000e+00 2.657367714612063901e+24
3.365290430201753508e+06 1.644631327271300324e+04 1.643637957513364611e+01 7.124407038431083984e+11 0.000000000000000000e+00 2.788981580639331477e+24
3.422329251052630600e+06 1.635616758470750938e+04 1.666472978184230413e+01 6.969563481309014893e+11 0.000000000000000000e+00 2.924396339660617828e+24
3.479368071903507691e+06 1.626413138731065555e+04 1.689041021374229956e+01 6.813468219135853271e+11 0.000000000000000000e+00 3.063622974552756711e+24
3.536406892754385248e+06 1.617017154582625153e+04 1.711336610603856556e+01 6.656187609250893555e+11 0.000000000000000000e+00 3.206669977133284350e+24
3.593445713605262339e+06 1.607425566186802098e+04 1.733353868646346641e+01 6.497789636442717285e+11 0.000000000000000000e+00 3.353542117873802740e+24
3.650484534456139430e+06 1.597635369886756598e+04 1.755086810159816579e+01 6.338343309452569580e+11 0.000000000000000000e+00 3.504241115030589691e+24
3.707523355307016522e+06 1.587643689194992112e+04 1.776529175150616524e+01 6.177919194094697266e+11 0.000000000000000000e+00 3.658764814332947612e+24
3.764562176157893613e+06 1.577440346172554928e+04 1.797674232683282725e+01 6.016589814383068848e+11 0.000000000000000000e+00 3.817106701886018424e+24
3.821600997008771170e+06 1.567016666101491865e+04 1.818514781797118118e+01 5.854429650623560791e+11 0.000000000000000000e+00 3.979255906031410103e+24
3.878639817859648261e+06 1.556380355775088356e+04 1.839044004851858105e+01 5.691513358518741455e+11 0.000000000000000000e+00 4.145198882291457423e+24
3.935678638710525353e+06 1.545529174221137509e+04 1.859255301528386539e+01 5.527916060816453857e+11 0.000000000000000000e+00 4.314918855262388548e+24
3.992717459561402444e+06 1.534455407126880164e+04 1.879141738475694368e+01 5.363714437794923096e+11 0.000000000000000000e+00 4.488394681892154483e+24
4.049756280412279535e+06 1.523130495080673791e+04 1.898696116221574570e+01 5.198986659195718384e+11 0.000000000000000000e+00 4.665600791696564149e+24
4.106795101263157092e+06 1.511581982423133741e+04 1.917910781981785107e+01 5.033812812929798584e+11 0.000000000000000000e+00 4.846506605457888653e+24
4.163833922114034183e+06 1.499780779736666409e+04 1.936778070586632339e+01 4.868273958554905396e+11 0.000000000000000000e+00 5.031077329659878934e+24
4.220872742964911275e+06 1.487729625085222142e+04 1.955289687515147534e+01 4.702453515220990601e+11 0.000000000000000000e+00 5.219272363006366893e+24
4.277911563815788366e+06 1.475414715525455176e+04 1.973436963254730259e+01 4.536436761835284424e+11 0.000000000000000000e+00 5.411045601283293586e+24
4.334950384666665457e+06 1.462841591229794722e+04 1.991211234982235823e+01 4.370309947055279541e+11 0.000000000000000000e+00 5.606346367052257513e+24
4.391989205517542548e+06 1.449971735818113666e+04 2.008604106078812634e+01 4.204159582796574097e+11 0.000000000000000000e+00 5.805120000039296115e+24
4.449028026368419640e+06 7.144086292546891855e+03 1.993051060694798693e+01 4.117979556048438110e+11 0.000000000000000000e+00 5.910756045702884082e+24
4.506066847219296731e+06 7.106769295125857752e+03 1.976572956048768859e+01 4.037309655868870239e+11 0.000000000000000000e+00 6.013155551543578226e+24
4.563105668070174754e+06 7.069588741310213663e+03 1.960956471394080225e+01 3.957710040704278564e+11 0.000000000000000000e+00 6.117631734594581083e+24
4.620144488921051845e+06 7.032527698219479134e+03 1.946155543686891676e+01 3.879138650537206421e+11 0.000000000000000000e+00 6.224192053246750265e+24
4.677183309771928936e+06 6.995569487718299570e+03 1.932126648029864668e+01 3.801556414268469238e+11 0.000000000000000000e+00 6.332842694744383355e+24
4.734222130622806028e+06 6.958645893278004223e+03 1.918827811074687872e+01 3.724925870215351562e+11 0.000000000000000000e+00 6.443589021601847690e+24
4.791260951473683119e+06 6.921797206018292854e+03 1.906221155063115091e+01 3.649212555860285645e+11 0.000000000000000000e+00 6.556436624436428745e+24
4.848299772324560210e+06 6.885011685232590025e+03 1.894271519107704904e+01 3.574384504681227417e+11 0.000000000000000000e+00 6.671390529732637469e+24
4.905338593175437301e+06 6.848274965468073788e+03 1.882945216995285520e+01 3.500411272558068848e+11 0.000000000000000000e+00 6.788454993660666704e+24
4.962377414026314393e+06 6.811573465388807563e+03 1.872210037186955489e+01 3.427263937772633057e+11 0.000000000000000000e+00 6.907633502076382598e+24
5.019416234877191484e+06 6.774894082729355432e+03 1.862035242818082992e+01 3.354915101008677368e+11 0.000000000000000000e+00 7.028928770521331048e+24
5.076455055728068575e+06 6.738223510753690789e+03 1.852391571698305128e+01 3.283338885351892090e+11 0.000000000000000000e+00 7.152342744222734479e+24
5.133493876578945667e+06 6.701548974282604831e+03 1.843251236311530405e+01 3.212510936289900513e+11 0.000000000000000000e+00 7.277876598093493989e+24
5.190532697429823689e+06 6.664858948117449472e+03 1.834587923815934829e+01 3.142408421712258911e+11 0.000000000000000000e+00 7.405530736732188277e+24
5.247571518280700780e+06 6.628141493311839440e+03 1.826376796043966522e+01 3.073010031910459595e+11 0.000000000000000000e+00 7.535304794423068274e+24
5.304610339131577872e+06 6.591385014219506047e+03 1.818594489502341105e+01 3.004295979577924194e+11 0.000000000000000000e+00 7.667197635136067882e+24
5.361649159982454963e+06 6.554579695757743139e+03 1.811219115372045607e+01 2.936247999810009766e+11 0.000000000000000000e+00 7.801207352526796455e+24
5.418687980833332054e+06 6.517714778062217192e+03 1.804230259508335621e+01 2.868849350104005737e+11 0.000000000000000000e+00 7.937331269936540948e+24
5.475726801684209146e+06 6.480781285213743104e+03 1.797608338177044729e+01 2.802084091095527344e+11 0.000000000000000000e+00 8.075566012575370709e+24
5.532765622535086237e+06 6.443768142992905268e+03 1.791333040293110201e+01 2.735935332775247498e+11 0.000000000000000000e+00 8.215907856730237732e+24
5.589804443385963328e+06 6.406666824396689663e+03 1.785386929571792791e+01 2.670389360591372986e+11 0.000000000000000000e+00 8.358352185391115414e+24
5.646843264236840419e+06 6.369468566159073816e+03 1.779753368763406840e+01 2.605433415779604492e+11 0.000000000000000000e+00 8.502893374309538434e+24
5.703882085087717511e+06 6.332165343794822547e+03 1.774416260904813214e+01 2.541055409779288025e+11 0.000000000000000000e+00 8.649524806573473340e+24
5.760920905938594602e+06 6.294749031557423223e+03 1.769360049319419659e+01 2.477243924233415222e+11 0.000000000000000000e+00 8.798238872607316398e+24
5.817959726789472625e+06 6.257211898183105404e+03 1.764569717617181865e+01 2.413988210988623047e+11 0.000000000000000000e+00 8.949026970171897889e+24
5.874998547640349716e+06 6.219546850086968334e+03 1.760030789694602049e+01 2.351278192095197754e+11 0.000000000000000000e+00 9.101879504364470299e+24
5.932037368491226807e+06 6.181735199185903184e+03 1.755729329734728950e+01 2.289104459807067261e+11 0.000000000000000000e+00 9.256785887618726573e+24
5.989076189342103899e+06 6.143730957225461680e+03 1.751651942207158896e+01 2.227458276581806641e+11 0.000000000000000000e+00 9.413734539704789373e+24
6.046115010192980990e+06 6.105573375403112550e+03 1.747785771868035098e+01 2.166331575080638123e+11 0.000000000000000000e+00 9.572712887729208936e+24
6.103153831043858081e+06 6.067257262596292094e+03 1.744118503760048000e+01 2.105716958168427429e+11 0.000000000000000000e+00 9.733707366134969514e+24
6.160192651894735172e+06 6.028776773055640660e+03 1.740638363212434570e+01 2.045607698913688354e+11 0.000000000000000000e+00 9.896703416701487224e+24
6.217231472745612264e+06 5.990064253912098138e+03 1.737334115840979365e+01 1.985997740588579712e+11 0.000000000000000000e+00 1.006168548854460469e+25
6.274270293596489355e+06 5.951146713256836847e+03 1.734195067548013469e+01 1.926881696668905334e+11 0.000000000000000000e+00 1.022863703811660176e+25
6.331309114447366446e+06 5.912047829853448093e+03 1.731211064522415555e+01 1.868254850834116211e+11 0.000000000000000000e+00 1.039754052920618371e+25
6.388347935298243538e+06 5.872696288485281912e+03 1.728372493239610819e+01 1.810113156967308655e+11 0.000000000000000000e+00 1.056837743293849199e+25
6.445386756149121560e+06 5.833109590574211325e+03 1.725670280461572048e+01 1.752453239155223389e+11 0.000000000000000000e+00 1.074112822777509776e+25
6.502425576999998651e+06 5.793307133000272188e+03 1.723095893173357140e+01 1.695272391650056763e+11 0.000000000000000000e+00 1.091577239934457404e+25
6.559464397850875743e+06 5.753200893331315456e+03 1.720639979213375526e+01 1.638567699604384766e+11 0.000000000000000000e+00 1.109228526031229082e+25
6.616503218701752834e+06 5.712874100979030118e+03 1.718293268913405569e+01 1.582336390609213867e+11 0.000000000000000000e+00 1.127064172008308065e+25
6.673542039552629925e+06 5.672220037497201702e+03 1.716047811140205681e+01 1.526576740715088806e+11 0.000000000000000000e+00 1.145081832060965736e+25
6.730580860403507017e+06 5.631302563138742698e+03 1.713895796150912787e+01 1.471287422593266907e+11 0.000000000000000000e+00 1.163278966711743195e+25
6.787619681254384108e+06 5.590079954982216805e+03 1.711829555593039842e+01 1.416467505535721436e+11 0.000000000000000000e+00 1.181652842810452549e+25
6.844658502105261199e+06 5.548514591711395042e+03 1.709841562504478318e+01 1.362116455455138855e+11 0.000000000000000000e+00 1.200200533534176696e+25
6.901697322956138290e+06 5.506635068483039504e+03 1.707924431313495361e+01 1.308234134884919891e+11 0.000000000000000000e+00 1.218918918387268248e+25
6.958736143807015382e+06 5.464417728569044812e+03 1.706070917838736278e+01 1.254820802979179840e+11 0.000000000000000000e+00 1.237804683201351255e+25
7.015774964657893404e+06 5.421838162877002105e+03 1.704273919289223826e+01 1.201877115512747498e+11 0.000000000000000000e+00 1.256854320135319697e+25
7.072813785508770496e+06 5.378865200807875226e+03 1.702526474264357148e+01 1.149404124881168060e+11 0.000000000000000000e+00 1.276064127675338346e+25
7.129852606359647587e+06 5.335503488545795335e+03 1.700821762753913546e+01 1.097403280100698547e+11 0.000000000000000000e+00 1.295430210634842120e+25
7.186891427210524678e+06 5.291726974335524574e+03 1.699153106138047065e+01 1.045876426808311462e+11 0.000000000000000000e+00 1.314948480154537370e+25
7.243930248061401770e+06 5.247511497755220262e+03 1.697513967187288486e+01 9.948258072616931152e+10 0.000000000000000000e+00 1.334614653702399953e+25
7.300969068912278861e+06 5.202851292006735093e+03 1.695897950062546400e+01 9.442540603392439270e+10 0.000000000000000000e+00 1.354424255073677157e+25
7.358007889763155952e+06 5.157737724086775415e+03 1.694298800315107201e+01 8.941642215400785828e+10 0.000000000000000000e+00 1.374372614390885991e+25
7.415046710614033043e+06 5.112113272195470927e+03 1.692710404886632958e+01 8.445597229840267944e+10 0.000000000000000000e+00 1.394454868103814681e+25
7.472085531464910135e+06 5.065992751170466363e+03 1.691126792109164612e+01 7.954443934116320801e+10 0.000000000000000000e+00 1.414665958989521600e+25
7.529124352315787226e+06 5.019307548412625692e+03 1.689542131705118777e+01 7.468224581841514587e+10 0.000000000000000000e+00 1.435000636152335698e+25
7.586163173166664317e+06 4.972063531038994370e+03 1.687950734787290941e+01 6.986985392835569763e+10 0.000000000000000000e+00 1.455453455023856716e+25
7.643201994017542340e+06 4.924224183276084659e+03 1.686347053858851908e+01 6.510776553125341797e+10 0.000000000000000000e+00 1.476018777362954969e+25
7.700240814868419431e+06 4.875761372716700862e+03 1.684725654064439482e+01 6.039652594187448883e+10 0.000000000000000000e+00 1.496690741023088961e+25
7.757279635719296522e+06 4.826622235502252806e+03 1.683078897703726540e+01 5.573699339916429901e+10 0.000000000000000000e+00 1.517460925307132094e+25
7.814318456570173614e+06 4.776796885852692867e+03 1.681400581179777731e+01 5.112978131142157745e+10 0.000000000000000000e+00 1.538322370966108925e+25
7.871357277421050705e+06 4.726221577040508237e+03 1.679685909713435521e+01 4.657535483687244415e+10 0.000000000000000000e+00 1.559269260194441577e+25
7.928396098271927796e+06 4.674855211563561170e+03 1.677929688386134544e+01 4.207429217949839783e+10 0.000000000000000000e+00 1.580294947229162956e+25
7.985434919122804888e+06 4.622651222691174553e+03 1.676126322139906222e+01 3.762728458903639221e+10 0.000000000000000000e+00 1.601391958349916529e+25
8.042473739973681979e+06 4.569553309193366658e+03 1.674269815777375214e+01 3.323513636097873306e+10 0.000000000000000000e+00 1.622551991878957192e+25
8.099512560824559070e+06 4.515494366045006245e+03 1.672353773961761192e+01 2.889876483657317352e+10 0.000000000000000000e+00 1.643765918181149760e+25
8.156551381675436161e+06 4.460406193783217532e+03 1.670371401216877416e+01 2.461920040282284546e+10 0.000000000000000000e+00 1.665023779663970687e+25
8.213590202526314184e+06 4.404215083313144532e+03 1.668315501927132871e+01 2.039758649248624420e+10 0.000000000000000000e+00 1.686314790777506995e+25
8.270629023377191275e+06 4.346831973325068248e+03 1.666178480337530488e+01 1.623517958407746124e+10 0.000000000000000000e+00 1.707627338014455409e+25
8.327667844228068367e+06 4.288157883319572647e+03 1.663952340553667497e+01 1.213334920186577606e+10 0.000000000000000000e+00 1.728948979910124726e+25
8.384706665078945458e+06 4.228083470403492356e+03 1.661628686541735789e+01 8.093577915875961304e+09 0.000000000000000000e+00 1.750266447042434306e+25
8.441745485929822549e+06 4.166474990178718144e+03 1.659198722128521908e+01 4.117461341888221741e+09 0.000000000000000000e+00 1.771565642031914077e+25
8.498784306780699641e+06 4.103176479681726050e+03 1.656653251001407057e+01 2.067081414380950928e+08 0.000000000000000000e+00 1.792831639541704745e+25
