# Radius (m)	Density (kg/m^3)	Gravity (m/s^2)	Pressure (Pa)	Temperature (K)	Mass Enclosed (kg)
0.000000000000000000e+00 3.881068114995682845e+04 0.000000000000000000e+00 1.127176469447469531e+13 0.000000000000000000e+00 0.000000000000000000e+00
9.394539137944851245e+04 3.880830308519691607e+04 1.019369481321301896e+00 1.126990625026381836e+13 0.000000000000000000e+00 1.347959639073581957e+20
1.878907827588970249e+05 3.880117028644857055e+04 2.038513741223952458e+00 1.126433200823112500e+13 0.000000000000000000e+00 1.078245013999143617e+21
2.818361741383455228e+05 3.878928695656707714e+04 3.057209131097440746e+00 1.125504525288433203e+13 0.000000000000000000e+00 3.638423574493034185e+21
3.757815655177940498e+05 3.877266005283720733e+04 4.075231797503511721e+00 1.124205142130229688e+13 0.000000000000000000e+00 8.622110357596470772e+21
4.697269568972425768e+05 3.875129929199769686e+04 5.092359823137726949e+00 1.122535810706157812e+13 0.000000000000000000e+00 1.683434265840388460e+22
5.636723482766910456e+05 3.872499142434156965e+04 6.108357405067017964e+00 1.120497525277565820e+13 0.000000000000000000e+00 2.907829949236879399e+22
6.576177396561396308e+05 3.869384630918876792e+04 7.122991938198614648e+00 1.118091496975029492e+13 0.000000000000000000e+00 4.615350615645557778e+22
7.515631310355880996e+05 3.865795935369582730e+04 8.136036875831912596e+00 1.115319151129326367e+13 0.000000000000000000e+00 6.885563825174121703e+22
8.455085224150365684e+05 3.861735178096355230e+04 9.147271729658488226e+00 1.112182127271434375e+13 0.000000000000000000e+00 9.797652168341533281e+22
9.394539137944851536e+05 3.857204746486264048e+04 1.015648413179303411e+01 1.108682269710111133e+13 0.000000000000000000e+00 1.343026481377397996e+23
1.033399305173933622e+06 3.852207283467852540e+04 1.116346055596297582e+01 1.104821620165493945e+13 0.000000000000000000e+00 1.786142206872267837e+23
1.127344696553382091e+06 3.846745751699747052e+04 1.216796994315136615e+01 1.100602467356204688e+13 0.000000000000000000e+00 2.316909167236270260e+23
1.221290087932830676e+06 3.840816627336140664e+04 1.316978195571557819e+01 1.096027307993875977e+13 0.000000000000000000e+00 2.943040544904791521e+23
1.315235479312279262e+06 3.834363042466713523e+04 1.416866814332081503e+01 1.091098843484759766e+13 0.000000000000000000e+00 3.672160259979594894e+23
1.409180870691727614e+06 3.827450627067656023e+04 1.516440194294011690e+01 1.085819979929726562e+13 0.000000000000000000e+00 4.511802970228814974e+23
1.503126262071176199e+06 3.820083454574547068e+04 1.615675867885435935e+01 1.080193828124265820e+13 0.000000000000000000e+00 5.469414071086969751e+23
1.597071653450624784e+06 3.812265866460636607e+04 1.714551556265225685e+01 1.074223703558486719e+13 0.000000000000000000e+00 6.552349695654947193e+23
1.691017044830073137e+06 3.803947450076954556e+04 1.813045169323034855e+01 1.067913126417116797e+13 0.000000000000000000e+00 7.767876714700006584e+23
1.784962436209521722e+06 3.795141695818665903e+04 1.911134805679301962e+01 1.061265821579502930e+13 0.000000000000000000e+00 9.123172736655795306e+23
1.878907827588970307e+06 3.785895080406271154e+04 2.008798752685248701e+01 1.054285718619610938e+13 0.000000000000000000e+00 1.062532610762232400e+24
1.972853218968418660e+06 3.776210729571558477e+04 2.106015427198077106e+01 1.046976939437133398e+13 0.000000000000000000e+00 1.228131766641711171e+24
2.066798610347867245e+06 3.765981622560354299e+04 2.202762264200115538e+01 1.039343639221753125e+13 0.000000000000000000e+00 1.409777893931801920e+24
2.160744001727315597e+06 3.755323718223752803e+04 2.299016962672935449e+01 1.031390356165961523e+13 0.000000000000000000e+00 1.608148874982471881e+24
2.254689393106764182e+06 3.744240748942416394e+04 2.394757568995146713e+01 1.023121874501945898e+13 0.000000000000000000e+00 1.823917399550917066e+24
2.348634784486212768e+06 3.732610406364612572e+04 2.489962174390916161e+01 1.014543138310076172e+13 0.000000000000000000e+00 2.057738377282788797e+24
2.442580175865661353e+06 3.720566365786505048e+04 2.584608914929967938e+01 1.005659251518904883e+13 0.000000000000000000e+00 2.310248937712195853e+24
2.536525567245109938e+06 3.708059926639363403e+04 2.678675971527584210e+01 9.964754779051667969e+12 0.000000000000000000e+00 2.582068430261703133e+24
2.630470958624558523e+06 3.695059957671916345e+04 2.772141569944604811e+01 9.869972410937792969e+12 0.000000000000000000e+00 2.873798424242332723e+24
2.724416350004006643e+06 3.681663659228918550e+04 2.864983980787427598e+01 9.772301245578427734e+12 0.000000000000000000e+00 3.186022708853562560e+24
2.818361741383455228e+06 3.667717707431453164e+04 2.957181519508007739e+01 9.671798716186394531e+12 0.000000000000000000e+00 3.519307293183331527e+24
2.912307132762903813e+06 3.653387060707537603e+04 3.048712546403859136e+01 9.568523854456345703e+12 0.000000000000000000e+00 3.874200406208030328e+24
3.006252524142352398e+06 3.638537922802436515e+04 3.139555466618051227e+01 9.462537290564755859e+12 0.000000000000000000e+00 4.251232496792507934e+24
3.100197915521800984e+06 3.623286561922104738e+04 3.229688730139213249e+01 9.353901253169927734e+12 0.000000000000000000e+00 4.650916233690069967e+24
3.194143306901249569e+06 3.607523943080142635e+04 3.319090831801530328e+01 9.242679569411986328e+12 0.000000000000000000e+00 5.073746505542480314e+24
3.288088698280698154e+06 3.591368115993788524e+04 3.407740311284747037e+01 9.128937664912886719e+12 0.000000000000000000e+00 5.520200420879958440e+24
3.382034089660146274e+06 3.574684233311306889e+04 3.495615753114164193e+01 9.012742563776402344e+12 0.000000000000000000e+00 5.990737308121178317e+24
3.475979481039594859e+06 3.557611779618663422e+04 3.582695786660642057e+01 8.894162888588136719e+12 0.000000000000000000e+00 6.485798715573278087e+24
3.569924872419043444e+06 3.540032842931734194e+04 3.668959086140596781e+01 8.773268860415519531e+12 0.000000000000000000e+00 7.005808411431843419e+24
3.663870263798492029e+06 3.522025611050044245e+04 3.754384370616002542e+01 8.650132298807802734e+12 0.000000000000000000e+00 7.551172383780923612e+24
3.757815655177940615e+06 3.503589940581013798e+04 3.838950403994392246e+01 8.524826621796064453e+12 0.000000000000000000e+00 8.122278840593020862e+24
3.851761046557389200e+06 3.484647471295807918e+04 3.922635365686559084e+01 8.397426243981213867e+12 0.000000000000000000e+00 8.719481289719802925e+24
3.945706437936837319e+06 3.465293242659847601e+04 4.005416872104436266e+01 8.268005772647879883e+12 0.000000000000000000e+00 9.343082162061566930e+24
4.039651829316285904e+06 3.445505524523848726e+04 4.087274733700230200e+01 8.136642347173163086e+12 0.000000000000000000e+00 9.993403076881520009e+24
4.133597220695734490e+06 3.425213321493989497e+04 4.168188730518168228e+01 8.003414173408131836e+12 0.000000000000000000e+00 1.067074007088277959e+25
4.227542612075182609e+06 3.404498113461733737e+04 4.248138482003155048e+01 7.868400420898757812e+12 0.000000000000000000e+00 1.137536057216424130e+25
4.321488003454631194e+06 3.383354079546306457e+04 4.327103447000775560e+01 7.731681222885902344e+12 0.000000000000000000e+00 1.210750340022059401e+25
4.415433394834079780e+06 3.361761666087138292e+04 4.405062923757290605e+01 7.593337676305330078e+12 0.000000000000000000e+00 1.286737876594229833e+25
4.509378786213528365e+06 3.339681884601670026e+04 4.481996049919641933e+01 7.453451841787701172e+12 0.000000000000000000e+00 1.365516827161559310e+25
4.603324177592976950e+06 3.317166508952665026e+04 4.557881802535449367e+01 7.312106743658573242e+12 0.000000000000000000e+00 1.447102491092249963e+25
4.697269568972425535e+06 3.294211400870195939e+04 4.632698998053010087e+01 7.169386369938401367e+12 0.000000000000000000e+00 1.531507306894082389e+25
4.791214960351874121e+06 3.270812743909729033e+04 4.706426292321302185e+01 7.025375672342538086e+12 0.000000000000000000e+00 1.618740852214414576e+25
4.885160351731322706e+06 3.246967083774091589e+04 4.779042180589979694e+01 6.880160566281232422e+12 0.000000000000000000e+00 1.708809843840182761e+25
4.979105743110771291e+06 3.222671581192095618e+04 4.850524997509376135e+01 6.733827930859632812e+12 0.000000000000000000e+00 1.801718137697901431e+25
5.073051134490219876e+06 3.197923854159143593e+04 4.920852917130503812e+01 6.586465608877785156e+12 0.000000000000000000e+00 1.897466728853662678e+25
5.166996525869668461e+06 3.172721823543979554e+04 4.990003952905054518e+01 6.438162406830628906e+12 0.000000000000000000e+00 1.996053751513136844e+25
5.260941917249117047e+06 3.147064344891846122e+04 5.057955957685396697e+01 6.289008094908006836e+12 0.000000000000000000e+00 2.097474479021572520e+25
5.354887308628565632e+06 3.120950517530026264e+04 5.124686623724578283e+01 6.139093406994654297e+12 0.000000000000000000e+00 2.201721323863796120e+25
5.448832700008013286e+06 3.094380097703130377e+04 5.190175388505178233e+01 5.988508845763052734e+12 0.000000000000000000e+00 2.308784100125979969e+25
5.542778091387461871e+06 3.067353074404080689e+04 5.254403632425158577e+01 5.837344133552571289e+12 0.000000000000000000e+00 2.418648485530830288e+25
5.636723482766910456e+06 3.039870651510443713e+04 5.317346409962537024e+01 5.685693139559212891e+12 0.000000000000000000e+00 2.531294914655727397e+25
5.730668874146359041e+06 3.011934106541582150e+04 5.378981128194260464e+01 5.533648754698710938e+12 0.000000000000000000e+00 2.646701591078642569e+25
5.824614265525807627e+06 2.983545507139035180e+04 5.439288081975709588e+01 5.381302566276639648e+12 0.000000000000000000e+00 2.764844614113237999e+25
5.918559656905256212e+06 2.954662446694685786e+04 5.498245946377784321e+01 5.228747474744588867e+12 0.000000000000000000e+00 2.885695822492091144e+25
6.012505048284704797e+06 2.925299844683893753e+04 5.555829514781353140e+01 5.076079216922904297e+12 0.000000000000000000e+00 3.009221423292656992e+25
6.106450439664153382e+06 2.895486937646785373e+04 5.612015267359026893e+01 4.923392794831911133e+12 0.000000000000000000e+00 3.135384732435311569e+25
6.200395831043601967e+06 2.865190439735475593e+04 5.666781334473814979e+01 4.770782378641541016e+12 0.000000000000000000e+00 3.264146228119352903e+25
6.294341222423050553e+06 2.834383309099063626e+04 5.720106615081667201e+01 4.618341845694743164e+12 0.000000000000000000e+00 3.395463045490289861e+25
6.388286613802499138e+06 2.803132511861372768e+04 5.771965403116453786e+01 4.466168224919103516e+12 0.000000000000000000e+00 3.529285751625398532e+25
6.482232005181947723e+06 2.771319394192231266e+04 5.822331725587466167e+01 4.314358981989861328e+12 0.000000000000000000e+00 3.665560595169932395e+25
6.576177396561396308e+06 2.739056681169119838e+04 5.871180697625264600e+01 4.163010928106056641e+12 0.000000000000000000e+00 3.804230307085584267e+25
6.670122787940843962e+06 2.706232863562858256e+04 5.918488378677464112e+01 4.012220296692886230e+12 0.000000000000000000e+00 3.945234022081725274e+25
6.764068179320292547e+06 2.672907182605422713e+04 5.964230140177637196e+01 3.862083790622372559e+12 0.000000000000000000e+00 4.088506172198655082e+25
6.858013570699741133e+06 2.639068962828157237e+04 6.008376432988829663e+01 3.712701475370232422e+12 0.000000000000000000e+00 4.233973395461863614e+25
6.951958962079189718e+06 1.443926946573597888e+04 5.978964984452573361e+01 3.616870429465996582e+12 0.000000000000000000e+00 4.329469844867876602e+25
7.045904353458638303e+06 1.431733021433794784e+04 5.932381722723886242e+01 3.536419940446263672e+12 0.000000000000000000e+00 4.412623607973909340e+25
7.139849744838086888e+06 1.419600830704045438e+04 5.888158935982011144e+01 3.457258570664593750e+12 0.000000000000000000e+00 4.497301505995813159e+25
7.233795136217535473e+06 1.407525124299418530e+04 5.846155704935065245e+01 3.379341659531461426e+12 0.000000000000000000e+00 4.583499287961277595e+25
7.327740527596984059e+06 1.395500933417654232e+04 5.806239579689619035e+01 3.302628490664689453e+12 0.000000000000000000e+00 4.671211032564258200e+25
7.421685918976432644e+06 1.383523246383270089e+04 5.768285239380816165e+01 3.227080775722107422e+12 0.000000000000000000e+00 4.760430028084293802e+25
7.515631310355881229e+06 1.371587780293736250e+04 5.732174605891833608e+01 3.152662503495310059e+12 0.000000000000000000e+00 4.851148911307998499e+25
7.609576701735329814e+06 1.359690111046373386e+04 5.697796843853882365e+01 3.079339939909657715e+12 0.000000000000000000e+00 4.943359667529066819e+25
7.703522093114778399e+06 1.347825843544626878e+04 5.665048360646203918e+01 3.007081628024275391e+12 0.000000000000000000e+00 5.037053630548269421e+25
7.797467484494226985e+06 1.335991335189072925e+04 5.633832024257585402e+01 2.935858246774746582e+12 0.000000000000000000e+00 5.132221384293746541e+25
7.891412875873674639e+06 1.324182511972825523e+04 5.604051773873867148e+01 2.865641977916324707e+12 0.000000000000000000e+00 5.228851809249523946e+25
7.985358267253123224e+06 1.312396239018615233e+04 5.575622624066564725e+01 2.796408435230640137e+12 0.000000000000000000e+00 5.326933199755693521e+25
8.079303658632571809e+06 1.300629158759622260e+04 5.548464643866009283e+01 2.728134826837352051e+12 0.000000000000000000e+00 5.426453071888132627e+25
8.173249050012020394e+06 1.288878270117621287e+04 5.522501077580170659e+01 2.660799543349043457e+12 0.000000000000000000e+00 5.527397983197825605e+25
8.267194441391468979e+06 1.277140535361736875e+04 5.497658344794658802e+01 2.594382157871223633e+12 0.000000000000000000e+00 5.629753532710862920e+25
8.361139832770917565e+06 1.265413203301759495e+04 5.473866040372725905e+01 2.528863426002326660e+12 0.000000000000000000e+00 5.733504360928438578e+25
8.455085224150365219e+06 1.253693370663601854e+04 5.451056934455262848e+01 2.464225285833712891e+12 0.000000000000000000e+00 5.838634149826852710e+25
8.549030615529814735e+06 1.241978600117766473e+04 5.429166972460802043e+01 2.400450857949665039e+12 0.000000000000000000e+00 5.945125622857514143e+25
8.642976006909262389e+06 1.230251703245998215e+04 5.408135275085516724e+01 2.337524445427394531e+12 0.000000000000000000e+00 6.052960544946930953e+25
8.736921398288711905e+06 1.218520263824625363e+04 5.387904138303218815e+01 2.275431533837035156e+12 0.000000000000000000e+00 6.162119722496723353e+25
8.830866789668159559e+06 1.206785690889254511e+04 5.368419033365363902e+01 2.214158791241649414e+12 0.000000000000000000e+00 6.272583003383609946e+25
8.924812181047609076e+06 1.195046053180597301e+04 5.349628606801045549e+01 2.153694068197219482e+12 0.000000000000000000e+00 6.384329276959422325e+25
9.018757572427056730e+06 1.183299659876504666e+04 5.331484680416999566e+01 2.094026397752659424e+12 0.000000000000000000e+00 6.497336474051089619e+25
9.112702963806506246e+06 1.171529219370208739e+04 5.313942251297599739e+01 2.035145995449802246e+12 0.000000000000000000e+00 6.611581566960654807e+25
9.206648355185953900e+06 1.159736679792931682e+04 5.296959491804863518e+01 1.977044259323412354e+12 0.000000000000000000e+00 6.727040569465258399e+25
9.300593746565403417e+06 1.147931685957369882e+04 5.280493229875285266e+01 1.919712280882411865e+12 0.000000000000000000e+00 6.843687742642169465e+25
9.394539137944851071e+06 1.136113139128994953e+04 5.264500250787637725e+01 1.863141247347301025e+12 0.000000000000000000e+00 6.961496188156562669e+25
9.488484529324300587e+06 1.124248365969332372e+04 5.248942931582013927e+01 1.807324320522896729e+12 0.000000000000000000e+00 7.080438629955636125e+25
9.582429920703748241e+06 1.112364039305379811e+04 5.233784731945817725e+01 1.752255170380904053e+12 0.000000000000000000e+00 7.200486397877339672e+25
9.676375312083195895e+06 1.100461175207955966e+04 5.218990186327494030e+01 1.697927972476249268e+12 0.000000000000000000e+00 7.321609426086873632e+25
9.770320703462645411e+06 1.088501159146028294e+04 5.204524903936523827e+01 1.644337407947082520e+12 0.000000000000000000e+00 7.443776253076677642e+25
9.864266094842093065e+06 1.076521076188492952e+04 5.190355568743432713e+01 1.591478663514780518e+12 0.000000000000000000e+00 7.566954021666428941e+25
9.958211486221542582e+06 1.064494257483278125e+04 5.176449939479780937e+01 1.539347431483940674e+12 0.000000000000000000e+00 7.691108479003054392e+25
1.005215687760099024e+07 1.052427764517597097e+04 5.162776849638171939e+01 1.487939909742388184e+12 0.000000000000000000e+00 7.816203976560712442e+25
1.014610226898043975e+07 1.040315614074477708e+04 5.149306207472247365e+01 1.437252801761168213e+12 0.000000000000000000e+00 7.942203470140816320e+25
1.024004766035988741e+07 1.028155655379685413e+04 5.136008995996689208e+01 1.387283316594554199e+12 0.000000000000000000e+00 8.069068519872009980e+25
1.033399305173933692e+07 1.015940328521606352e+04 5.122857272987218380e+01 1.338029168880039062e+12 0.000000000000000000e+00 8.196759290210184424e+25
1.042793844311878458e+07 1.003681445033006821e+04 5.109824170980595426e+01 1.289488578838344238e+12 0.000000000000000000e+00 8.325234549938469973e+25
1.052188383449823409e+07 9.913467807744971651e+03 5.096883897274621233e+01 1.241660272273411133e+12 0.000000000000000000e+00 8.454451672167246570e+25
1.061582922587768175e+07 9.789611508121379302e+03 5.084011733928135612e+01 1.194543480572409180e+12 0.000000000000000000e+00 8.584366634334121452e+25
1.070977461725713126e+07 9.665169956235886275e+03 5.071184037761018715e+01 1.148137940705727295e+12 0.000000000000000000e+00 8.714934018203960067e+25
1.080372000863657892e+07 9.539877890372934417e+03 5.058378240354191036e+01 1.102443895226982910e+12 0.000000000000000000e+00 8.846107009868856876e+25
1.089766540001602657e+07 9.413905720310882316e+03 5.045572822521173606e+01 1.057462088098934204e+12 0.000000000000000000e+00 8.977837365261491004e+25
1.099161079139547609e+07 9.287192261016716657e+03 5.032743939183500004e+01 1.013193076343731567e+12 0.000000000000000000e+00 9.110071484251602309e+25
1.108555618277492374e+07 9.159671803108416498e+03 5.019868332238647213e+01 9.696374170958623047e+11 0.000000000000000000e+00 9.242755737759787640e+25
1.117950157415437326e+07 9.031285380239429287e+03 5.006924791290693122e+01 9.267963026259995117e+11 0.000000000000000000e+00 9.375836678315013503e+25
1.127344696553382091e+07 8.901977802167046320e+03 4.993892164580417159e+01 8.846713315852666016e+11 0.000000000000000000e+00 9.509257914323216710e+25
1.136739235691327043e+07 8.771698348931848159e+03 4.980749358985297448e+01 8.432645090052302246e+11 0.000000000000000000e+00 9.642960110067318120e+25
1.146133774829271808e+07 8.640401503068296734e+03 4.967475340019517205e+01 8.025782462979069824e+11 0.000000000000000000e+00 9.776880985707208900e+25
1.155528313967216760e+07 8.508046697351484909e+03 4.954049131833956210e+01 7.626153612557573242e+11 0.000000000000000000e+00 9.910955317279767700e+25
1.164922853105161525e+07 8.374556075421009155e+03 4.940449817216200046e+01 7.233790780516912842e+11 0.000000000000000000e+00 1.004511493669883489e+26
1.174317392243106477e+07 8.239738885045017014e+03 4.926656537590530860e+01 6.848730272390629883e+11 0.000000000000000000e+00 1.017928873175524175e+26
1.183711931381051242e+07 8.103737250949374356e+03 4.912648493017935891e+01 6.471012457516759033e+11 0.000000000000000000e+00 1.031340264611678815e+26
1.193106470518996194e+07 7.966246800487515429e+03 4.898404942196099654e+01 6.100681769037773438e+11 0.000000000000000000e+00 1.044737967932825975e+26
1.202501009656940959e+07 7.827372860599100022e+03 4.883905202459411754e+01 5.737786703900649414e+11 0.000000000000000000e+00 1.058113988681140561e+26
1.211895548794885725e+07 7.686880533280231248e+03 4.869128649778960494e+01 5.382379822856798096e+11 0.000000000000000000e+00 1.071460037986496574e+26
1.221290087932830676e+07 7.544667370313303763e+03 4.854054718762534293e+01 5.034517750462109375e+11 0.000000000000000000e+00 1.084767532566465214e+26
1.230684627070775442e+07 7.400659416665264871e+03 4.838662902654625242e+01 4.694261175076955566e+11 0.000000000000000000e+00 1.098027594726314887e+26
1.240079166208720393e+07 7.254705467438960113e+03 4.822931910019353552e+01 4.361676281607597656e+11 0.000000000000000000e+00 1.111230819767478614e+26
1.249473705346665159e+07 7.106549807784798759e+03 4.806837240118171906e+01 4.036838160383236694e+11 0.000000000000000000e+00 1.124366655588895969e+26
1.258868244484610111e+07 6.956188407359203666e+03 4.790355282913240131e+01 3.719825649453662109e+11 0.000000000000000000e+00 1.137424480587181460e+26
1.268262783622554876e+07 6.803233671634387065e+03 4.773461191906646661e+01 3.410727195345384521e+11 0.000000000000000000e+00 1.150392914714285833e+26
1.277657322760499828e+07 6.647571113115309345e+03 4.756128610552656966e+01 3.109641396073699951e+11 0.000000000000000000e+00 1.163259740135811184e+26
1.287051861898444593e+07 6.488921681997593623e+03 4.738329672257718528e+01 2.816677001142741699e+11 0.000000000000000000e+00 1.176011901231009934e+26
1.296446401036389545e+07 6.326859643423224043e+03 4.720035000380455159e+01 2.531952911545432129e+11 0.000000000000000000e+00 1.188635504592785855e+26
1.305840940174334310e+07 6.161119488091942912e+03 4.701213708231674104e+01 2.255598179763529358e+11 0.000000000000000000e+00 1.201115819027692524e+26
1.315235479312279262e+07 5.991218166200456835e+03 4.681832264993246895e+01 1.987757668283629150e+11 0.000000000000000000e+00 1.213436890430635072e+26
1.324630018450224027e+07 5.816574471630847256e+03 4.661852783788824439e+01 1.728599204018236694e+11 0.000000000000000000e+00 1.225581020098367349e+26
1.334024557588168792e+07 5.636553464353539312e+03 4.641234569045353453e+01 1.478306545661596985e+11 0.000000000000000000e+00 1.237529246551662922e+26
1.343419096726113744e+07 5.450241541142671849e+03 4.619929538233024857e+01 1.237104124671287079e+11 0.000000000000000000e+00 1.249259700212172602e+26
1.352813635864058509e+07 5.256614414480220148e+03 4.597881982169834458e+01 1.005258294975771942e+11 0.000000000000000000e+00 1.260747519514741396e+26
1.362208175002003461e+07 5.054205765457963935e+03 4.575028565021578686e+01 7.830773329743719482e+10 0.000000000000000000e+00 1.271964850907410563e+26
1.371602714139948227e+07 4.841036107382080445e+03 4.551296929791981682e+01 5.709184480214752960e+10 0.000000000000000000e+00 1.282880393942017816e+26
1.380997253277893178e+07 4.614267348548602968e+03 4.526593634040963110e+01 3.692491874730806732e+10 0.000000000000000000e+00 1.293455423121515077e+26
1.390391792415837944e+07 4.369587158540514793e+03 4.500798408596756417e+01 1.786797584458265686e+10 0.000000000000000000e+00 1.303641805030608006e+26
1.399786331553782895e+07 4.099804809047838717e+03 4.473750746958235425e+01 3.316862846160888672e+06 0.000000000000000000e+00 1.313377606937806170e+26
