# Radius (m)	Density (kg/m^3)	Gravity (m/s^2)	Pressure (Pa)	Temperature (K)	Mass Enclosed (kg)
0.000000000000000000e+00 1.457566677101100140e+04 0.000000000000000000e+00 4.301835755997229614e+11 0.000000000000000000e+00 0.000000000000000000e+00
4.153517725828097173e+04 1.457527166504659363e+04 1.692615255042506373e-01 4.301323370291914062e+11 0.000000000000000000e+00 4.375051987382855680e+18
8.307035451656194346e+04 1.457408645001750847e+04 3.385065098271953232e-01 4.299786346573391113e+11 0.000000000000000000e+00 3.499883757418736845e+19
1.246055317748429079e+05 1.457211143497526791e+04 5.077185627541738189e-01 4.297225085629277344e+11 0.000000000000000000e+00 1.181113256678088868e+20
1.661407090331238869e+05 1.456934713091822414e+04 6.768809400597741721e-01 4.293640250138140869e+11 0.000000000000000000e+00 2.799328090285505249e+20
2.076758862914048659e+05 1.456579425922120936e+04 8.459773030713044761e-01 4.289032775601298218e+11 0.000000000000000000e+00 5.466669783821191741e+20
2.492110635496858158e+05 1.456145374507692395e+04 1.014991267876585557e+00 4.283403861837426758e+11 0.000000000000000000e+00 9.444775180413071524e+20
2.907462408079667948e+05 1.455632671564073462e+04 1.183906398310149433e+00 4.276754970576669922e+11 0.000000000000000000e+00 1.499479974653067002e+21
3.322814180662477738e+05 1.455041450003067439e+04 1.352706205953239760e+00 4.269087825460635376e+11 0.000000000000000000e+00 2.237741757198512947e+21
3.738165953245287528e+05 1.454366351989317627e+04 1.521373637857392991e+00 4.260404432288999634e+11 0.000000000000000000e+00 3.185255360013732938e+21
4.153517725828097318e+05 1.453608665532888699e+04 1.689890366727625715e+00 4.250707121069072266e+11 0.000000000000000000e+00 4.367917143117947470e+21
4.568869498410907108e+05 1.452771955791696018e+04 1.858240037761285102e+00 4.239998423965875854e+11 0.000000000000000000e+00 5.811658145304017895e+21
4.984221270993716316e+05 1.451856441097312563e+04 2.026406388377516965e+00 4.228281135313657837e+11 0.000000000000000000e+00 7.542296053672369455e+21
5.399573043576526688e+05 1.450862360851377889e+04 2.194373040511763406e+00 4.215558319113610840e+11 0.000000000000000000e+00 9.585522565627756151e+21
5.814924816159335896e+05 1.449789975525598857e+04 2.362123500615762151e+00 4.201833309033874512e+11 0.000000000000000000e+00 1.196690338887923401e+22
6.230276588742146268e+05 1.448639566661747449e+04 2.529641159657546989e+00 4.187109708409535522e+11 0.000000000000000000e+00 1.471187824144020197e+22
6.645628361324955476e+05 1.447411436871663682e+04 2.696909293121447782e+00 4.171391390242626953e+11 0.000000000000000000e+00 1.784576085162836623e+22
7.060980133907764684e+05 1.446091401530117946e+04 2.863911061008089121e+00 4.154682497202128906e+11 0.000000000000000000e+00 2.139373895806575287e+22
7.476331906490575057e+05 1.444690499536105744e+04 3.030629507834394332e+00 4.136987441623967896e+11 0.000000000000000000e+00 2.538087430967872664e+22
7.891683679073384264e+05 1.443211894590995507e+04 3.197047562633580142e+00 4.118310905511017456e+11 0.000000000000000000e+00 2.983210266569794912e+22
8.307035451656194637e+05 1.441655978714133744e+04 3.363148038955159791e+00 4.098657840533098755e+11 0.000000000000000000e+00 3.477223379565842478e+22
8.722387224239003845e+05 1.440023166417699758e+04 3.528913523117435780e+00 4.078033482471223145e+11 0.000000000000000000e+00 4.022578269401632054e+22
9.137738996821814217e+05 1.438295696085036616e+04 3.694326244379500856e+00 4.056443379727340698e+11 0.000000000000000000e+00 4.621658571656554506e+22
9.553090769404623425e+05 1.436486780605822423e+04 3.859369100674316044e+00 4.033893267336198120e+11 0.000000000000000000e+00 5.276918631987756925e+22
9.968442541987432633e+05 1.434601336561735661e+04 4.024024961689838698e+00 4.010389142577510376e+11 0.000000000000000000e+00 5.990796644181106858e+22
1.038379431457024300e+06 1.432639867007014982e+04 4.188276571613693378e+00 3.985937276573259277e+11 0.000000000000000000e+00 6.765701333146928362e+22
1.079914608715305338e+06 1.430581102875519719e+04 4.352106549133171853e+00 3.960544214287692871e+11 0.000000000000000000e+00 7.604011954920004518e+22
1.121449785973586142e+06 1.428441227824291491e+04 4.515497387435232213e+00 3.934216774527328491e+11 0.000000000000000000e+00 8.508078296659573237e+22
1.162984963231867179e+06 1.426225983740501761e+04 4.678431454206503304e+00 3.906962049940947876e+11 0.000000000000000000e+00 9.480220676649342363e+22
1.204520140490148216e+06 1.423923413954305943e+04 4.840890991633280294e+00 3.878787407019600220e+11 0.000000000000000000e+00 1.052272994429747037e+23
1.246055317748429254e+06 1.421527939331470589e+04 5.002858116401522892e+00 3.849700486096601562e+11 0.000000000000000000e+00 1.163786748013657897e+23
1.287590495006710058e+06 1.419057985165032369e+04 5.164314819696860681e+00 3.819709201347536621e+11 0.000000000000000000e+00 1.282786519582374132e+23
1.329125672264991095e+06 1.416499996342634768e+04 5.325242967204592226e+00 3.788821740790253296e+11 0.000000000000000000e+00 1.409492553414050222e+23
1.370660849523272133e+06 1.413848540653577584e+04 5.485624299109680635e+00 3.757046566284869385e+11 0.000000000000000000e+00 1.544122146899286630e+23
1.412196026781552937e+06 1.411123739281720918e+04 5.645440430096758888e+00 3.724392413533768311e+11 0.000000000000000000e+00 1.686889650541127627e+23
1.453731204039833974e+06 1.408299311582934388e+04 5.804672849350125396e+00 3.690868292081600952e+11 0.000000000000000000e+00 1.838006467955066657e+23
1.495266381298115011e+06 1.405392132847439643e+04 5.963302920553747555e+00 3.656483485315284424e+11 0.000000000000000000e+00 1.997681055869040297e+23
1.536801558556396049e+06 1.402402355361487935e+04 6.121311881891259965e+00 3.621247550464002686e+11 0.000000000000000000e+00 2.166118924123432288e+23
1.578336735814676853e+06 1.399311830462853322e+04 6.278680846045963548e+00 3.585170318599207153e+11 0.000000000000000000e+00 2.343522635671071852e+23
1.619871913072957890e+06 1.396150102211101694e+04 6.435390800200828210e+00 3.548261894634615479e+11 0.000000000000000000e+00 2.530091806577234700e+23
1.661407090331238927e+06 1.392875506665817375e+04 6.591422606038490173e+00 3.510532657326211548e+11 0.000000000000000000e+00 2.726023106019643370e+23
1.702942267589519732e+06 1.389530447813209685e+04 6.746756999741254646e+00 3.471993259272249146e+11 0.000000000000000000e+00 2.931510256288461855e+23
1.744477444847800769e+06 1.386076282618664118e+04 6.901374591991094931e+00 3.432654626913244629e+11 0.000000000000000000e+00 3.146744032786307351e+23
1.786012622106081806e+06 1.382547524127389261e+04 7.055255867969647987e+00 3.392527960531983643e+11 0.000000000000000000e+00 3.371912264028237165e+23
1.827547799364362843e+06 1.378907850246157250e+04 7.208378837147151330e+00 3.351624986423655396e+11 0.000000000000000000e+00 3.607184956047603312e+23
1.869082976622643648e+06 1.375193755962583964e+04 7.360720939511109506e+00 3.309957727095695801e+11 0.000000000000000000e+00 3.852724586838212718e+23
1.910618153880924685e+06 1.371364356802927796e+04 7.512263179660242152e+00 3.267538073088052979e+11 0.000000000000000000e+00 4.108711939316179481e+23
1.952153331139205722e+06 1.367454414277506294e+04 7.662986129329778962e+00 3.224378231744406128e+11 0.000000000000000000e+00 4.375321581921833205e+23
1.993688508397486527e+06 1.363440399450668338e+04 7.812869892070158251e+00 3.180490731090056763e+11 0.000000000000000000e+00 4.652721649340595212e+23
2.035223685655767564e+06 1.359329281957217245e+04 7.961894103247027843e+00 3.135888419831928101e+11 0.000000000000000000e+00 4.941073842502981900e+23
2.076758862914048601e+06 1.355131252839874651e+04 8.110037930041244181e+00 3.090584467358565063e+11 0.000000000000000000e+00 5.240533428584598030e+23
2.118294040172329638e+06 1.350813737307641350e+04 8.257280071448866110e+00 3.044592363740136108e+11 0.000000000000000000e+00 5.551249241006140754e+23
2.159829217430610675e+06 1.346405446712661069e+04 8.403598758281166425e+00 2.997925919728431396e+11 0.000000000000000000e+00 5.873363679433398273e+23
2.201364394688891713e+06 1.341903268178586040e+04 8.548971753164623877e+00 2.950599266756861572e+11 0.000000000000000000e+00 6.207012709777251175e+23
2.242899571947172284e+06 1.337280500051348281e+04 8.693376350540921393e+00 2.902626856940463257e+11 0.000000000000000000e+00 6.552325864193665731e+23
2.284434749205453321e+06 1.332559087789803743e+04 8.836789376666958518e+00 2.854023463075891113e+11 0.000000000000000000e+00 6.909426241083715365e+23
2.325969926463734359e+06 1.327736734716077626e+04 8.979187189614833642e+00 2.804804178641424561e+11 0.000000000000000000e+00 7.278430505093549785e+23
2.367505103722015396e+06 1.322809409166082696e+04 9.120545679271858219e+00 2.754984417796963501e+11 0.000000000000000000e+00 7.659448887114413774e+23
2.409040280980296433e+06 1.317760090145690447e+04 9.260840267340547882e+00 2.704579915384032593e+11 0.000000000000000000e+00 8.052585184282643163e+23
2.450575458238577470e+06 1.312603174951325855e+04 9.400045907338633100e+00 2.653606726925776367e+11 0.000000000000000000e+00 8.457936759979672884e+23
2.492110635496858507e+06 1.307335780410734151e+04 9.538137084599043192e+00 2.602081228626961670e+11 0.000000000000000000e+00 8.875594543832019522e+23
2.533645812755139079e+06 1.301955111471463169e+04 9.675087816269918761e+00 2.550020117373979797e+11 0.000000000000000000e+00 9.305643031711288027e+23
2.575180990013420116e+06 1.296458396129958055e+04 9.810871651314613473e+00 2.497440410734840698e+11 0.000000000000000000e+00 9.748160285734198554e+23
2.616716167271701153e+06 1.290842831282615953e+04 9.945461670511683394e+00 2.444359446959179382e+11 0.000000000000000000e+00 1.020321793426253412e+24
2.658251344529982191e+06 1.285105835969867258e+04 1.007883048645489410e+01 2.390794884978251953e+11 0.000000000000000000e+00 1.067088117190318356e+24
2.699786521788263228e+06 1.279244753368535385e+04 1.021095024355321712e+01 2.336764704404936523e+11 0.000000000000000000e+00 1.115120875950812676e+24
2.741321699046544265e+06 1.273257053807294687e+04 1.034179261803083527e+01 2.282287205533734131e+11 0.000000000000000000e+00 1.164425302417443329e+24
2.782856876304825302e+06 1.267140295183717535e+04 1.047132881792713555e+01 2.227381009340767517e+11 0.000000000000000000e+00 1.215005985924426244e+24
2.824392053563105874e+06 1.260891991914857863e+04 1.059952958309671445e+01 2.172065057483782349e+11 0.000000000000000000e+00 1.266866872430485786e+24
2.865927230821386911e+06 1.254509973440738031e+04 1.072636475758612740e+01 2.116358905247765503e+11 0.000000000000000000e+00 1.320010139337708804e+24
2.907462408079667948e+06 1.247991969272552888e+04 1.085180288580573382e+01 2.060282795256564941e+11 0.000000000000000000e+00 1.374435785104388335e+24
2.948997585337948985e+06 1.241335992296537006e+04 1.097581184941999055e+01 2.003857026850977478e+11 0.000000000000000000e+00 1.430144143933414423e+24
2.990532762596230023e+06 1.234535705949247495e+04 1.109835829885670577e+01 1.947102377958251953e+11 0.000000000000000000e+00 1.487134386619448017e+24
3.032067939854511060e+06 1.227578173789674838e+04 1.121940764270937052e+01 1.890040112963073120e+11 0.000000000000000000e+00 1.545404491260861178e+24
3.073603117112792097e+06 1.220474617021826998e+04 1.133892404773714624e+01 1.832691982707565918e+11 0.000000000000000000e+00 1.604951243259737083e+24
3.115138294371072669e+06 1.213218413314219288e+04 1.145687043886486833e+01 1.775080224491291504e+11 0.000000000000000000e+00 1.665770235321869486e+24
3.156673471629353706e+06 1.205790035844041995e+04 1.157320849918304972e+01 1.717227562071248474e+11 0.000000000000000000e+00 1.727855867456765668e+24
3.198208648887634743e+06 1.198208379723564940e+04 1.168789866994787552e+01 1.659157205661874695e+11 0.000000000000000000e+00 1.791201346977641341e+24
3.239743826145915780e+06 1.190439436087838476e+04 1.180090065782819231e+01 1.600892787230778198e+11 0.000000000000000000e+00 1.855798716795436562e+24
3.281279003404196817e+06 1.182502501096414926e+04 1.191217191330215286e+01 1.542458622295697937e+11 0.000000000000000000e+00 1.921638282207706288e+24
3.322814180662477855e+06 5.656583236417787703e+03 1.187363946647840507e+01 1.505338816516559753e+11 0.000000000000000000e+00 1.964220940602310539e+24
3.364349357920758892e+06 5.636029325175464692e+03 1.177656051708280494e+01 1.477605904524896240e+11 0.000000000000000000e+00 1.997169913745360720e+24
3.405884535179039463e+06 5.615523180667694760e+03 1.168468600007842362e+01 1.450194390563945312e+11 0.000000000000000000e+00 2.030819783694029792e+24
3.447419712437320501e+06 5.595083271570938450e+03 1.159775454693492058e+01 1.423090689540652161e+11 0.000000000000000000e+00 2.065175041147206350e+24
3.488954889695601538e+06 5.574711557973054369e+03 1.151552052468489151e+01 1.396281927148481445e+11 0.000000000000000000e+00 2.100240114606233985e+24
3.530490066953882575e+06 5.554398671686709349e+03 1.143775001815113868e+01 1.369755839452355804e+11 0.000000000000000000e+00 2.136019292610225097e+24
3.572025244212163612e+06 5.534135614271173836e+03 1.136422082994667626e+01 1.343500772888656006e+11 0.000000000000000000e+00 2.172516723736060629e+24
3.613560421470444649e+06 5.513914470897972933e+03 1.129472248047472149e+01 1.317505684265221100e+11 0.000000000000000000e+00 2.209736416598388992e+24
3.655095598728725687e+06 5.493700786661542224e+03 1.122905620792870529e+01 1.291760140761347504e+11 0.000000000000000000e+00 2.247682239849627409e+24
3.696630775987006258e+06 5.473510993658230291e+03 1.116703496829226161e+01 1.266254319927790527e+11 0.000000000000000000e+00 2.286357922179961376e+24
3.738165953245287295e+06 5.453342071348186437e+03 1.110848343533923632e+01 1.240979009686762238e+11 0.000000000000000000e+00 2.325767052317344395e+24
3.779701130503568333e+06 5.433187629171748995e+03 1.105323784833440648e+01 1.215925600472613220e+11 0.000000000000000000e+00 2.365913079328576792e+24
3.821236307761849370e+06 5.413039932213723660e+03 1.100113351512362492e+01 1.191085453055087585e+11 0.000000000000000000e+00 2.406799337153552091e+24
3.862771485020130407e+06 5.392891886417888600e+03 1.095202088639487670e+01 1.166450768186847839e+11 0.000000000000000000e+00 2.448428996002167726e+24
3.904306662278411444e+06 5.372738204754692561e+03 1.090576441169105770e+01 1.142014513747245789e+11 0.000000000000000000e+00 2.490805040343708571e+24
3.945841839536692481e+06 5.352572499141264416e+03 1.086223332461693936e+01 1.117769943459394531e+11 0.000000000000000000e+00 2.533930284376202450e+24
3.987377016794973053e+06 5.332387604814741280e+03 1.082130164283917395e+01 1.093710596890168762e+11 0.000000000000000000e+00 2.577807372026420939e+24
4.028912194053254090e+06 5.312178815852001208e+03 1.078284816808628577e+01 1.069830299450203247e+11 0.000000000000000000e+00 2.622438776949879639e+24
4.070447371311535127e+06 5.291939422404654579e+03 1.074675648614868351e+01 1.046123162393894501e+11 0.000000000000000000e+00 2.667826802530837097e+24
4.111982548569816165e+06 5.271665547276705183e+03 1.071291496687864786e+01 1.022583582819400330e+11 0.000000000000000000e+00 2.713973581882294274e+24
4.153517725828097202e+06 5.251350659947416716e+03 1.068121676419034216e+01 9.992062436686393738e+10 0.000000000000000000e+00 2.760881077845996689e+24
4.195052903086378239e+06 5.230990100681403419e+03 1.065155981605980351e+01 9.759861137272915649e+10 0.000000000000000000e+00 2.808551082992432811e+24
4.236588080344659276e+06 5.210578800957608109e+03 1.062384684452495165e+01 9.529184476247975159e+10 0.000000000000000000e+00 2.856985219620834594e+24
4.278123257602940314e+06 5.190112291738216300e+03 1.059798535568557831e+01 9.299987858343595886e+10 0.000000000000000000e+00 2.906184939759175865e+24
4.319658434861221351e+06 5.169586263409377352e+03 1.057388763970335610e+01 9.072229546729406738e+10 0.000000000000000000e+00 2.956151525164177162e+24
4.361193612119502388e+06 5.148996519746729973e+03 1.055147077080183671e+01 8.845870663012652588e+10 0.000000000000000000e+00 3.006886087321299284e+24
4.402728789377783425e+06 5.128339117177210937e+03 1.053065660726644737e+01 8.620875187238186646e+10 0.000000000000000000e+00 3.058389567444747054e+24
4.444263966636063531e+06 5.107610564076128867e+03 1.051137179144449441e+01 8.397209957888479614e+10 0.000000000000000000e+00 3.110662736477468779e+24
4.485799143894344568e+06 5.086807651014849398e+03 1.049354774974516147e+01 8.174844671883596802e+10 0.000000000000000000e+00 3.163706195091158402e+24
4.527334321152625605e+06 5.065927247402292778e+03 1.047711987584785653e+01 7.953751540083424377e+10 0.000000000000000000e+00 3.217520345248458300e+24
4.568869498410906643e+06 5.044943908725756046e+03 1.046201435511470201e+01 7.733899803857315063e+10 0.000000000000000000e+00 3.272104969038960169e+24
4.610404675669187680e+06 5.023866821931309460e+03 1.044816645488478279e+01 7.515263462488061523e+10 0.000000000000000000e+00 3.327459920267880146e+24
4.651939852927468717e+06 5.002701738537014535e+03 1.043551755273927917e+01 7.297819775716213989e+10 0.000000000000000000e+00 3.383584953609389431e+24
4.693475030185749754e+06 4.981446418614592403e+03 1.042401062427488512e+01 7.081547330761343384e+10 0.000000000000000000e+00 3.440479556853157249e+24
4.735010207444030792e+06 4.960059080192462716e+03 1.041359024310380832e+01 6.866426042322039032e+10 0.000000000000000000e+00 3.498142950904351395e+24
4.776545384702311829e+06 4.938574461002750468e+03 1.040420258085376481e+01 6.652437152575913239e+10 0.000000000000000000e+00 3.556574089783639303e+24
4.818080561960592866e+06 4.916979693317845886e+03 1.039579540716798611e+01 6.439563231179596710e+10 0.000000000000000000e+00 3.615771660627183751e+24
4.859615739218873903e+06 4.895249912776827841e+03 1.038831808970521742e+01 6.227788175268740845e+10 0.000000000000000000e+00 3.675734083686648770e+24
4.901150916477154940e+06 4.873412812631942870e+03 1.038172159413971762e+01 6.017097209458016205e+10 0.000000000000000000e+00 3.736459512329195884e+24
4.942686093735435978e+06 4.851425847856228756e+03 1.037595848416125222e+01 5.807476885841114807e+10 0.000000000000000000e+00 3.797945833037483569e+24
4.984221270993717015e+06 4.829316857722210443e+03 1.037098292147510747e+01 5.598915083990748596e+10 0.000000000000000000e+00 3.860190665409670484e+24
5.025756448251997121e+06 4.807063350050826557e+03 1.036675066580207627e+01 5.391401010958651733e+10 0.000000000000000000e+00 3.923191362159412238e+24
5.067291625510278158e+06 4.784658257082590353e+03 1.036321907487846694e+01 5.184925201275569153e+10 0.000000000000000000e+00 3.986945009115864085e+24
5.108826802768559195e+06 4.762108699102293940e+03 1.036034710445610152e+01 4.979479516951277161e+10 0.000000000000000000e+00 4.051448425223679843e+24
5.150361980026840232e+06 4.739404401278239675e+03 1.035809530830231218e+01 4.775057147474565125e+10 0.000000000000000000e+00 4.116698162543009750e+24
5.191897157285121270e+06 4.716535808195713798e+03 1.035642583819994478e+01 4.571652609813248444e+10 0.000000000000000000e+00 4.182690506249503683e+24
5.233432334543402307e+06 4.693494596557036857e+03 1.035530244394736066e+01 4.369261748414157867e+10 0.000000000000000000e+00 4.249421474634309013e+24
5.274967511801683344e+06 4.670280978246255472e+03 1.035469047335843129e+01 4.167881735203145599e+10 0.000000000000000000e+00 4.316886819104072751e+24
5.316502689059964381e+06 4.646881905374806593e+03 1.035455687226253829e+01 3.967511069585084534e+10 0.000000000000000000e+00 4.385082024180939401e+24
5.358037866318245418e+06 4.623297104542676607e+03 1.035487018450458230e+01 3.768149578443868256e+10 0.000000000000000000e+00 4.454002307502552033e+24
5.399573043576526456e+06 4.599523608676579897e+03 1.035559782550332741e+01 3.569797587507507324e+10 0.000000000000000000e+00 4.523642162960012646e+24
5.441108220834807493e+06 4.575549410559160606e+03 1.035670462846357154e+01 3.372455111511457443e+10 0.000000000000000000e+00 4.593995315925424548e+24
5.482643398093088530e+06 4.551367425898004512e+03 1.035816007456636711e+01 3.176124127030852890e+10 0.000000000000000000e+00 4.665055872929546681e+24
5.524178575351369567e+06 4.526968520908216306e+03 1.035993423864671392e+01 2.980807632855865860e+10 0.000000000000000000e+00 4.736817473532172337e+24
5.565713752609650604e+06 4.502349203594612845e+03 1.036199767097021684e+01 2.786509617669955444e+10 0.000000000000000000e+00 4.809273268475507421e+24
5.607248929867931642e+06 4.477499940463116218e+03 1.036432139723309831e+01 2.593235060049865723e+10 0.000000000000000000e+00 4.882415919684173678e+24
5.648784107126211748e+06 4.452414850312950875e+03 1.036687691856219296e+01 2.400989928465631104e+10 0.000000000000000000e+00 4.956237600265205468e+24
5.690319284384492785e+06 4.427075384394929642e+03 1.036963621151494586e+01 2.209781181280557251e+10 0.000000000000000000e+00 5.030729994508055133e+24
5.731854461642773822e+06 4.401482613045032849e+03 1.037257172807941608e+01 2.019616766751250458e+10 0.000000000000000000e+00 5.105884297884585488e+24
5.773389638901054859e+06 4.375623667092793767e+03 1.037565639567427844e+01 1.830505623027597046e+10 0.000000000000000000e+00 5.181691217049074107e+24
5.814924816159335896e+06 4.349486688918497748e+03 1.037886361714881645e+01 1.642457678152768707e+10 0.000000000000000000e+00 5.258140969838213329e+24
5.856459993417616934e+06 4.323062588795264674e+03 1.038216727078292756e+01 1.455483850063222504e+10 0.000000000000000000e+00 5.335223285271111330e+24
5.897995170675897971e+06 4.296338842318259594e+03 1.038554171028712325e+01 1.269596046588703156e+10 0.000000000000000000e+00 5.412927403549286755e+24
5.939530347934179008e+06 4.269303480610626139e+03 1.038896176480252898e+01 1.084807165452238083e+10 0.000000000000000000e+00 5.491242076056676232e+24
5.981065525192460045e+06 4.241943234629097788e+03 1.039240273890087884e+01 9.011310942701412201e+09 0.000000000000000000e+00 5.570155565359627931e+24
6.022600702450741082e+06 4.214244921370149314e+03 1.039583979750080545e+01 7.185828506971744537e+09 0.000000000000000000e+00 5.649655345854790280e+24
6.064135879709022120e+06 4.186192915255694970e+03 1.039924747975971719e+01 5.371783289220889091e+09 0.000000000000000000e+00 5.729727890842669065e+24
6.105671056967303157e+06 4.157772166555339936e+03 1.040260119560386087e+01 3.569342771358209610e+09 0.000000000000000000e+00 5.810359340932542088e+24
6.147206234225584194e+06 4.128966032599217215e+03 1.040587601904617188e+01 1.778690282290169716e+09 0.000000000000000000e+00 5.891534865983270868e+24
6.188741411483865231e+06 4.099750755798339924e+03 1.040904664507073107e+01 2.516411640167236328e+04 0.000000000000000000e+00 5.973238643447482833e+24
