# Radius (m)	Density (kg/m^3)	Gravity (m/s^2)	Pressure (Pa)	Temperature (K)	Mass Enclosed (kg)
0.000000000000000000e+00 4.983881865326515981e+04 0.000000000000000000e+00 2.145428286864980469e+13 0.000000000000000000e+00 0.000000000000000000e+00
1.041122143153450452e+05 4.983529467557169846e+04 1.450680751164401538e+00 2.145051902466193359e+13 0.000000000000000000e+00 2.355967351929051546e+20
2.082244286306900904e+05 4.982472513080381032e+04 2.900991750193193663e+00 2.143923004357588672e+13 0.000000000000000000e+00 1.884533987304421720e+21
3.123366429460351355e+05 4.980711720196902752e+04 4.350565722849212946e+00 2.142042359732433984e+13 0.000000000000000000e+00 6.358956851369571516e+21
4.164488572613801807e+05 4.978248275282519171e+04 5.799035264609623930e+00 2.139411235719458984e+13 0.000000000000000000e+00 1.506834657114429430e+22
5.205610715767252259e+05 4.975064182637202612e+04 7.246024173345469777e+00 2.136031429375177344e+13 0.000000000000000000e+00 2.941934494794713452e+22
6.246732858920702711e+05 4.971158913240428956e+04 8.691150609598835786e+00 2.131905260958703906e+13 0.000000000000000000e+00 5.081337233417588179e+22
7.287855002074153163e+05 4.966549909174673667e+04 1.013404131092588401e+01 2.127035551580079688e+13 0.000000000000000000e+00 8.064505274413597957e+22
8.328977145227603614e+05 4.961240314511870383e+04 1.157433162909354607e+01 2.121425623153621094e+13 0.000000000000000000e+00 1.203022108877610361e+23
9.370099288381054066e+05 4.955233735444305057e+04 1.301166822323039618e+01 2.115079285853532031e+13 0.000000000000000000e+00 1.711628244195849001e+23
1.041122143153450452e+06 4.948534242374816677e+04 1.444569299908581783e+01 2.108000840322335547e+13 0.000000000000000000e+00 2.345964592053953862e+23
1.145234357468795497e+06 4.941146396374776668e+04 1.587603258309363419e+01 2.100195105625436328e+13 0.000000000000000000e+00 3.119679322859109771e+23
1.249346571784140542e+06 4.933075216249375080e+04 1.730231540410402857e+01 2.091667384453467578e+13 0.000000000000000000e+00 4.046264826013847975e+23
1.353458786099485587e+06 4.924255207117889950e+04 1.872417209165334029e+01 2.082423462100171094e+13 0.000000000000000000e+00 5.139054929159659884e+23
1.457571000414830633e+06 4.914731452009629720e+04 2.014123547596406993e+01 2.072469606462393359e+13 0.000000000000000000e+00 6.411224898176998410e+23
1.561683214730175678e+06 4.904534898251289997e+04 2.155314058794486698e+01 2.061812568040088672e+13 0.000000000000000000e+00 7.875791437185274945e+23
1.665795429045520723e+06 4.893672466407599131e+04 2.295952465919055641e+01 2.050459579936318750e+13 0.000000000000000000e+00 9.545612688542866751e+23
1.769907643360865768e+06 4.882116856451540662e+04 2.436002712198210673e+01 2.038418357857250391e+13 0.000000000000000000e+00 1.143338823284710688e+24
1.874019857676210813e+06 4.869812370333100262e+04 2.575428960928666555e+01 2.025697100112158594e+13 0.000000000000000000e+00 1.355165908893428689e+24
1.978132071991555858e+06 4.856858400792717293e+04 2.714195948396665869e+01 2.012304359955516406e+13 0.000000000000000000e+00 1.591269124945907347e+24
2.082244286306900904e+06 4.843263483126946085e+04 2.852269014367986699e+01 1.998248961787332031e+13 0.000000000000000000e+00 1.852840475992476850e+24
2.186356500622245949e+06 4.828912468204495963e+04 2.989612320091135444e+01 1.983540570297660938e+13 0.000000000000000000e+00 2.141086485731344753e+24
2.290468714937590994e+06 4.813901036440973257e+04 3.126190144042949726e+01 1.968189252777668359e+13 0.000000000000000000e+00 2.457185817965337346e+24
2.394580929252936039e+06 4.798271121574741846e+04 3.261966970824408918e+01 1.952205448587516016e+13 0.000000000000000000e+00 2.802286431305102143e+24
2.498693143568281084e+06 4.781880566050153720e+04 3.396907491160635573e+01 1.935599969156360547e+13 0.000000000000000000e+00 3.177505579169104928e+24
2.602805357883626129e+06 4.764861182118629222e+04 3.530976601900892575e+01 1.918383997982354688e+13 0.000000000000000000e+00 3.583929809783634860e+24
2.706917572198971175e+06 4.747196495137845341e+04 3.664139406018584566e+01 1.900569090632646094e+13 0.000000000000000000e+00 4.022614966182799636e+24
2.811029786514316220e+06 4.728804563208195032e+04 3.796361212611257940e+01 1.882167174743378906e+13 0.000000000000000000e+00 4.494586186208528180e+24
2.915142000829661265e+06 4.709838234252408438e+04 3.927607536900602270e+01 1.863190550019692188e+13 0.000000000000000000e+00 5.000837902510570640e+24
3.019254215145006310e+06 4.690106544883170864e+04 4.057844100232446038e+01 1.843651888235721094e+13 0.000000000000000000e+00 5.542333842546495167e+24
3.123366429460351355e+06 4.669807906694554549e+04 4.187036830076763039e+01 1.823564233234595703e+13 0.000000000000000000e+00 6.120007028581694358e+24
3.227478643775696401e+06 4.648781070240472036e+04 4.315151860027665975e+01 1.802941000928442969e+13 0.000000000000000000e+00 6.734759777689376666e+24
3.331590858091041446e+06 4.627178039191388234e+04 4.442155529803409308e+01 1.781795979298383984e+13 0.000000000000000000e+00 7.387463701750577138e+24
3.435703072406386491e+06 4.604850486366150290e+04 4.568014385246392806e+01 1.760143328394536328e+13 0.000000000000000000e+00 8.078959707454144531e+24
3.539815286721731536e+06 4.581973628698012908e+04 4.692695178323152305e+01 1.737997580336013086e+13 0.000000000000000000e+00 8.810057996296749897e+24
3.643927501037076581e+06 4.558345574131968169e+04 4.816164867124369664e+01 1.715373639310922852e+13 0.000000000000000000e+00 9.581538064582891958e+24
3.748039715352421626e+06 4.534162170239179977e+04 4.938390425864121624e+01 1.692286441868897266e+13 0.000000000000000000e+00 1.039411821836075408e+25
3.852151929667766672e+06 4.509306412817003729e+04 5.059339214238045201e+01 1.668751093669014453e+13 0.000000000000000000e+00 1.124846437795985587e+25
3.956264143983111717e+06 4.483819585334458679e+04 5.178979221818475764e+01 1.644783444020461523e+13 0.000000000000000000e+00 1.214524291823350125e+25
4.060376358298456762e+06 4.457763353960147651e+04 5.297278569769242296e+01 1.620399537876533398e+13 0.000000000000000000e+00 1.308507392389079804e+25
4.164488572613801807e+06 4.431000648208525672e+04 5.414205506624614372e+01 1.595615610142526758e+13 0.000000000000000000e+00 1.406853069154685991e+25
4.268600786929147318e+06 4.403648541065314203e+04 5.529728408289305008e+01 1.570448085675739648e+13 0.000000000000000000e+00 1.509613972972283643e+25
4.372713001244491898e+06 4.375717919469450862e+04 5.643815778038468522e+01 1.544913579285471680e+13 0.000000000000000000e+00 1.616838075884586795e+25
4.476825215559836477e+06 4.347136047503456939e+04 5.756436246517704092e+01 1.519028895733024219e+13 0.000000000000000000e+00 1.728568671124914363e+25
4.580937429875181988e+06 4.317927927375274885e+04 5.867558571743055040e+01 1.492811029731699609e+13 0.000000000000000000e+00 1.844844373117186703e+25
4.685049644190527499e+06 4.288136833331259550e+04 5.977151639101003866e+01 1.466277165946802344e+13 0.000000000000000000e+00 1.965699117475924539e+25
4.789161858505872078e+06 4.257758973620242614e+04 6.085184461348476503e+01 1.439444678995638672e+13 0.000000000000000000e+00 2.091162161006249396e+25
4.893274072821216658e+06 4.226791633136593737e+04 6.191626178612841613e+01 1.412331133447515430e+13 0.000000000000000000e+00 2.221258081703888102e+25
4.997386287136562169e+06 4.195172777660994325e+04 6.296446058391915557e+01 1.384954283823741602e+13 0.000000000000000000e+00 2.356006778755168931e+25
5.101498501451907679e+06 4.162967189370756387e+04 6.399613495553948894e+01 1.357332074597627734e+13 0.000000000000000000e+00 2.495423472537019451e+25
5.205610715767252259e+06 4.130177194772212533e+04 6.501098012337642729e+01 1.329482640194486328e+13 0.000000000000000000e+00 2.639518704616969529e+25
5.309722930082596838e+06 4.096802338021593459e+04 6.600869258352133784e+01 1.301424304991630469e+13 0.000000000000000000e+00 2.788298337753152194e+25
5.413835144397942349e+06 4.062843389732738433e+04 6.698896340179251752e+01 1.273175524016897070e+13 0.000000000000000000e+00 2.941762072002380828e+25
5.517947358713287860e+06 4.028300035860263597e+04 6.795146656759085602e+01 1.244754634141967773e+13 0.000000000000000000e+00 3.099899162212486718e+25
5.622059573028632440e+06 3.993174039472987351e+04 6.889592188704735065e+01 1.216180277554687695e+13 0.000000000000000000e+00 3.262701123467494900e+25
5.726171787343977019e+06 3.957467614931521530e+04 6.982205230389453732e+01 1.187471171871351953e+13 0.000000000000000000e+00 3.430154295638287971e+25
5.830284001659322530e+06 3.921183712835243205e+04 7.072957737815345070e+01 1.158646064179965820e+13 0.000000000000000000e+00 3.602238548876377139e+25
5.934396215974668041e+06 3.884327590309832885e+04 7.161821328613361004e+01 1.129723731040244922e+13 0.000000000000000000e+00 3.778927283613896215e+25
6.038508430290012620e+06 3.846901748740032781e+04 7.248767282043300497e+01 1.100722978483615234e+13 0.000000000000000000e+00 3.960187430563608908e+25
6.142620644605357200e+06 3.808912280773312523e+04 7.333766538993815232e+01 1.071662642013212500e+13 0.000000000000000000e+00 4.145979450718909689e+25
6.246732858920702711e+06 3.770293876395451662e+04 7.416789701982402505e+01 1.042561586603882422e+13 0.000000000000000000e+00 4.336257335353816917e+25
6.350845073236048222e+06 3.731113109132678801e+04 7.497807035155409494e+01 1.013438706702181250e+13 0.000000000000000000e+00 4.530968606022979711e+25
6.454957287551392801e+06 3.691378259201039327e+04 7.576788464288031832e+01 9.843129262263757812e+12 0.000000000000000000e+00 4.730054314561668503e+25
6.559069501866737381e+06 3.651098612758878153e+04 7.653703576784313611e+01 9.552031985664417969e+12 0.000000000000000000e+00 4.933449043085787917e+25
6.663181716182082891e+06 3.610166655847096263e+04 7.728521621677151643e+01 9.261285065840656250e+12 0.000000000000000000e+00 5.141080903991870766e+25
6.767293930497428402e+06 3.568696617285932007e+04 7.801211509628285512e+01 8.971078626126441406e+12 0.000000000000000000e+00 5.352871539957071169e+25
6.871406144812772982e+06 3.526655768674198771e+04 7.871741812928308946e+01 8.681603084572846680e+12 0.000000000000000000e+00 5.568736123939174008e+25
6.975518359128117561e+06 3.483995860371409799e+04 7.940080765496661286e+01 8.393049153948036133e+12 0.000000000000000000e+00 5.788583359176594066e+25
7.079630573443463072e+06 3.440790059300877328e+04 8.006196280208598637e+01 8.105607856011808594e+12 0.000000000000000000e+00 6.012315440356243547e+25
7.183742787758808583e+06 3.396950989995760028e+04 8.070058626303362814e+01 7.819468982500932617e+12 0.000000000000000000e+00 6.239827255542356888e+25
7.287855002074153163e+06 3.352533001132550999e+04 8.131640862510121792e+01 7.534817788256979492e+12 0.000000000000000000e+00 6.471008437776353666e+25
7.391967216389497742e+06 3.307534247734781820e+04 8.190911237109355625e+01 7.251842426807536133e+12 0.000000000000000000e+00 6.705738465681560987e+25
7.496079430704843253e+06 3.261868200666595658e+04 8.247834924147677782e+01 6.970733126608990234e+12 0.000000000000000000e+00 6.943887007415733415e+25
7.600191645020188764e+06 1.852013438218295778e+04 8.201497197541684159e+01 6.793261171172105469e+12 0.000000000000000000e+00 7.098009109279891555e+25
7.704303859335533343e+06 1.834230957870989369e+04 8.140116150522884197e+01 6.636465187701479492e+12 0.000000000000000000e+00 7.239219409599788337e+25
7.808416073650877923e+06 1.816574166159515153e+04 8.081778567933794477e+01 6.482314521461665039e+12 0.000000000000000000e+00 7.382903095786057218e+25
7.912528287966223434e+06 1.799034795041924372e+04 8.026294386630790711e+01 6.330722226735694336e+12 0.000000000000000000e+00 7.529046024978806890e+25
8.016640502281568944e+06 1.781604733609117102e+04 7.973486636751877654e+01 6.181605824292538086e+12 0.000000000000000000e+00 7.677634010587988191e+25
8.120752716596913524e+06 1.764276320392278649e+04 7.923190192550077882e+01 6.034887270503345703e+12 0.000000000000000000e+00 7.828652449469427991e+25
8.224864930912258103e+06 1.747042375397468277e+04 7.875246387829470507e+01 5.890494871606170898e+12 0.000000000000000000e+00 7.982083365739650136e+25
8.328977145227603614e+06 1.729889068257890904e+04 7.829511502389279087e+01 5.748364131895404297e+12 0.000000000000000000e+00 8.137907463543330363e+25
8.433089359542949125e+06 1.712813545871274982e+04 7.785849467551589953e+01 5.608434172633605469e+12 0.000000000000000000e+00 8.296104131437181446e+25
8.537201573858294636e+06 1.695812425882169191e+04 7.744130573394454586e+01 5.470647454203128906e+12 0.000000000000000000e+00 8.456651215552859199e+25
8.641313788173638284e+06 1.678880116519482181e+04 7.704231468751888201e+01 5.334949776106133789e+12 0.000000000000000000e+00 8.619525019596964194e+25
8.745426002488983795e+06 1.662011127698724886e+04 7.666035161213862636e+01 5.201290276964566406e+12 0.000000000000000000e+00 8.784700304851058937e+25
8.849538216804329306e+06 1.645200480851093744e+04 7.629431017126321990e+01 5.069621434520179688e+12 0.000000000000000000e+00 8.952150290171635234e+25
8.953650431119672954e+06 1.628443294956555110e+04 7.594314761591168406e+01 4.939899065634525391e+12 0.000000000000000000e+00 9.121846651990139952e+25
9.057762645435018465e+06 1.611735113799399915e+04 7.560588478466269180e+01 4.812082326288945312e+12 0.000000000000000000e+00 9.293759524312969873e+25
9.161874859750363976e+06 1.595071984121872811e+04 7.528160610365452499e+01 4.686133711584587891e+12 0.000000000000000000e+00 9.467857498721463097e+25
9.265987074065709487e+06 1.578437068582573920e+04 7.496945958658515963e+01 4.562019055742394531e+12 0.000000000000000000e+00 9.644107624371911074e+25
9.370099288381054997e+06 1.561825653216267892e+04 7.466863359721861571e+01 4.439706163264997070e+12 0.000000000000000000e+00 9.822475504888369813e+25
9.474211502696398646e+06 1.545246554798283432e+04 7.437830542935265044e+01 4.319161968761057617e+12 0.000000000000000000e+00 1.000292536518457712e+26
9.578323717011744156e+06 1.528696742802892550e+04 7.409775194744804594e+01 4.200359294281991211e+12 0.000000000000000000e+00 1.018541927101136117e+26
9.682435931327089667e+06 1.512173555416136878e+04 7.382628170757134001e+01 4.083272780297827148e+12 0.000000000000000000e+00 1.036991737431839663e+26
9.786548145642433316e+06 1.495653420344561891e+04 7.356322778116101802e+01 3.967878457616756836e+12 0.000000000000000000e+00 1.055637794488944426e+26
9.890660359957778826e+06 1.479138331098638446e+04 7.330794775502741345e+01 3.854153747385128906e+12 0.000000000000000000e+00 1.074475737034237837e+26
9.994772574273124337e+06 1.462640835864766996e+04 7.305982373135280739e+01 3.742077461087459961e+12 0.000000000000000000e+00 1.093501015612914563e+26
1.009888478858846985e+07 1.446158911067131703e+04 7.281826232769138585e+01 3.631629800546428223e+12 0.000000000000000000e+00 1.112708892553579768e+26
1.020299700290381536e+07 1.429647498799277673e+04 7.258269467696921140e+01 3.522792357922873047e+12 0.000000000000000000e+00 1.132094441968247398e+26
1.030710921721915901e+07 1.413145058192254146e+04 7.235257642748430840e+01 3.415548115715799316e+12 0.000000000000000000e+00 1.151652549752340695e+26
1.041122143153450452e+07 1.396649308701801419e+04 7.212738774290654931e+01 3.309881446762367188e+12 0.000000000000000000e+00 1.171377913584693052e+26
1.051533364584985003e+07 1.380111713145147587e+04 7.190663330227772576e+01 3.205778114237907227e+12 0.000000000000000000e+00 1.191265042927546476e+26
1.061944586016519368e+07 1.363579674621607774e+04 7.168984230001157698e+01 3.103225271655912109e+12 0.000000000000000000e+00 1.211308259026551407e+26
1.072355807448053919e+07 1.347018633040659915e+04 7.147656844589370451e+01 3.002211462868028320e+12 0.000000000000000000e+00 1.231501694910769815e+26
1.082767028879588470e+07 1.330436195179405331e+04 7.126638996508164325e+01 2.902726622064075195e+12 0.000000000000000000e+00 1.251839295392671249e+26
1.093178250311123021e+07 1.313829617983258686e+04 7.105890959810479046e+01 2.804762073772028320e+12 0.000000000000000000e+00 1.272314817068134896e+26
1.103589471742657572e+07 1.297187909793974904e+04 7.085375460086451938e+01 2.708310532858030273e+12 0.000000000000000000e+00 1.292921828316449583e+26
1.114000693174191937e+07 1.280513334903653049e+04 7.065056108836535032e+01 2.613365395910138672e+12 0.000000000000000000e+00 1.313653606914379236e+26
1.124411914605726488e+07 1.263805256336261664e+04 7.044891983379982037e+01 2.519918167970228516e+12 0.000000000000000000e+00 1.334502892173768249e+26
1.134823136037261039e+07 1.247041101553507906e+04 7.024847553605057726e+01 2.427962958412321777e+12 0.000000000000000000e+00 1.355462559925078586e+26
1.145234357468795404e+07 1.230246130735465158e+04 7.004888701610195767e+01 2.337494864214722168e+12 0.000000000000000000e+00 1.376525220236050308e+26
1.155645578900329955e+07 1.213388769196673820e+04 6.984981990733304258e+01 2.248509648732006348e+12 0.000000000000000000e+00 1.397683161827033694e+26
1.166056800331864506e+07 1.196472568370205408e+04 6.965094665551760045e+01 2.161003741695032715e+12 0.000000000000000000e+00 1.418928352070985454e+26
1.176468021763399057e+07 1.179503650341858702e+04 6.945194651882408721e+01 2.074974239210935059e+12 0.000000000000000000e+00 1.440252436993471832e+26
1.186879243194933608e+07 1.162473441414944318e+04 6.925250556781568889e+01 1.990418903763124023e+12 0.000000000000000000e+00 1.461646741272667222e+26
1.197290464626467973e+07 1.145369039838261779e+04 6.905231668545027901e+01 1.907336164211288330e+12 0.000000000000000000e+00 1.483102268239353659e+26
1.207701686058002524e+07 1.128181669395971767e+04 6.885107956708043275e+01 1.825725115791390137e+12 0.000000000000000000e+00 1.504609699876923562e+26
1.218112907489537075e+07 1.110915602071571811e+04 6.864850072045341278e+01 1.745585520115672363e+12 0.000000000000000000e+00 1.526159396821375791e+26
1.228524128921071440e+07 1.093564125339870952e+04 6.844429346571121187e+01 1.666917805172655762e+12 0.000000000000000000e+00 1.547741398361318386e+26
1.238935350352605991e+07 1.076121153770601086e+04 6.823817793539051024e+01 1.589723065327132324e+12 0.000000000000000000e+00 1.569345422437968232e+26
1.249346571784140542e+07 1.058580960448012775e+04 6.802988107442270405e+01 1.514003061320176270e+12 0.000000000000000000e+00 1.590960865645149849e+26
1.259757793215675093e+07 1.040922094111836486e+04 6.781913664013386267e+01 1.439760220269138428e+12 0.000000000000000000e+00 1.612576803229296773e+26
1.270169014647209644e+07 1.023150207913180202e+04 6.760568520224477140e+01 1.366997635667644043e+12 0.000000000000000000e+00 1.634181989089450349e+26
1.280580236078744009e+07 1.005262648608510790e+04 6.738927414287094564e+01 1.295719067385599365e+12 0.000000000000000000e+00 1.655764855777260419e+26
1.290991457510278560e+07 9.872435125521609734e+03 6.716965765652257403e+01 1.225928941669181396e+12 0.000000000000000000e+00 1.677313514496986699e+26
1.301402678941813111e+07 9.690759840872917266e+03 6.694659129199114034e+01 1.157632314631409424e+12 0.000000000000000000e+00 1.698815628427410629e+26
1.311813900373347476e+07 9.507636066897985074e+03 6.671977681352302625e+01 1.090834299605608765e+12 0.000000000000000000e+00 1.720257224783477520e+26
1.322225121804882027e+07 9.322886372511460650e+03 6.648893840212899420e+01 1.025540596637810669e+12 0.000000000000000000e+00 1.741624477647356792e+26
1.332636343236416578e+07 9.136287985734263202e+03 6.625380573752136115e+01 9.617579638243262939e+11 0.000000000000000000e+00 1.762903076539118004e+26
1.343047564667951129e+07 8.947828297907546585e+03 6.601410063390744654e+01 8.994941843518305664e+11 0.000000000000000000e+00 1.784077892421654355e+26
1.353458786099485680e+07 8.757324488680456852e+03 6.576953703998951539e+01 8.387580664973635254e+11 0.000000000000000000e+00 1.805132977700680618e+26
1.363870007531020045e+07 8.564615336894894426e+03 6.551982103896492049e+01 7.795594436283309326e+11 0.000000000000000000e+00 1.826051566224734173e+26
1.374281228962554596e+07 8.369457564426535100e+03 6.526465084852596021e+01 7.219091742025006104e+11 0.000000000000000000e+00 1.846816073285175352e+26
1.384692450394089147e+07 8.171614240803959547e+03 6.500371682085994962e+01 6.658191417680083008e+11 0.000000000000000000e+00 1.867408095616186403e+26
1.395103671825623512e+07 7.970899516098874301e+03 6.473670144264923465e+01 6.113022549633549805e+11 0.000000000000000000e+00 1.887808411394771154e+26
1.405514893257158063e+07 7.767003524336996634e+03 6.446327589102340028e+01 5.583726382127553711e+11 0.000000000000000000e+00 1.907996836058458237e+26
1.415926114688692614e+07 7.559564697195119152e+03 6.418307120162359070e+01 5.070470016380364380e+11 0.000000000000000000e+00 1.927951114387178496e+26
1.426337336120227166e+07 7.348276781897055116e+03 6.389570755871351793e+01 4.573430025973757324e+11 0.000000000000000000e+00 1.947648195912026223e+26
1.436748557551761717e+07 7.132505453955642224e+03 6.360076682599520126e+01 4.092813294723880615e+11 0.000000000000000000e+00 1.967062881192339807e+26
1.447159778983296081e+07 6.911867783364004936e+03 6.329778472432267478e+01 3.628861865875844116e+11 0.000000000000000000e+00 1.986167474249992647e+26
1.457571000414830633e+07 6.685554489537034897e+03 6.298625083170198025e+01 3.181852942103683472e+11 0.000000000000000000e+00 2.004931782569395212e+26
1.467982221846365184e+07 6.452884738118293171e+03 6.266560858329116002e+01 2.752098885510411377e+11 0.000000000000000000e+00 2.023323117097493324e+26
1.478393443277899548e+07 6.212695955364513793e+03 6.233525414173931978e+01 2.339947928690260620e+11 0.000000000000000000e+00 2.041306248027866337e+26
1.488804664709434099e+07 5.963697115341255085e+03 6.199447174339351818e+01 1.945825095372167358e+11 0.000000000000000000e+00 2.058840856712157828e+26
1.499215886140968651e+07 5.704098681473975375e+03 6.164240732948255186e+01 1.570252526314163818e+11 0.000000000000000000e+00 2.075880344171142841e+26
1.509627107572503202e+07 5.431526527638192420e+03 6.127804424735785460e+01 1.213868938436315613e+11 0.000000000000000000e+00 2.092370742934840921e+26
1.520038329004037753e+07 5.142486466757723974e+03 6.090013943735731061e+01 8.774727928981944275e+10 0.000000000000000000e+00 2.108248173147202404e+26
1.530449550435572118e+07 4.831690368372900593e+03 6.050709276733763886e+01 5.621125929237326050e+10 0.000000000000000000e+00 2.123433669421975932e+26
1.540860771867106669e+07 4.490329728688073374e+03 6.009669805049896496e+01 2.692633809289702225e+10 0.000000000000000000e+00 2.137823166053864996e+26
1.551271993298641220e+07 4.101548337343881940e+03 5.966577371322100021e+01 1.084307634483222961e+08 0.000000000000000000e+00 2.151273118355535377e+26
