# Radius (m)	Density (kg/m^3)	Gravity (m/s^2)	Pressure (Pa)	Temperature (K)	Mass Enclosed (kg)
0.000000000000000000e+00 4.521281278536697209e+04 0.000000000000000000e+00 1.680089820128759180e+13 0.000000000000000000e+00 0.000000000000000000e+00
1.003420914913988381e+05 4.520977407226512150e+04 1.268376001986142754e+00 1.679802091335317383e+13 0.000000000000000000e+00 1.913412369334846751e+20
2.006841829827976762e+05 4.520065988968138117e+04 2.536444638129472295e+00 1.678939090232506055e+13 0.000000000000000000e+00 1.530542532526225752e+21
3.010262744741964852e+05 4.518547612701336038e+04 3.803900804743086894e+00 1.677501374473912695e+13 0.000000000000000000e+00 5.164548512081943462e+21
4.013683659655953525e+05 4.516423255111631443e+04 5.070436944676476543e+00 1.675489868860724219e+13 0.000000000000000000e+00 1.223823516404457406e+22
5.017104574569942197e+05 4.513694285235241114e+04 6.335748241972498640e+00 1.672905869702021094e+13 0.000000000000000000e+00 2.389419101832999023e+22
6.020525489483929705e+05 4.510362460284701956e+04 7.599529835090551799e+00 1.669751040862163086e+13 0.000000000000000000e+00 4.127142002252632923e+22
7.023946404397918377e+05 4.506429920770882745e+04 8.861477737721054737e+00 1.666027409141934180e+13 0.000000000000000000e+00 6.550349687869632466e+22
8.027367319311907049e+05 4.501899190453009214e+04 1.012128894070561280e+01 1.661737364231220703e+13 0.000000000000000000e+00 9.771852762785030288e+22
9.030788234225895721e+05 4.496741310233170225e+04 1.137865957053195665e+01 1.656883661378566992e+13 0.000000000000000000e+00 1.390384601602298888e+23
1.003420914913988439e+06 4.490959522993326391e+04 1.263326865660237885e+01 1.651469455235902539e+13 0.000000000000000000e+00 1.905748499871506314e+23
1.103763006405387307e+06 4.484582931019811076e+04 1.388480682711310799e+01 1.645498259479276172e+13 0.000000000000000000e+00 2.534378150666019610e+23
1.204105097896785941e+06 4.477615650307880423e+04 1.513297067992357725e+01 1.638973928426716016e+13 0.000000000000000000e+00 3.287270920901607366e+23
1.304447189388184808e+06 4.470062164537826902e+04 1.637745847522823794e+01 1.631900660705460352e+13 0.000000000000000000e+00 4.175298301194069386e+23
1.404789280879583675e+06 4.461927325074985856e+04 1.761797013555655056e+01 1.624282999251958203e+13 0.000000000000000000e+00 5.209205905859222931e+23
1.505131372370982543e+06 4.453148429623438278e+04 1.885420724577299012e+01 1.616125831311868359e+13 0.000000000000000000e+00 6.399613472912912448e+23
1.605473463862381410e+06 4.443763051703049859e+04 2.008587305307704440e+01 1.607434388440060156e+13 0.000000000000000000e+00 7.757014864071006890e+23
1.705815555353780277e+06 4.433806762757975957e+04 2.131267246700322104e+01 1.598214246500613281e+13 0.000000000000000000e+00 9.291778064749395014e+23
1.806157646845179144e+06 4.423285955635122082e+04 2.253431205942102977e+01 1.588471325666817578e+13 0.000000000000000000e+00 1.101414518406400082e+24
1.906499738336578012e+06 4.412126369820848777e+04 2.375049997332931184e+01 1.578211889208703516e+13 0.000000000000000000e+00 1.293423069297506783e+24
2.006841829827976879e+06 4.400366415375629731e+04 2.496093018248118156e+01 1.567442389316448438e+13 0.000000000000000000e+00 1.506177975609613609e+24
2.107183921319375746e+06 4.388057046760505182e+04 2.616529562419316335e+01 1.556169748372824805e+13 0.000000000000000000e+00 1.740652936127216127e+24
2.207526012810774613e+06 4.375152284480741218e+04 2.736329926770060439e+01 1.544401321631166992e+13 0.000000000000000000e+00 1.997819213431970560e+24
2.307868104302173480e+06 4.361618562242512417e+04 2.855464537220498400e+01 1.532144737533383594e+13 0.000000000000000000e+00 2.278623564798238640e+24
2.408210195793571882e+06 4.347554541550624708e+04 2.973903948687391008e+01 1.519407897709956250e+13 0.000000000000000000e+00 2.583988242193083309e+24
2.508552287284970749e+06 4.332877587982166733e+04 3.091618845084114753e+01 1.506198976979940430e+13 0.000000000000000000e+00 2.914810992276278656e+24
2.608894378776369616e+06 4.317610121462266397e+04 3.208580039320658983e+01 1.492526423350965820e+13 0.000000000000000000e+00 3.271965056400297030e+24
2.709236470267768484e+06 4.301825723203517555e+04 3.324758473303624839e+01 1.478398958019235156e+13 0.000000000000000000e+00 3.656299170610316822e+24
2.809578561759167351e+06 4.285368302636814769e+04 3.440125217936230229e+01 1.463825575369525391e+13 0.000000000000000000e+00 4.068637565644222740e+24
2.909920653250566218e+06 4.268417782515916042e+04 3.554651473118303784e+01 1.448815542975186914e+13 0.000000000000000000e+00 4.509779966932600433e+24
3.010262744741965085e+06 4.250831060993669962e+04 3.668308567746289839e+01 1.433378401598143750e+13 0.000000000000000000e+00 4.980501594598743476e+24
3.110604836233363952e+06 4.232724709603902011e+04 3.781067959713246296e+01 1.417523965188893945e+13 0.000000000000000000e+00 5.481553163458649071e+24
3.210946927724762820e+06 4.214007723027775501e+04 3.892901235908843205e+01 1.401262320886508984e+13 0.000000000000000000e+00 6.013660883021015365e+24
3.311289019216161687e+06 4.194768020357443311e+04 4.003780112219367027e+01 1.384603829018633984e+13 0.000000000000000000e+00 6.577526457487252724e+24
3.411631110707560554e+06 4.174913489510954241e+04 4.113676433527713527e+01 1.367559123101488281e+13 0.000000000000000000e+00 7.173827085751465479e+24
3.511973202198959421e+06 4.154565027607108641e+04 4.222562173713396305e+01 1.350139109839864258e+13 0.000000000000000000e+00 7.803215461400473399e+24
3.612315293690358289e+06 4.133570551213594445e+04 4.330409435652541106e+01 1.332354969127128516e+13 0.000000000000000000e+00 8.466319772713792368e+24
3.712657385181757156e+06 4.112089099716394412e+04 4.437189748109339149e+01 1.314217931756552539e+13 0.000000000000000000e+00 9.163714048415834791e+24
3.812999476673156023e+06 4.090009577905823244e+04 4.542874970661965506e+01 1.295739383661668164e+13 0.000000000000000000e+00 9.895932157305585041e+24
3.913341568164554890e+06 4.067382073698785098e+04 4.647438294949625970e+01 1.276931195321624023e+13 0.000000000000000000e+00 1.066351332227010386e+25
4.013683659655953757e+06 4.044253200740875036e+04 4.750852902228945140e+01 1.257805392826484570e+13 0.000000000000000000e+00 1.146695884898771625e+25
4.114025751147352159e+06 4.020500579203893722e+04 4.853091954897944760e+01 1.238374155568946484e+13 0.000000000000000000e+00 1.230673181938119860e+25
4.214367842638751492e+06 3.996227298649736622e+04 4.954128596496048687e+01 1.218649816244338281e+13 0.000000000000000000e+00 1.318325709161779697e+25
4.314709934130149893e+06 3.971442087704939331e+04 5.053935951704075080e+01 1.198644860850621875e+13 0.000000000000000000e+00 1.409692130010918838e+25
4.415052025621549226e+06 3.946087566108351166e+04 5.152487126344243507e+01 1.178371928688390234e+13 0.000000000000000000e+00 1.504807285551153242e+25
4.515394117112947628e+06 3.920168841829850862e+04 5.249755207380172095e+01 1.157843812360870117e+13 0.000000000000000000e+00 1.603702194472541319e+25
4.615736208604346961e+06 3.893732298849425570e+04 5.345713262916877540e+01 1.137073457773919336e+13 0.000000000000000000e+00 1.706404053089589522e+25
4.716078300095745362e+06 3.866773011906372994e+04 5.440334342200774387e+01 1.116073964136028906e+13 0.000000000000000000e+00 1.812936235341247830e+25
4.816420391587143764e+06 3.839286239983561973e+04 5.533591475619677169e+01 1.094858583958321875e+13 0.000000000000000000e+00 1.923318292790912971e+25
4.916762483078543097e+06 3.811240591524822958e+04 5.625457674702799693e+01 1.073440723054553320e+13 0.000000000000000000e+00 2.037565954626428212e+25
5.017104574569941498e+06 3.782647184336729697e+04 5.715905932120752198e+01 1.051833940541111328e+13 0.000000000000000000e+00 2.155691127660077983e+25
5.117446666061340831e+06 3.753530167412692390e+04 5.804909221685547038e+01 1.030051948837016211e+13 0.000000000000000000e+00 2.277701896328597977e+25
5.217788757552739233e+06 3.723887008851696737e+04 5.892440498350590872e+01 1.008108613663920312e+13 0.000000000000000000e+00 2.403602522693164192e+25
5.318130849044138566e+06 3.693716792715281190e+04 5.978472658152199415e+01 9.860179437148679688e+12 0.000000000000000000e+00 2.533393236609603421e+25
5.418472940535536967e+06 3.663019111758983490e+04 6.062978274005146062e+01 9.637937940204115234e+12 0.000000000000000000e+00 2.667065337513553907e+25
5.518815032026936300e+06 3.631794285472315096e+04 6.145932396373179074e+01 9.414502099284412109e+12 0.000000000000000000e+00 2.804610289448502321e+25
5.619157123518334702e+06 3.600043365011599963e+04 6.227310533593012565e+01 9.190014039400904297e+12 0.000000000000000000e+00 2.946017116631431032e+25
5.719499215009734035e+06 3.567767903011044837e+04 6.307087806351984938e+01 8.964616305650386719e+12 0.000000000000000000e+00 3.091269433802839270e+25
5.819841306501132436e+06 3.534970179385271331e+04 6.385238947688056044e+01 8.738451863215139648e+12 0.000000000000000000e+00 3.240345446226727663e+25
5.920183397992531769e+06 3.501653396533073101e+04 6.461738302989810734e+01 8.511664097362905273e+12 0.000000000000000000e+00 3.393217949690611980e+25
6.020525489483930171e+06 3.467762280705366720e+04 6.536559829996456017e+01 8.284396813446910156e+12 0.000000000000000000e+00 3.549854330505511108e+25
6.120867580975329503e+06 3.433349707540900272e+04 6.609677098797824613e+01 8.056794236905845703e+12 0.000000000000000000e+00 3.710216565505959072e+25
6.221209672466727905e+06 3.398421198422183079e+04 6.681063291834368556e+01 7.829001013263886719e+12 0.000000000000000000e+00 3.874261222049993018e+25
6.321551763958127238e+06 3.362982905027971719e+04 6.750691203897166304e+01 7.601162208130669922e+12 0.000000000000000000e+00 4.041939458019163511e+25
6.421893855449525639e+06 3.326966954521251319e+04 6.818533242127919891e+01 7.373423307201316406e+12 0.000000000000000000e+00 4.213197021818526812e+25
6.522235946940924041e+06 3.290417393299104879e+04 6.884561426018953512e+01 7.145930216256415039e+12 0.000000000000000000e+00 4.387974252376650027e+25
6.622578038432323374e+06 3.253371957258757539e+04 6.948747387413213517e+01 6.918829261162027344e+12 0.000000000000000000e+00 4.566206079145609393e+25
6.722920129923721775e+06 3.215703644472557062e+04 7.011062370504274099e+01 6.692267187869694336e+12 0.000000000000000000e+00 4.747822022100987696e+25
6.823262221415121108e+06 3.177549424714028282e+04 7.071477231836325927e+01 6.466391162416423828e+12 0.000000000000000000e+00 4.932746191741881150e+25
6.923604312906519510e+06 3.138780508879532499e+04 7.129962440304188931e+01 6.241348770924705078e+12 0.000000000000000000e+00 5.120897289090888221e+25
7.023946404397918843e+06 3.099504713590192478e+04 7.186487220991295999e+01 6.017289130471107422e+12 0.000000000000000000e+00 5.312187105538919070e+25
7.124288495889317244e+06 3.059605786291108961e+04 7.241025966744938103e+01 5.794357490352811523e+12 0.000000000000000000e+00 5.506522601911272949e+25
7.224630587380716577e+06 3.019145016034295986e+04 7.293549620456199989e+01 5.572700087954349609e+12 0.000000000000000000e+00 5.703803520052497166e+25
7.324972678872114979e+06 1.686470530075549323e+04 7.295230892350095075e+01 5.395575633339832031e+12 0.000000000000000000e+00 5.864694347104697398e+25
7.425314770363514312e+06 1.671109929604369245e+04 7.238784352171475689e+01 5.273156434080319336e+12 0.000000000000000000e+00 5.979841850724057091e+25
7.525656861854912713e+06 1.655845928503204777e+04 7.185179939078159350e+01 5.152772217723977539e+12 0.000000000000000000e+00 6.097064715916458457e+25
7.625998953346312046e+06 1.640671539299807409e+04 7.134242335337378904e+01 5.034354019795385742e+12 0.000000000000000000e+00 6.216353708257732672e+25
7.726341044837710448e+06 1.625579981830660836e+04 7.085809589189285873e+01 4.917837470179880859e+12 0.000000000000000000e+00 6.337699019728914694e+25
7.826683136329109780e+06 1.610565061231458094e+04 7.039728105918341328e+01 4.803162750349685547e+12 0.000000000000000000e+00 6.461089082497905052e+25
7.927025227820508182e+06 1.595620888238697808e+04 6.995853129916767443e+01 4.690273570678634766e+12 0.000000000000000000e+00 6.586511394289318004e+25
8.027367319311907515e+06 1.580741573475467339e+04 6.954048744684547501e+01 4.579117170442166016e+12 0.000000000000000000e+00 6.713952518384481541e+25
8.127709410803305916e+06 1.565921885801309327e+04 6.914187872829423043e+01 4.469644317817326172e+12 0.000000000000000000e+00 6.843398083621435666e+25
8.228051502294704318e+06 1.551151710255797298e+04 6.876152030794003167e+01 4.361809248436845215e+12 0.000000000000000000e+00 6.974832755159961031e+25
8.328393593786103651e+06 1.536425468937024925e+04 6.839824493699322261e+01 4.255568361927364258e+12 0.000000000000000000e+00 7.108239108300880877e+25
8.428735685277502984e+06 1.521743000408457010e+04 6.805100043223890793e+01 4.150883158365117676e+12 0.000000000000000000e+00 7.243598340577704976e+25
8.529077776768900454e+06 1.507100237466976250e+04 6.771881311650609803e+01 4.047718141293919922e+12 0.000000000000000000e+00 7.380890638098241121e+25
8.629419868260299787e+06 1.492493282215231011e+04 6.740074831463677185e+01 3.946039626768690918e+12 0.000000000000000000e+00 7.520094848588625733e+25
8.729761959751699120e+06 1.477918288652271076e+04 6.709591035348594801e+01 3.845815743355464844e+12 0.000000000000000000e+00 7.661188481393309259e+25
8.830104051243098453e+06 1.463371625245760151e+04 6.680344256192167052e+01 3.747016432131385742e+12 0.000000000000000000e+00 7.804147707475068196e+25
8.930446142734495923e+06 1.448849840305858015e+04 6.652252727082499462e+01 3.649613446684709473e+12 0.000000000000000000e+00 7.948947359414995645e+25
9.030788234225895256e+06 1.434349850258318111e+04 6.625238581308998675e+01 3.553580353114795898e+12 0.000000000000000000e+00 8.095560931412514194e+25
9.131130325717294589e+06 1.419853728208597386e+04 6.599227852362372460e+01 3.458892530032122070e+12 0.000000000000000000e+00 8.243960579285363891e+25
9.231472417208693922e+06 1.405362613612393034e+04 6.574150473934633965e+01 3.365527168558272461e+12 0.000000000000000000e+00 8.394117120469604825e+25
9.331814508700091392e+06 1.390883145105423318e+04 6.549940279919093200e+01 3.273463272325943359e+12 0.000000000000000000e+00 8.546000034019617122e+25
9.432156600191490725e+06 1.376412911003709632e+04 6.526535004410365559e+01 3.182681657478936523e+12 0.000000000000000000e+00 8.699577460608114690e+25
9.532498691682890058e+06 1.361950050661697423e+04 6.503876281704366136e+01 3.093164952672170410e+12 0.000000000000000000e+00 8.854816202526117731e+25
9.632840783174287528e+06 1.347463849432528150e+04 6.481909646298313987e+01 3.004897599071671387e+12 0.000000000000000000e+00 9.011681723682975078e+25
9.733182874665686861e+06 1.332974571535121504e+04 6.460584532890725029e+01 2.917865850354572266e+12 0.000000000000000000e+00 9.170138149606360753e+25
9.833524966157086194e+06 1.318485848446921227e+04 6.439849158322313372e+01 2.832055641778394531e+12 0.000000000000000000e+00 9.330147268024922597e+25
9.933867057648485526e+06 1.303982517164156889e+04 6.419651119766923841e+01 2.747452802227436523e+12 0.000000000000000000e+00 9.491669068395667612e+25
1.003420914913988300e+07 1.289448436693617259e+04 6.399944950759906703e+01 2.664046222149315918e+12 0.000000000000000000e+00 9.654663003870032195e+25
1.013455124063128233e+07 1.274909572788078367e+04 6.380686546976064477e+01 2.581825558208141602e+12 0.000000000000000000e+00 9.819086626210517623e+25
1.023489333212268166e+07 1.260341811355183381e+04 6.361833139834824635e+01 2.500781222348312500e+12 0.000000000000000000e+00 9.984895580047872102e+25
1.033523542361408100e+07 1.245742252913780248e+04 6.343343296500241735e+01 2.420904381794507812e+12 0.000000000000000000e+00 1.015204360288109077e+26
1.043557751510547847e+07 1.231130027828877428e+04 6.325176919880999549e+01 2.342186959051691406e+12 0.000000000000000000e+00 1.032048252507742257e+26
1.053591960659687780e+07 1.216459822905426336e+04 6.307295248630404672e+01 2.264621631905106445e+12 0.000000000000000000e+00 1.049016226987237882e+26
1.063626169808827713e+07 1.201779391457195197e+04 6.289660857146393624e+01 2.188201833420283936e+12 0.000000000000000000e+00 1.066103085336970749e+26
1.073660378957967646e+07 1.187031031727205846e+04 6.272237655571528592e+01 2.112921751943036377e+12 0.000000000000000000e+00 1.083303438454141892e+26
1.083694588107107393e+07 1.172263293678490299e+04 6.254990889792998843e+01 2.038776331099460938e+12 0.000000000000000000e+00 1.100611706522776351e+26
1.093728797256247327e+07 1.157427919148148430e+04 6.237887141442619310e+01 1.965761269795934082e+12 0.000000000000000000e+00 1.118022119013726092e+26
1.103763006405387260e+07 1.142552632430824815e+04 6.220894327896833431e+01 1.893873022219118652e+12 0.000000000000000000e+00 1.135528714684666746e+26
1.113797215554527193e+07 1.127626877254856663e+04 6.203981702276711019e+01 1.823108797835960938e+12 0.000000000000000000e+00 1.153125341580100008e+26
1.123831424703666940e+07 1.112627115145617972e+04 6.187119853447948969e+01 1.753466561393690674e+12 0.000000000000000000e+00 1.170805657031351580e+26
1.133865633852806874e+07 1.097573606731513792e+04 6.170280706020868422e+01 1.684945032919817383e+12 0.000000000000000000e+00 1.188563127656574091e+26
1.143899843001946807e+07 1.082458646400605903e+04 6.153437520350421153e+01 1.617543687722137451e+12 0.000000000000000000e+00 1.206391029360744004e+26
1.153934052151086554e+07 1.067267498708931089e+04 6.136564365876679972e+01 1.551262583703375732e+12 0.000000000000000000e+00 1.224282380478167104e+26
1.163968261300226487e+07 1.051993487258408641e+04 6.119631974591465706e+01 1.486100809650320312e+12 0.000000000000000000e+00 1.242229530489088921e+26
1.174002470449366421e+07 1.036640478231251836e+04 6.102613779652060799e+01 1.422058396232608887e+12 0.000000000000000000e+00 1.260225000493746979e+26
1.184036679598506354e+07 1.021202473799098152e+04 6.085484252563751539e+01 1.359136168559374023e+12 0.000000000000000000e+00 1.278261065958219903e+26
1.194070888747646101e+07 1.005672873061208156e+04 6.068218021389302663e+01 1.297335493501712402e+12 0.000000000000000000e+00 1.296329624783935632e+26
1.204105097896786034e+07 9.900464165039687941e+03 6.050789870748954513e+01 1.236658279692681152e+12 0.000000000000000000e+00 1.314422197307670561e+26
1.214139307045925967e+07 9.743177168818296195e+03 6.033174741820425879e+01 1.177106977527303467e+12 0.000000000000000000e+00 1.332529926301549198e+26
1.224173516195065901e+07 9.584717314932393492e+03 6.015347732338909736e+01 1.118684579162564941e+12 0.000000000000000000e+00 1.350643576973045019e+26
1.234207725344205648e+07 9.425028027766322339e+03 5.997284096597079639e+01 1.061394618517415649e+12 0.000000000000000000e+00 1.368753536964979273e+26
1.244241934493345581e+07 9.264154700787395996e+03 5.978959245445081905e+01 1.005241171272765503e+12 0.000000000000000000e+00 1.386849816355523208e+26
1.254276143642485514e+07 9.101902064138741480e+03 5.960348746290541300e+01 9.502288548714908447e+11 0.000000000000000000e+00 1.404922047658195326e+26
1.264310352791625448e+07 8.938194010137176519e+03 5.941428323098561037e+01 8.963628285184305420e+11 0.000000000000000000e+00 1.422959485821862757e+26
1.274344561940765195e+07 8.772924071221852500e+03 5.922173856391718516e+01 8.436487931803874512e+11 0.000000000000000000e+00 1.440951008230741599e+26
1.284378771089905128e+07 8.606057317287282785e+03 5.902561383250069582e+01 7.920929915861248779e+11 0.000000000000000000e+00 1.458885114704396583e+26
1.294412980239045061e+07 8.437384437526583497e+03 5.882567097311146398e+01 7.417022082263720703e+11 0.000000000000000000e+00 1.476749927497740548e+26
1.304447189388184808e+07 8.266748018800442878e+03 5.862167201052127297e+01 6.924837936366374512e+11 0.000000000000000000e+00 1.494533146537015431e+26
1.314481398537324741e+07 8.094025151302552331e+03 5.841334407075925128e+01 6.444461626784232178e+11 0.000000000000000000e+00 1.512221048568448716e+26
1.324515607686464675e+07 7.919009821600315263e+03 5.820041304773836544e+01 5.975983155429840088e+11 0.000000000000000000e+00 1.529799535106537612e+26
1.334549816835604608e+07 7.741615723021410304e+03 5.798260124783653424e+01 5.519502742277827148e+11 0.000000000000000000e+00 1.547253860736046553e+26
1.344584025984744355e+07 7.561496961938355525e+03 5.775961573650997849e+01 5.075133221828187256e+11 0.000000000000000000e+00 1.564568252217845816e+26
1.354618235133884288e+07 7.378485833011804061e+03 5.753114833829321384e+01 4.643000043106258545e+11 0.000000000000000000e+00 1.581725908488913236e+26
1.364652444283024222e+07 7.192236326493621164e+03 5.729687563679906503e+01 4.223241269662763062e+11 0.000000000000000000e+00 1.598709000662330598e+26
1.374686653432164155e+07 7.002455164179660642e+03 5.705645897471867301e+01 3.816007579573775635e+11 0.000000000000000000e+00 1.615498672027286730e+26
1.384720862581303902e+07 6.808647571677180167e+03 5.680954445382146645e+01 3.421462265440743408e+11 0.000000000000000000e+00 1.632075038049075785e+26
1.394755071730443835e+07 6.610419436544895689e+03 5.655573898339755345e+01 3.039795010240333862e+11 0.000000000000000000e+00 1.648416308479213366e+26
1.404789280879583769e+07 6.407142001512625939e+03 5.629460491073847095e+01 2.671222620882261963e+11 0.000000000000000000e+00 1.664498667000227776e+26
1.414823490028723702e+07 6.198110746276570353e+03 5.602566756305793660e+01 2.315987273848486328e+11 0.000000000000000000e+00 1.680296377758153556e+26
1.424857699177863449e+07 5.982448685201934495e+03 5.574837390807866200e+01 1.974382602746829834e+11 0.000000000000000000e+00 1.695780158431313601e+26
1.434891908327003382e+07 5.759027691539904481e+03 5.546209224978856156e+01 1.646753882116607056e+11 0.000000000000000000e+00 1.710917168688335349e+26
1.444926117476143315e+07 5.526356804771881798e+03 5.516611222844080942e+01 1.333498027428665161e+11 0.000000000000000000e+00 1.725671010188149061e+26
1.454960326625283062e+07 5.282434482389737241e+03 5.485961009910981545e+01 1.035084196729885712e+11 0.000000000000000000e+00 1.740000437802019382e+26
1.464994535774422996e+07 5.024441933792977579e+03 5.454154032577203282e+01 7.521196999510687256e+10 0.000000000000000000e+00 1.753855262939778035e+26
1.475028744923562929e+07 4.748187192102542213e+03 5.421058066863119507e+01 4.853880333386508942e+10 0.000000000000000000e+00 1.767174215644092395e+26
1.485062954072702862e+07 4.446922649699774411e+03 5.386499959617604105e+01 2.359310746024766159e+10 0.000000000000000000e+00 1.779880025593723710e+26
1.495097163221842609e+07 4.108461639936136635e+03 5.350231101875113637e+01 5.265271004206542969e+08 0.000000000000000000e+00 1.791866769771464576e+26
