# Radius (m)	Density (kg/m^3)	Gravity (m/s^2)	Pressure (Pa)	Temperature (K)	Mass Enclosed (kg)
0.000000000000000000e+00 4.599119699120279984e+04 0.000000000000000000e+00 1.754595688401094336e+13 0.000000000000000000e+00 0.000000000000000000e+00
1.010251855378015607e+05 4.598807947636389872e+04 1.298995241724474115e+00 1.754293900020921875e+13 0.000000000000000000e+00 1.986374516460119327e+20
2.020503710756031214e+05 4.597872895664132375e+04 2.597673011351041339e+00 1.753388730888882812e+13 0.000000000000000000e+00 1.588903752348336652e+21
3.030755566134046530e+05 4.596315152564876917e+04 3.895718149794519469e+00 1.751880770892083789e+13 0.000000000000000000e+00 5.361467748281940443e+21
4.041007421512062429e+05 4.594135735504957847e+04 5.192809723048095627e+00 1.749771004689769141e+13 0.000000000000000000e+00 1.270479309231854558e+22
5.051259276890078327e+05 4.591336055305947957e+04 6.488636624389204854e+00 1.747060798015796289e+13 0.000000000000000000e+00 2.480506024267871368e+22
6.061511132268093061e+05 4.587917910748063878e+04 7.782893608032915189e+00 1.743751892164099414e+13 0.000000000000000000e+00 4.284469014561543107e+22
7.071762987646108959e+05 4.583883520787599264e+04 9.075262746807254643e+00 1.739846435176503125e+13 0.000000000000000000e+00 6.800030221315304168e+22
8.082014843024124857e+05 4.579207380358905357e+04 1.036541314638702360e+01 1.735346982496805664e+13 0.000000000000000000e+00 1.014426801597936703e+23
9.092266698402140755e+05 4.573890451421012403e+04 1.165300704801180132e+01 1.730256491040013281e+13 0.000000000000000000e+00 1.443356921534993725e+23
1.010251855378015665e+06 4.567959651221880631e+04 1.293774719196275846e+01 1.724578271884127930e+13 0.000000000000000000e+00 1.978327065347009209e+23
1.111277040915817255e+06 4.561418847942337743e+04 1.421932282637352429e+01 1.718316028471811523e+13 0.000000000000000000e+00 2.630868747398742918e+23
1.212302226453618612e+06 4.554272300089058990e+04 1.549741803113439431e+01 1.711473837948367773e+13 0.000000000000000000e+00 3.412398638726689933e+23
1.313327411991420202e+06 4.546524649257813144e+04 1.677171836012163553e+01 1.704056144233186523e+13 0.000000000000000000e+00 4.334198967639748232e+23
1.414352597529221792e+06 4.538155630466910225e+04 1.804191084119747757e+01 1.696067758019744336e+13 0.000000000000000000e+00 5.407417519719208955e+23
1.515377783067023382e+06 4.529121827672413201e+04 1.930768397621012156e+01 1.687513856775605273e+13 0.000000000000000000e+00 6.643067637818759766e+23
1.616402968604824971e+06 4.519496637914874009e+04 2.056872774099374368e+01 1.678399984742419336e+13 0.000000000000000000e+00 8.052028222064490216e+23
1.717428154142626561e+06 4.509286303837149171e+04 2.182473358536846675e+01 1.668732052935923828e+13 0.000000000000000000e+00 9.645043729854883021e+23
1.818453339680428151e+06 4.498484833703361073e+04 2.307539443314040284e+01 1.658516339145942578e+13 0.000000000000000000e+00 1.143272417586082279e+24
1.919478525218229741e+06 4.486997678721541888e+04 2.432040468210162842e+01 1.647759487936386133e+13 0.000000000000000000e+00 1.342554513202558796e+24
2.020503710756031331e+06 4.474940074895808357e+04 2.555945864355651764e+01 1.636468454560196484e+13 0.000000000000000000e+00 1.563377050707756187e+24
2.121528896293832920e+06 4.462319669673909812e+04 2.679224553299576073e+01 1.624650400273375391e+13 0.000000000000000000e+00 1.806730188677879492e+24
2.222554081831634510e+06 4.449031255986008910e+04 2.801846025403017393e+01 1.612313072809592578e+13 0.000000000000000000e+00 2.073619016763354053e+24
2.323579267369436100e+06 4.435156882893260627e+04 2.923779938870466566e+01 1.599464541600655273e+13 0.000000000000000000e+00 2.365027145163349818e+24
2.424604452907237224e+06 4.420739516097304295e+04 3.044996044532577173e+01 1.586113164497688867e+13 0.000000000000000000e+00 2.681912142386505382e+24
2.525629638445038814e+06 4.405635380005740444e+04 3.165464185846165890e+01 1.572267587771136523e+13 0.000000000000000000e+00 3.025205535250934428e+24
2.626654823982840404e+06 4.389986552597434638e+04 3.285154298894209290e+01 1.557936746110759961e+13 0.000000000000000000e+00 3.395812808884218212e+24
2.727680009520641994e+06 4.373748339231328282e+04 3.404036412385848109e+01 1.543129862625639062e+13 0.000000000000000000e+00 3.794613406723408245e+24
2.828705195058443584e+06 4.356883433145031449e+04 3.522080647656382268e+01 1.527856448844172070e+13 0.000000000000000000e+00 4.222460730515026835e+24
2.929730380596245173e+06 4.339496342619310599e+04 3.639257218667276561e+01 1.512126304714074805e+13 0.000000000000000000e+00 4.680182140315069227e+24
3.030755566134046763e+06 4.321432523155734816e+04 3.755536432006156389e+01 1.495949518602381836e+13 0.000000000000000000e+00 5.168578954488997168e+24
3.131780751671848353e+06 4.302881547858440899e+04 3.870888686886809893e+01 1.479336467295445898e+13 0.000000000000000000e+00 5.688426449711748029e+24
3.232805937209649943e+06 4.283643035477443482e+04 3.985284475149185823e+01 1.462297815998937695e+13 0.000000000000000000e+00 6.240473860967725680e+24
3.333831122747451533e+06 4.263925789396882465e+04 4.098694381259396380e+01 1.444844518337846094e+13 0.000000000000000000e+00 6.825444381550806932e+24
3.434856308285253122e+06 4.243532776842468593e+04 4.211089082309715081e+01 1.426987816356478711e+13 0.000000000000000000e+00 7.444035163064335094e+24
3.535881493823054712e+06 4.222643181252305658e+04 4.322439348018578187e+01 1.408739240518460547e+13 0.000000000000000000e+00 8.096917315421132860e+24
3.636906679360856302e+06 4.201128069271241839e+04 4.432716040730582563e+01 1.390110609706735547e+13 0.000000000000000000e+00 8.784735906843482980e+24
3.737931864898657892e+06 4.179065804774970456e+04 4.541890355697646697e+01 1.371113857965843945e+13 0.000000000000000000e+00 9.508094028949008811e+24
3.838957050436459482e+06 4.156459414455573278e+04 4.649934474020558639e+01 1.351760866028554883e+13 0.000000000000000000e+00 1.026753622997926392e+25
3.939982235974261072e+06 4.133227011101350945e+04 4.756820455069805575e+01 1.332064177334115039e+13 0.000000000000000000e+00 1.106361363315415943e+25
4.041007421512062661e+06 4.109482589395676041e+04 4.862520389554042310e+01 1.312036520096714844e+13 0.000000000000000000e+00 1.189684063150892570e+25
4.142032607049863786e+06 4.085172003750360454e+04 4.967006429827364400e+01 1.291690774843904492e+13 0.000000000000000000e+00 1.276769192723486581e+25
4.243057792587665841e+06 4.060262603518195101e+04 5.070250789889310283e+01 1.271039974416593359e+13 0.000000000000000000e+00 1.367660253167936309e+25
4.344082978125466965e+06 4.034830881668887014e+04 5.172225745384857731e+01 1.250097303969051172e+13 0.000000000000000000e+00 1.462396776534584678e+25
4.445108163663269021e+06 4.008870752186299069e+04 5.272903633604428819e+01 1.228876100968906836e+13 0.000000000000000000e+00 1.561014325789385000e+25
4.546133349201070145e+06 3.982305840548575361e+04 5.372256853483882821e+01 1.207389855197149805e+13 0.000000000000000000e+00 1.663544494813894529e+25
4.647158534738872200e+06 3.955192712641999242e+04 5.470257865604524739e+01 1.185652208748127930e+13 0.000000000000000000e+00 1.770014908405280694e+25
4.748183720276673324e+06 3.927547931834659539e+04 5.566879192193096060e+01 1.163676956029550000e+13 0.000000000000000000e+00 1.880449222276314655e+25
4.849208905814474449e+06 3.899368406008381135e+04 5.662093417121784000e+01 1.141478043762483789e+13 0.000000000000000000e+00 1.994867123055377958e+25
4.950234091352276504e+06 3.870650710271431308e+04 5.755873185908217238e+01 1.119069570981356641e+13 0.000000000000000000e+00 2.113284328286459100e+25
5.051259276890077628e+06 3.841390796958455758e+04 5.848191205715460939e+01 1.096465789033956641e+13 0.000000000000000000e+00 2.235712586429149881e+25
5.152284462427879684e+06 3.811555355529132066e+04 5.939020245352026706e+01 1.073681101581429883e+13 0.000000000000000000e+00 2.362159676858654420e+25
5.253309647965680808e+06 3.781184868327213917e+04 6.028333135271864052e+01 1.050730064598283984e+13 0.000000000000000000e+00 2.492629409865779277e+25
5.354334833503482863e+06 3.750281093216953741e+04 6.116102737080797169e+01 1.027627381498836133e+13 0.000000000000000000e+00 2.627121528596423285e+25
5.455360019041283987e+06 3.718842398980844882e+04 6.202300690452149468e+01 1.004387624623104492e+13 0.000000000000000000e+00 2.765626636837791309e+25
5.556385204579086043e+06 3.686869456771282421e+04 6.286900640437673360e+01 9.810255724433011719e+12 0.000000000000000000e+00 2.908134345290627294e+25
5.657410390116887167e+06 3.654363696086906566e+04 6.369877201380140974e+01 9.575562049292078125e+12 0.000000000000000000e+00 3.054632297794501272e+25
5.758435575654689223e+06 3.621327300356375054e+04 6.451204657028452516e+01 9.339945356749210938e+12 0.000000000000000000e+00 3.205102545841354687e+25
5.859460761192490347e+06 3.587735248870083888e+04 6.530856960537630584e+01 9.103556118988562500e+12 0.000000000000000000e+00 3.359521548575488372e+25
5.960485946730292402e+06 3.553595943739922950e+04 6.608807734468825856e+01 8.866545144437431641e+12 0.000000000000000000e+00 3.517860172793571997e+25
6.061511132268093526e+06 3.518925863236634177e+04 6.685030270789310691e+01 8.629063577766300781e+12 0.000000000000000000e+00 3.680083692944636335e+25
6.162536317805895582e+06 3.483729943369491957e+04 6.759497530872488369e+01 8.391262899888804688e+12 0.000000000000000000e+00 3.846151791130082287e+25
6.263561503343696706e+06 3.448013959224686550e+04 6.832182145497880299e+01 8.153294927961755859e+12 0.000000000000000000e+00 4.016018557103668852e+25
6.364586688881498761e+06 3.411733667897537816e+04 6.903056414851140232e+01 7.915311815385123047e+12 0.000000000000000000e+00 4.189632488271527729e+25
6.465611874419299886e+06 3.374892272553955263e+04 6.972092308524042892e+01 7.677466051802050781e+12 0.000000000000000000e+00 4.366936489692147000e+25
6.566637059957101010e+06 3.337543129470430722e+04 7.039261465514488236e+01 7.439910463098843750e+12 0.000000000000000000e+00 4.547867874076386590e+25
6.667662245494903065e+06 3.299615730207687739e+04 7.104535194226505723e+01 7.202798211404968750e+12 0.000000000000000000e+00 4.732358361787470536e+25
6.768687431032704189e+06 3.261139717354626191e+04 7.167884472470245782e+01 6.966282795093072266e+12 0.000000000000000000e+00 4.920334080840981831e+25
6.869712616570506245e+06 3.222116657308928188e+04 7.229279947461984079e+01 6.730518048778953125e+12 0.000000000000000000e+00 5.111715566904876173e+25
6.970737802108307369e+06 3.182515494140928786e+04 7.288691935824125778e+01 6.495658143321585938e+12 0.000000000000000000e+00 5.306417763299467357e+25
7.071762987646109425e+06 3.142344996715689922e+04 7.346092174756620352e+01 6.261856308781012695e+12 0.000000000000000000e+00 5.504350676570542589e+25
7.172788173183910549e+06 3.101629410265121260e+04 7.401452903450974929e+01 6.029265672906438477e+12 0.000000000000000000e+00 5.705416014570173857e+25
7.273813358721712604e+06 3.060269683012367750e+04 7.454742318239254928e+01 5.798041191160384766e+12 0.000000000000000000e+00 5.909507208915710095e+25
7.374838544259513728e+06 1.714173854571733682e+04 7.449359237008779644e+01 5.619479521632197266e+12 0.000000000000000000e+00 6.070413499561034059e+25
7.475863729797315784e+06 1.698414804064264172e+04 7.392021069190116123e+01 5.491560261704830078e+12 0.000000000000000000e+00 6.189852121880751281e+25
7.576888915335116908e+06 1.682756007907735693e+04 7.337562562601500815e+01 5.365773266560838867e+12 0.000000000000000000e+00 6.311433081109210326e+25
7.677914100872918963e+06 1.667189833011790324e+04 7.285808340430617136e+01 5.242044958719445312e+12 0.000000000000000000e+00 6.435148274911831024e+25
7.778939286410720088e+06 1.651709536079864120e+04 7.236591667329797417e+01 5.120308233548190430e+12 0.000000000000000000e+00 6.560986555057512580e+25
7.879964471948522143e+06 1.636308814254345998e+04 7.189754387528246582e+01 5.000502254024675781e+12 0.000000000000000000e+00 6.688933834396740965e+25
7.980989657486323267e+06 1.620981210455195105e+04 7.145147887866221481e+01 4.882567416893189453e+12 0.000000000000000000e+00 6.818977072121401101e+25
8.082014843024125323e+06 1.605721042262500850e+04 7.102637663810270396e+01 4.766449378447359375e+12 0.000000000000000000e+00 6.951102494694258055e+25
8.183040028561926447e+06 1.590522986035934809e+04 7.062096798118511742e+01 4.652098497083617188e+12 0.000000000000000000e+00 7.085294071269744313e+25
8.284065214099727571e+06 1.575381755982119103e+04 7.023404221712581830e+01 4.539467751004865234e+12 0.000000000000000000e+00 7.221534553569450398e+25
8.385090399637529626e+06 1.560292580454267227e+04 6.986444713677637708e+01 4.428512738220477539e+12 0.000000000000000000e+00 7.359805475882119712e+25
8.486115585175331682e+06 1.545250668286682230e+04 6.951108901262351480e+01 4.319191676546305176e+12 0.000000000000000000e+00 7.500087155063645103e+25
8.587140770713131875e+06 1.530251488808061185e+04 6.917293259878914569e+01 4.211465403604671387e+12 0.000000000000000000e+00 7.642358690537073159e+25
8.688165956250933930e+06 1.515290875137807598e+04 6.884900113103039132e+01 4.105297376824368164e+12 0.000000000000000000e+00 7.786597964292609365e+25
8.789191141788735986e+06 1.500364879302408735e+04 6.853837632673952385e+01 4.000653673440665039e+12 0.000000000000000000e+00 7.932781640887603494e+25
8.890216327326538041e+06 1.485469899140189955e+04 6.824019838494399437e+01 3.897502990495302734e+12 0.000000000000000000e+00 8.080885167446565933e+25
8.991241512864338234e+06 1.470592294676281017e+04 6.795366598630650401e+01 3.795816644836498047e+12 0.000000000000000000e+00 8.230882773661153078e+25
9.092266698402140290e+06 1.455726196522999817e+04 6.767803585157872703e+01 3.695568559569204102e+12 0.000000000000000000e+00 8.382747463989339352e+25
9.193291883939942345e+06 1.440879743484260325e+04 6.741254767134330450e+01 3.596733040237270508e+12 0.000000000000000000e+00 8.536449644159034681e+25
9.294317069477744401e+06 1.426050277129009555e+04 6.715648732720742942e+01 3.499286770232207520e+12 0.000000000000000000e+00 8.691958208673876796e+25
9.395342255015544593e+06 1.411235287654606327e+04 6.690921260352621402e+01 3.403209174430679199e+12 0.000000000000000000e+00 8.849241251741647712e+25
9.496367440553346649e+06 1.396427543457651336e+04 6.667010353318993054e+01 3.308480812664771973e+12 0.000000000000000000e+00 9.008265239613765748e+25
9.597392626091148704e+06 1.381601912973562867e+04 6.643856239762395433e+01 3.215083379722003418e+12 0.000000000000000000e+00 9.168995010585276934e+25
9.698417811628948897e+06 1.366782842531690039e+04 6.621401372678884911e+01 3.122999705345318359e+12 0.000000000000000000e+00 9.331393774994856734e+25
9.799442997166750953e+06 1.351968215259684439e+04 6.599590429918028178e+01 3.032213754233082520e+12 0.000000000000000000e+00 9.495423115224815195e+25
9.900468182704553008e+06 1.337140265449668914e+04 6.578370314182909340e+01 2.942710626039094727e+12 0.000000000000000000e+00 9.661042985701093512e+25
1.000149336824235506e+07 1.322288716380026926e+04 6.557690153030122815e+01 2.854476555372578613e+12 0.000000000000000000e+00 9.828211712893257158e+25
1.010251855378015526e+07 1.307435729587827154e+04 6.537501298869783284e+01 2.767498911798185547e+12 0.000000000000000000e+00 9.996885995314502757e+25
1.020354373931795731e+07 1.292560336461309271e+04 6.517757328965514318e+01 2.681766199835990234e+12 0.000000000000000000e+00 1.016702090352167010e+26
1.030456892485575937e+07 1.277653280650782835e+04 6.498414045434454067e+01 2.597268058961497559e+12 0.000000000000000000e+00 1.033856988011521640e+26
1.040559411039356142e+07 1.262740589887758688e+04 6.479429475247258097e+01 2.513995263605638672e+12 0.000000000000000000e+00 1.051148473973923516e+26
1.050661929593136162e+07 1.247772866009136487e+04 6.460763870228095129e+01 2.431939723154771484e+12 0.000000000000000000e+00 1.068571566908144415e+26
1.060764448146916367e+07 1.232792925280326017e+04 6.442379707054645621e+01 2.351094481950678711e+12 0.000000000000000000e+00 1.086121122687320434e+26
1.070866966700696573e+07 1.217762065284793061e+04 6.424241687258107447e+01 2.271453719290572266e+12 0.000000000000000000e+00 1.103791834388949924e+26
1.080969485254476778e+07 1.202707230655484273e+04 6.406316243903779650e+01 2.193012549052027832e+12 0.000000000000000000e+00 1.121578200266326965e+26
1.091072003808256797e+07 1.187592437402792348e+04 6.388565920231800987e+01 2.115764663212440186e+12 0.000000000000000000e+00 1.139474230308204612e+26
1.101174522362037003e+07 1.172451144813668543e+04 6.370956884655510777e+01 2.039705341507770996e+12 0.000000000000000000e+00 1.157474003191294812e+26
1.111277040915817209e+07 1.157237562582369901e+04 6.353457382120338792e+01 1.964830990971656250e+12 0.000000000000000000e+00 1.175571430692670401e+26
1.121379559469597414e+07 1.141979660131737182e+04 6.336036281360557609e+01 1.891138574821161621e+12 0.000000000000000000e+00 1.193760146886044273e+26
1.131482078023377433e+07 1.126673486105047050e+04 6.318663074899289711e+01 1.818625612456785156e+12 0.000000000000000000e+00 1.212033508141769551e+26
1.141584596577157639e+07 1.111285800203504550e+04 6.301307879048501093e+01 1.747290179462451416e+12 0.000000000000000000e+00 1.230384593126840279e+26
1.151687115130937845e+07 1.095835647324828278e+04 6.283941433909006236e+01 1.677130907605519287e+12 0.000000000000000000e+00 1.248806202804889181e+26
1.161789633684717864e+07 1.080318092733733465e+04 6.266535103370464554e+01 1.608146984836778809e+12 0.000000000000000000e+00 1.267290860436189730e+26
1.171892152238498069e+07 1.064725411152117704e+04 6.249060875111381819e+01 1.540338155290446777e+12 0.000000000000000000e+00 1.285830811577656316e+26
1.181994670792278275e+07 1.049050899639798081e+04 6.231491360599110862e+01 1.473704719284174805e+12 0.000000000000000000e+00 1.304418024082842183e+26
1.192097189346058480e+07 1.033287477649478387e+04 6.213799795089851585e+01 1.408247533319043457e+12 0.000000000000000000e+00 1.323044188101941151e+26
1.202199707899838500e+07 1.017429499804348598e+04 6.195960037628648820e+01 1.343968010079565674e+12 0.000000000000000000e+00 1.341700716081786755e+26
1.212302226453618705e+07 1.001471099595240594e+04 6.177946571049393754e+01 1.280868118433681152e+12 0.000000000000000000e+00 1.360378742765853790e+26
1.222404745007398911e+07 9.854074243882454539e+03 6.159734501974826060e+01 1.218950383432764160e+12 0.000000000000000000e+00 1.379069125194255908e+26
1.232507263561179116e+07 9.692338081382898963e+03 6.141299560816528924e+01 1.158217886311619141e+12 0.000000000000000000e+00 1.397762442703747162e+26
1.242609782114959136e+07 9.529470196104237402e+03 6.122618101774934019e+01 1.098674264488480957e+12 0.000000000000000000e+00 1.416448996927721838e+26
1.252712300668739341e+07 9.365201429532537077e+03 6.103667102839318659e+01 1.040323711565012207e+12 0.000000000000000000e+00 1.435118811796214792e+26
1.262814819222519547e+07 9.199624591339850667e+03 6.084424165787805805e+01 9.831709773263115234e+11 0.000000000000000000e+00 1.453761633535900084e+26
1.272917337776299752e+07 9.032577549662988531e+03 6.064864056368320888e+01 9.272213668496492920e+11 0.000000000000000000e+00 1.472366171451438193e+26
1.283019856330079772e+07 8.864015866714242293e+03 6.044959075693974171e+01 8.724802959481317139e+11 0.000000000000000000e+00 1.490920315470682468e+26
1.293122374883859977e+07 8.693662902000032773e+03 6.024684680290418726e+01 8.189537274353463135e+11 0.000000000000000000e+00 1.509412215268924524e+26
1.303224893437640183e+07 8.521543149944609468e+03 6.004015525525805685e+01 7.666485599816051025e+11 0.000000000000000000e+00 1.527829284128479398e+26
1.313327411991420202e+07 8.347478613456049061e+03 5.982925440167855413e+01 7.155726291469514160e+11 0.000000000000000000e+00 1.546158193020579667e+26
1.323429930545200408e+07 8.171310697449140207e+03 5.961387426383853949e+01 6.657347073811567383e+11 0.000000000000000000e+00 1.564384870605377511e+26
1.333532449098980613e+07 7.992901485973763556e+03 5.939373659740657274e+01 6.171445040237265625e+11 0.000000000000000000e+00 1.582494503231941452e+26
1.343634967652760819e+07 7.811879312414916058e+03 5.916855489204689889e+01 5.698126653038964844e+11 0.000000000000000000e+00 1.600471534938259271e+26
1.353737486206540838e+07 7.628252165012874684e+03 5.893803437141944102e+01 5.237507743406339722e+11 0.000000000000000000e+00 1.618299667451235776e+26
1.363840004760321043e+07 7.441608777026599455e+03 5.870187199317980742e+01 4.789713511426353149e+11 0.000000000000000000e+00 1.635961860186695037e+26
1.373942523314101249e+07 7.251651456983572643e+03 5.845974356700696717e+01 4.354884178121120605e+11 0.000000000000000000e+00 1.653439787571180567e+26
1.384045041867881455e+07 7.058034384735210551e+03 5.821130099991926699e+01 3.933173377273677979e+11 0.000000000000000000e+00 1.670713847682170239e+26
1.394147560421661474e+07 6.860411747243630089e+03 5.795617554891669698e+01 3.524751696846304932e+11 0.000000000000000000e+00 1.687763274439033586e+26
1.404250078975441679e+07 6.658217794605292511e+03 5.769395373879237354e+01 3.129820908737064209e+11 0.000000000000000000e+00 1.704565045893763932e+26
1.414352597529221885e+07 6.450919228513857888e+03 5.742417715822660540e+01 2.748614073724232483e+11 0.000000000000000000e+00 1.721093875239564349e+26
1.424455116083002090e+07 6.237683172174844003e+03 5.714634245978689364e+01 2.381395541466266479e+11 0.000000000000000000e+00 1.737322210810846280e+26
1.434557634636782110e+07 6.017678120410088013e+03 5.685990135992791750e+01 2.028460950501819458e+11 0.000000000000000000e+00 1.753220236083231943e+26
1.444660153190562315e+07 5.789696047473151339e+03 5.656424280375372859e+01 1.690147600809373474e+11 0.000000000000000000e+00 1.768755203691626670e+26
1.454762671744342521e+07 5.552184027123616943e+03 5.625861572042359171e+01 1.366880535189703522e+11 0.000000000000000000e+00 1.783888498039640812e+26
1.464865190298122540e+07 5.303085425428743292e+03 5.594213260165251711e+01 1.059174838509156647e+11 0.000000000000000000e+00 1.798575619099469598e+26
1.474967708851902746e+07 5.039444782959062650e+03 5.561371305894122941e+01 7.676708657603094482e+10 0.000000000000000000e+00 1.812764025794997522e+26
1.485070227405682951e+07 4.756836881272740357e+03 5.527200937404320058e+01 4.931806713475527954e+10 0.000000000000000000e+00 1.826390340142786214e+26
1.495172745959463157e+07 4.448121360805402219e+03 5.491516891869050454e+01 2.368405453968280029e+10 0.000000000000000000e+00 1.839371419220391934e+26
1.505275264513243176e+07 4.100198914210872317e+03 5.454058682148385628e+01 2.706509843375015259e+07 0.000000000000000000e+00 1.851595084288432470e+26
