# Radius (m)	Density (kg/m^3)	Gravity (m/s^2)	Pressure (Pa)	Temperature (K)	Mass Enclosed (kg)
0.000000000000000000e+00 4.284627233054719545e+04 0.000000000000000000e+00 1.463169343091438477e+13 0.000000000000000000e+00 0.000000000000000000e+00
9.815347103036960470e+04 4.284348021431108646e+04 1.175770554396663670e+00 1.462922095485736914e+13 0.000000000000000000e+00 1.697181044372568146e+20
1.963069420607392094e+05 4.283510560856248776e+04 2.351264824425478572e+00 1.462180507011284570e+13 0.000000000000000000e+00 1.357582762888018002e+21
2.944604130911087850e+05 4.282115376091259532e+04 3.526208584892316811e+00 1.460945042354790234e+13 0.000000000000000000e+00 4.580957815726760002e+21
3.926138841214784188e+05 4.280163337653958297e+04 4.700325623411452547e+00 1.459216472377592383e+13 0.000000000000000000e+00 1.085543461774457989e+22
4.907673551518480526e+05 4.277655664471875934e+04 5.873342146501695282e+00 1.456995876464958398e+13 0.000000000000000000e+00 2.119453534213809740e+22
5.889208261822175700e+05 4.274593921678564220e+04 7.044983583836724961e+00 1.454284640574675977e+13 0.000000000000000000e+00 3.660892122960206234e+22
6.870742972125872038e+05 4.270980017944396241e+04 8.214975744510610411e+00 1.451084454873413281e+13 0.000000000000000000e+00 5.810448555176191695e+22
7.852277682429568376e+05 4.266816205468551198e+04 9.383045043660112938e+00 1.447397313729624219e+13 0.000000000000000000e+00 8.668227308573780083e+22
8.833812392733264714e+05 4.262076828908832977e+04 1.054891834159700537e+01 1.443225515930902734e+13 0.000000000000000000e+00 1.233384008152007636e+23
9.815347103036961053e+05 4.256761980328855861e+04 1.171231236140225818e+01 1.438571683304873828e+13 0.000000000000000000e+00 1.690600245295801770e+23
1.079688181334065739e+06 4.250899977267868235e+04 1.287294636608153553e+01 1.433438746648525586e+13 0.000000000000000000e+00 2.248314940106545278e+23
1.177841652364435140e+06 4.244494490886418498e+04 1.403054665907030341e+01 1.427829920534480859e+13 0.000000000000000000e+00 2.916299832518127450e+23
1.275995123394804774e+06 4.237549520985312120e+04 1.518484112783781548e+01 1.421748707302118359e+13 0.000000000000000000e+00 3.704217252726865868e+23
1.374148594425174408e+06 4.230069396005602903e+04 1.633555924388710068e+01 1.415198897057573047e+13 0.000000000000000000e+00 4.621620121191496517e+23
1.472302065455544041e+06 4.222002562599882367e+04 1.748243206275497741e+01 1.408184567673736133e+13 0.000000000000000000e+00 5.677951948633174452e+23
1.570455536485913675e+06 4.213369918694705120e+04 1.862519222401203933e+01 1.400710084790255078e+13 0.000000000000000000e+00 6.882546836035482524e+23
1.668609007516283309e+06 4.204211195572407451e+04 1.976357395126267136e+01 1.392780101813533789e+13 0.000000000000000000e+00 8.244629474644423994e+23
1.766762478546652943e+06 4.194532100034253381e+04 2.089731305214502655e+01 1.384399559916732227e+13 0.000000000000000000e+00 9.773315145968419854e+23
1.864915949577022577e+06 4.184275368632025493e+04 2.202614686348379891e+01 1.375573687505098633e+13 0.000000000000000000e+00 1.147760884014009694e+24
1.963069420607392211e+06 4.173451908595794521e+04 2.314979830423543561e+01 1.366307885585585156e+13 0.000000000000000000e+00 1.336620007508541935e+24
2.061222891637761611e+06 4.162121317483375606e+04 2.426798857308150659e+01 1.356607936352416211e+13 0.000000000000000000e+00 1.544776236316158933e+24
2.159376362668131478e+06 4.150257780160728726e+04 2.538044963351215699e+01 1.346479984090471289e+13 0.000000000000000000e+00 1.773095992379282230e+24
2.257529833698500879e+06 4.137794554924665135e+04 2.648691444557452712e+01 1.335930404917762500e+13 0.000000000000000000e+00 2.022424453267222319e+24
2.355683304728870280e+06 4.124841028162228031e+04 2.758711696587278794e+01 1.324965806785433398e+13 0.000000000000000000e+00 2.293585552176186560e+24
2.453836775759240147e+06 4.111342420733649487e+04 2.868079214756813755e+01 1.313593029477759180e+13 0.000000000000000000e+00 2.587381977929275964e+24
2.551990246789609548e+06 4.097274121300675324e+04 2.976767594037876563e+01 1.301819144612147461e+13 0.000000000000000000e+00 2.904595174976480355e+24
2.650143717819979414e+06 4.082735275895489758e+04 3.084750529057990320e+01 1.289651455639137109e+13 0.000000000000000000e+00 3.245985343394688035e+24
2.748297188850348815e+06 4.067583048311129096e+04 3.192001814100377999e+01 1.277097497842399609e+13 0.000000000000000000e+00 3.612291438887676127e+24
2.846450659880718682e+06 4.051954325287113898e+04 3.298495343103967059e+01 1.264165038338737891e+13 0.000000000000000000e+00 4.004231172786120227e+24
2.944604130911088083e+06 4.035765734258415614e+04 3.404205109663382700e+01 1.250862076078086523e+13 0.000000000000000000e+00 4.422501012047582605e+24
3.042757601941457950e+06 4.019061438351467223e+04 3.509105207028956386e+01 1.237196841843512695e+13 0.000000000000000000e+00 4.867776179256526153e+24
3.140911072971827351e+06 4.001825551745583653e+04 3.613169828106718029e+01 1.223177798251214844e+13 0.000000000000000000e+00 5.340710652624298287e+24
3.239064544002196752e+06 3.984066162535641342e+04 3.716373265458400255e+01 1.208813639750523633e+13 0.000000000000000000e+00 5.841937165989146511e+24
3.337218015032566618e+06 3.965774641893382068e+04 3.818689911301439111e+01 1.194113292623901172e+13 0.000000000000000000e+00 6.372067208816211442e+24
3.435371486062936019e+06 3.946980519376354641e+04 3.920094257508969093e+01 1.179085914986941992e+13 0.000000000000000000e+00 6.931691026197522510e+24
3.533524957093305886e+06 3.927628818684208090e+04 4.020560895609830254e+01 1.163740896788372266e+13 0.000000000000000000e+00 7.521377618852007626e+24
3.631678428123675287e+06 3.907826145166927745e+04 4.120063890728221878e+01 1.148087719260487305e+13 0.000000000000000000e+00 8.141652981936286136e+24
3.729831899154045153e+06 3.887414258767350111e+04 4.218577200310365782e+01 1.132135945048228320e+13 0.000000000000000000e+00 8.792998612100595627e+24
3.827985370184414554e+06 3.866542081220404361e+04 4.316076318633950848e+01 1.115895565127504688e+13 0.000000000000000000e+00 9.475906829135586840e+24
3.926138841214784421e+06 3.845159061578630644e+04 4.412536732658329441e+01 1.099376714515018750e+13 0.000000000000000000e+00 1.019083755879077664e+25
4.024292312245153822e+06 3.823220686130088143e+04 4.507933883980718548e+01 1.082589664654069531e+13 0.000000000000000000e+00 1.093821716066705835e+25
4.122445783275523223e+06 3.800810134313767776e+04 4.602243168836197640e+01 1.065544823414551758e+13 0.000000000000000000e+00 1.171843842821671894e+25
4.220599254305892624e+06 3.777903124015251524e+04 4.695439938097706545e+01 1.048252735092956641e+13 0.000000000000000000e+00 1.253186058874343257e+25
4.318752725336262956e+06 3.754430866404729750e+04 4.787499497276052551e+01 1.030724080412371289e+13 0.000000000000000000e+00 1.337880930340226491e+25
4.416906196366632357e+06 3.730477236721260124e+04 4.878397106519900461e+01 1.012969676522480078e+13 0.000000000000000000e+00 1.425957666719964518e+25
4.515059667397001758e+06 3.706036874632815307e+04 4.968107980615781116e+01 9.950004769995625000e+12 0.000000000000000000e+00 1.517442120899341774e+25
4.613213138427371159e+06 3.681105068241969275e+04 5.056607288988086424e+01 9.768275718464945312e+12 0.000000000000000000e+00 1.612356789149280340e+25
4.711366609457740560e+06 3.655620857397862710e+04 5.143870155699073621e+01 9.584621874927490234e+12 0.000000000000000000e+00 1.710720811125840588e+25
4.809520080488110892e+06 3.629639975847459573e+04 5.229871659448859589e+01 9.399156867943937500e+12 0.000000000000000000e+00 1.812549969870223327e+25
4.907673551518480293e+06 3.603165624597667193e+04 5.314586833575425828e+01 9.211995690340941406e+12 0.000000000000000000e+00 1.917856691808764865e+25
5.005827022548849694e+06 3.576194955392320117e+04 5.397990666054615616e+01 9.023254699211111328e+12 0.000000000000000000e+00 2.026650046752943022e+25
5.103980493579219095e+06 3.548725722884085553e+04 5.480058099500135427e+01 8.833051615913019531e+12 0.000000000000000000e+00 2.138935747899372834e+25
5.202133964609589428e+06 3.520756392103416147e+04 5.560764031163556353e+01 8.641505526071196289e+12 0.000000000000000000e+00 2.254716151829809990e+25
5.300287435639958829e+06 3.492285763522153138e+04 5.640083016332508947e+01 8.448735225342003906e+12 0.000000000000000000e+00 2.373987092974245836e+25
5.398440906670328230e+06 3.463312969965298544e+04 5.717991030194796309e+01 8.254859466300575195e+12 0.000000000000000000e+00 2.496740583402210341e+25
5.496594377700697631e+06 3.433838285631241160e+04 5.794465219108604259e+01 8.059999631700986328e+12 0.000000000000000000e+00 2.622969315658045178e+25
5.594747848731067032e+06 3.403862212780182017e+04 5.869482347617303475e+01 7.864277587190421875e+12 0.000000000000000000e+00 2.752661178619381971e+25
5.692901319761437364e+06 3.373386057291328325e+04 5.943018790946631924e+01 7.667815664098067383e+12 0.000000000000000000e+00 2.885799219189307206e+25
5.791054790791806765e+06 3.342411886714847060e+04 6.015050535004689891e+01 7.470736659435106445e+12 0.000000000000000000e+00 3.022361642296357076e+25
5.889208261822176166e+06 3.310942124776990386e+04 6.085553176381950635e+01 7.273163835894716797e+12 0.000000000000000000e+00 3.162321810894526933e+25
5.987361732852545567e+06 3.278972008521537646e+04 6.154501922351249021e+01 7.075220921852078125e+12 0.000000000000000000e+00 3.305648245963263556e+25
6.085515203882915899e+06 3.246448820698435520e+04 6.221871590867789337e+01 6.877032111364363281e+12 0.000000000000000000e+00 3.452304626507470733e+25
6.183668674913285300e+06 3.213432713829776912e+04 6.287636610569141027e+01 6.678722064170749023e+12 0.000000000000000000e+00 3.602249789557500672e+25
6.281822145943654701e+06 3.179929166205938964e+04 6.351771020775240828e+01 6.480415905692405273e+12 0.000000000000000000e+00 3.755437730169165169e+25
6.379975616974024102e+06 3.145887823976665823e+04 6.414248471488392056e+01 6.282239227032500000e+12 0.000000000000000000e+00 3.911817601423728734e+25
6.478129088004393503e+06 3.111314337006277492e+04 6.475042223393265317e+01 6.084318084976199219e+12 0.000000000000000000e+00 4.071333714427908594e+25
6.576282559034763835e+06 3.076262496962085424e+04 6.534125147856894955e+01 5.886779001990667969e+12 0.000000000000000000e+00 4.233925538313878554e+25
6.674436030065133236e+06 3.040610531578792870e+04 6.591469726928686157e+01 5.689748966225070312e+12 0.000000000000000000e+00 4.399527700239261270e+25
6.772589501095502637e+06 3.004489225733383500e+04 6.647048053340407137e+01 5.493355431510564453e+12 0.000000000000000000e+00 4.568069985387140703e+25
6.870742972125872038e+06 2.967758066222110574e+04 6.700831841681635126e+01 5.297726315777962891e+12 0.000000000000000000e+00 4.739477329223025500e+25
6.968896443156242371e+06 2.930516882582980179e+04 6.752794847838093517e+01 5.102988860169327148e+12 0.000000000000000000e+00 4.913669039353917210e+25
7.067049914186611772e+06 2.892715043508364033e+04 6.802911264605592123e+01 4.909269188053229492e+12 0.000000000000000000e+00 5.090558665251527457e+25
7.165203385216981173e+06 1.601368840968560107e+04 6.830507098819973066e+01 4.733624884052847656e+12 0.000000000000000000e+00 5.254172332932997511e+25
7.263356856247350574e+06 1.587180094443109920e+04 6.776631717109506781e+01 4.627156428465742188e+12 0.000000000000000000e+00 5.356522933967182906e+25
7.361510327277719975e+06 1.573075760226113198e+04 6.725485825418276420e+01 4.522447164303067383e+12 0.000000000000000000e+00 5.460744223049813943e+25
7.459663798308090307e+06 1.559049500339135193e+04 6.676901894855862452e+01 4.419436636656386719e+12 0.000000000000000000e+00 5.566828791564077431e+25
7.557817269338459708e+06 1.545095101938204243e+04 6.630725507880970326e+01 4.318068169871602539e+12 0.000000000000000000e+00 5.674769171769642828e+25
7.655970740368829109e+06 1.531206708817650724e+04 6.586811043692858902e+01 4.218288883336050781e+12 0.000000000000000000e+00 5.784556653557079630e+25
7.754124211399198510e+06 1.517378835928022272e+04 6.545020710100517647e+01 4.120049310560272461e+12 0.000000000000000000e+00 5.896181254171397669e+25
7.852277682429568842e+06 1.503606263347075219e+04 6.505224543522662373e+01 4.023303399178012695e+12 0.000000000000000000e+00 6.009631718212053980e+25
7.950431153459938243e+06 1.489884130790350537e+04 6.467300408987740923e+01 3.928008510946224121e+12 0.000000000000000000e+00 6.124895517632947656e+25
8.048584624490307644e+06 1.476207723646687009e+04 6.431133988569079918e+01 3.834125414095176758e+12 0.000000000000000000e+00 6.241958854955480580e+25
8.146738095520677045e+06 1.462572414470814329e+04 6.396614445376909686e+01 3.741615041555503906e+12 0.000000000000000000e+00 6.360808210158238046e+25
8.244891566551046446e+06 1.448973856501816408e+04 6.363641110243521837e+01 3.650442254574352539e+12 0.000000000000000000e+00 6.481429000946173672e+25
8.343045037581416778e+06 1.435408512059166242e+04 6.332122092570959637e+01 3.560576501425310547e+12 0.000000000000000000e+00 6.603804382332173000e+25
8.441198508611785248e+06 1.421872667620845641e+04 6.301969017574776188e+01 3.471988711999340820e+12 0.000000000000000000e+00 6.727916346056076629e+25
8.539351979642156512e+06 1.408356291335001879e+04 6.273097026284028033e+01 3.384651297804772949e+12 0.000000000000000000e+00 6.853745720584697389e+25
8.637505450672525913e+06 1.394853301776073567e+04 6.245424775541285811e+01 3.298538151967318848e+12 0.000000000000000000e+00 6.981272171111791141e+25
8.735658921702895314e+06 1.381368303311106865e+04 6.218874438002623606e+01 3.213624649230056152e+12 0.000000000000000000e+00 7.110474199558085118e+25
8.833812392733264714e+06 1.367898587774715634e+04 6.193371702137625334e+01 3.129887645953437500e+12 0.000000000000000000e+00 7.241329144571262467e+25
8.931965863763634115e+06 1.354441081094900801e+04 6.168845772229383329e+01 3.047305480115288574e+12 0.000000000000000000e+00 7.373813181525967402e+25
9.030119334794003516e+06 1.340993186408070324e+04 6.145229368374496914e+01 2.965857971310807617e+12 0.000000000000000000e+00 7.507901322523801768e+25
9.128272805824372917e+06 1.327552257934724003e+04 6.122458726483074543e+01 2.885526420752565918e+12 0.000000000000000000e+00 7.643567416393330194e+25
9.226426276854742318e+06 1.314092410492535600e+04 6.100473598278730947e+01 2.806293611270508789e+12 0.000000000000000000e+00 7.780784148690072363e+25
9.324579747885111719e+06 1.300630717657455534e+04 6.079217251298592117e+01 2.728143807311952148e+12 0.000000000000000000e+00 7.919523041696512463e+25
9.422733218915481120e+06 1.287168340787065608e+04 6.058636468893288907e+01 2.651062754941585938e+12 0.000000000000000000e+00 8.059754454422093168e+25
9.520886689945852384e+06 1.273703553759441274e+04 6.038681550226961292e+01 2.575037681841473145e+12 0.000000000000000000e+00 8.201447582603216505e+25
9.619040160976221785e+06 1.260210150860766407e+04 6.019306310277259087e+01 2.500057297311051758e+12 0.000000000000000000e+00 8.344570458703240410e+25
9.717193632006591186e+06 1.246700468441512385e+04 6.000468079157636936e+01 2.426111792043861816e+12 0.000000000000000000e+00 8.489089951721318330e+25
9.815347103036960587e+06 1.233183158805068160e+04 5.982120507631415052e+01 2.353190479606237793e+12 0.000000000000000000e+00 8.634969860365327694e+25
9.913500574067329988e+06 1.219635580720362123e+04 5.964217009000746827e+01 2.281282934939389160e+12 0.000000000000000000e+00 8.782172262371519035e+25
1.001165404509769939e+07 1.206057105995486199e+04 5.946717656425273901e+01 2.210381181129931641e+12 0.000000000000000000e+00 8.930659133193051512e+25
1.010980751612806879e+07 1.192466849615913270e+04 5.929583655474871762e+01 2.140477850045760254e+12 0.000000000000000000e+00 9.080390674247352912e+25
1.020796098715843819e+07 1.178822629323236106e+04 5.912777344129646906e+01 2.071566182336048340e+12 0.000000000000000000e+00 9.231325312916116215e+25
1.030611445818880759e+07 1.165158535248441694e+04 5.896262192779941813e+01 2.003640027431247559e+12 0.000000000000000000e+00 9.383419702545303031e+25
1.040426792921917886e+07 1.151447953362177941e+04 5.880002804226327839e+01 1.936693843543088379e+12 0.000000000000000000e+00 9.536628722445150470e+25
1.050242140024954826e+07 1.137701745668640433e+04 5.863964913679613744e+01 1.870722697664581543e+12 0.000000000000000000e+00 9.690905477890152249e+25
1.060057487127991766e+07 1.123904584413428711e+04 5.848115388760836453e+01 1.805722265570014648e+12 0.000000000000000000e+00 9.846201300119081017e+25
1.069872834231028706e+07 1.110069364533042062e+04 5.832422229501270294e+01 1.741688831814954102e+12 0.000000000000000000e+00 1.000246574633497290e+26
1.079688181334065646e+07 1.096166682165043312e+04 5.816854568342418474e+01 1.678619289736244873e+12 0.000000000000000000e+00 1.015964659970513438e+26
1.089503528437102586e+07 1.082223434036045728e+04 5.801382670136020892e+01 1.616511141452011230e+12 0.000000000000000000e+00 1.031768986936114055e+26
1.099318875540139526e+07 1.068212719476793427e+04 5.785977932144046321e+01 1.555362497861655518e+12 0.000000000000000000e+00 1.047653979039883343e+26
1.109134222643176466e+07 1.054135538065613218e+04 5.770612884038699519e+01 1.495172078645859375e+12 0.000000000000000000e+00 1.063613882387832539e+26
1.118949569746213406e+07 1.039997890565929629e+04 5.755261187902417674e+01 1.435939212266583008e+12 0.000000000000000000e+00 1.079642765682399569e+26
1.128764916849250533e+07 1.025792834525324542e+04 5.739897638227868981e+01 1.377663835967062988e+12 0.000000000000000000e+00 1.095734520222449911e+26
1.138580263952287473e+07 1.011506377838267144e+04 5.724498161917956907e+01 1.320346495771819092e+12 0.000000000000000000e+00 1.111882859903274188e+26
1.148395611055324413e+07 9.971355351779515331e+03 5.709038778077772491e+01 1.263988157816435791e+12 0.000000000000000000e+00 1.128081173116485625e+26
1.158210958158361353e+07 9.826813950854477298e+03 5.693492392464953156e+01 1.208589359045358887e+12 0.000000000000000000e+00 1.144322202271110965e+26
1.168026305261398293e+07 9.681377810043686623e+03 5.677835059139365370e+01 1.154151316949682129e+12 0.000000000000000000e+00 1.160598953243866243e+26
1.177841652364435233e+07 9.534996332651287958e+03 5.662043303842591513e+01 1.100675811964329590e+12 0.000000000000000000e+00 1.176904131253190811e+26
1.187656999467472173e+07 9.387611288801035698e+03 5.646093693182486817e+01 1.048165127718777832e+12 0.000000000000000000e+00 1.193230070306244083e+26
1.197472346570509113e+07 9.239065660677628330e+03 5.629962834633177948e+01 9.966220510370559082e+11 0.000000000000000000e+00 1.209568733198905529e+26
1.207287693673546053e+07 9.089350073190613330e+03 5.613627376535064428e+01 9.460498719377463379e+11 0.000000000000000000e+00 1.225911711515774340e+26
1.217103040776583180e+07 8.938469545656111222e+03 5.597064008094817922e+01 8.964523836339820557e+11 0.000000000000000000e+00 1.242250225630170621e+26
1.226918387879620120e+07 8.786272935519031307e+03 5.580249459385384370e+01 8.478338825334523926e+11 0.000000000000000000e+00 1.258575124704132996e+26
1.236733734982657060e+07 8.632628881203976562e+03 5.563160501345979014e+01 8.001991682383962402e+11 0.000000000000000000e+00 1.274876886688421348e+26
1.246549082085694000e+07 8.477520406864008692e+03 5.545773945782092085e+01 7.535535435456054688e+11 0.000000000000000000e+00 1.291145618322515107e+26
1.256364429188730940e+07 8.320873289030529122e+03 5.528066645365485243e+01 7.079028144464252930e+11 0.000000000000000000e+00 1.307371055134613760e+26
1.266179776291767880e+07 8.162389951456918425e+03 5.510015493634192296e+01 6.632532901267530518e+11 0.000000000000000000e+00 1.323542561441636858e+26
1.275995123394804820e+07 8.002093822361307502e+03 5.491597424992521326e+01 6.196117829670389404e+11 0.000000000000000000e+00 1.339649130349224180e+26
1.285810470497841761e+07 7.839829975222657595e+03 5.472789414711049716e+01 5.769856085422854004e+11 0.000000000000000000e+00 1.355679383751734880e+26
1.295625817600878701e+07 7.675383338670959347e+03 5.453566170782342937e+01 5.353831826002143555e+11 0.000000000000000000e+00 1.371620894338724799e+26
1.305441164703915827e+07 7.508562787017584924e+03 5.433900178495095190e+01 4.948137595905167236e+11 0.000000000000000000e+00 1.387460263433313253e+26
1.315256511806952767e+07 7.339257382564061118e+03 5.413764869343694386e+01 4.552869770508081055e+11 0.000000000000000000e+00 1.403183922441477642e+26
1.325071858909989707e+07 7.167168125723323101e+03 5.393131792352625098e+01 4.168138570094865112e+11 0.000000000000000000e+00 1.418777217645631238e+26
1.334887206013026647e+07 6.991961331652441004e+03 5.371970595916964442e+01 3.794068113994713135e+11 0.000000000000000000e+00 1.434224404655178918e+26
1.344702553116063587e+07 6.813354963661573493e+03 5.350249027802379942e+01 3.430796420582019653e+11 0.000000000000000000e+00 1.449508648406517341e+26
1.354517900219100527e+07 6.631057574278142056e+03 5.327932935145131665e+01 3.078475407276384888e+11 0.000000000000000000e+00 1.464612023163034773e+26
1.364333247322137468e+07 6.444521426607660032e+03 5.304986264452071509e+01 2.737270890542611694e+11 0.000000000000000000e+00 1.479515512515111771e+26
1.374148594425174408e+07 6.253270804925123230e+03 5.281369188647222046e+01 2.407372403118401794e+11 0.000000000000000000e+00 1.494198289254349906e+26
1.383963941528211348e+07 6.056630930282761256e+03 5.257037824156066819e+01 2.088992857056476135e+11 0.000000000000000000e+00 1.508637685687531930e+26
1.393779288631248474e+07 5.853743083908831977e+03 5.231942864779234270e+01 1.782379222915805969e+11 0.000000000000000000e+00 1.522808636261188190e+26
1.403594635734285414e+07 5.643615018109823723e+03 5.206026334544203849e+01 1.487831705201956177e+11 0.000000000000000000e+00 1.536682382259228228e+26
1.413409982837322354e+07 5.424931790841148540e+03 5.179221579654370800e+01 1.205703787459172058e+11 0.000000000000000000e+00 1.550226468631977769e+26
1.423225329940359294e+07 5.195848754138016375e+03 5.151453214036538952e+01 9.364025391747853088e+10 0.000000000000000000e+00 1.563404724773586150e+26
1.433040677043396235e+07 4.953848244070333749e+03 5.122629369344122807e+01 6.804324678945530701e+10 0.000000000000000000e+00 1.576174515866040512e+26
1.442856024146433175e+07 4.695242718920406332e+03 5.092631388132933523e+01 4.384566568324952698e+10 0.000000000000000000e+00 1.588482986468845594e+26
1.452671371249470115e+07 4.414176002889371375e+03 5.061304082988009867e+01 2.113559590255912018e+10 0.000000000000000000e+00 1.600263554378460156e+26
1.462486718352507055e+07 4.100306653560935956e+03 5.028437404593508120e+01 3.355849719560241699e+07 0.000000000000000000e+00 1.611429238389769520e+26
