# Radius (m)	Density (kg/m^3)	Gravity (m/s^2)	Pressure (Pa)	Temperature (K)	Mass Enclosed (kg)
0.000000000000000000e+00 3.798548371318450518e+04 0.000000000000000000e+00 1.063837459381975781e+13 0.000000000000000000e+00 0.000000000000000000e+00
9.299007581994395878e+04 3.798317310830227507e+04 9.875503772091313026e-01 1.063663035992894922e+13 0.000000000000000000e+00 1.279460178669867008e+20
1.859801516398879176e+05 3.797624263974536734e+04 1.974884155623563675e+00 1.063139867439537891e+13 0.000000000000000000e+00 1.023452173393881072e+21
2.789702274598318618e+05 3.796469636142345553e+04 2.961786201414292830e+00 1.062268259744224219e+13 0.000000000000000000e+00 3.453536821625334268e+21
3.719603032797758351e+05 3.794854100035055308e+04 3.948040116456010828e+00 1.061048720717090430e+13 0.000000000000000000e+00 8.183997149708206211e+21
4.649503790997198084e+05 3.792778596724185627e+04 4.933430393369913958e+00 1.059481960756029297e+13 0.000000000000000000e+00 1.597893913197020185e+22
5.579404549196637236e+05 3.790244337703011115e+04 5.917742417232794594e+00 1.057568894395431641e+13 0.000000000000000000e+00 2.760084905770992271e+22
6.509305307396077551e+05 3.787252797077856667e+04 6.900762199304952382e+00 1.055310634411536133e+13 0.000000000000000000e+00 4.380881601954550330e+22
7.439206065595516702e+05 3.783805710822137189e+04 7.882276741154249144e+00 1.052708491259319141e+13 0.000000000000000000e+00 6.535829693819616284e+22
8.369106823794955853e+05 3.779905076776361966e+04 8.862074034656123089e+00 1.049763973072494727e+13 0.000000000000000000e+00 9.300111656248221368e+22
9.299007581994396169e+05 3.775543178157246439e+04 9.839939733384980514e+00 1.046478790346595703e+13 0.000000000000000000e+00 1.274843244286020063e+23
1.022890834019383532e+06 3.770686905699729687e+04 1.081564540374067285e+01 1.042854878156087891e+13 0.000000000000000000e+00 1.695479032305719223e+23
1.115880909839327447e+06 3.765379555362173414e+04 1.178897536293907855e+01 1.038894356633496484e+13 0.000000000000000000e+00 2.199322492462622845e+23
1.208870985659271479e+06 3.759624220755276474e+04 1.275971642033877274e+01 1.034599534334121484e+13 0.000000000000000000e+00 2.793702757940650270e+23
1.301861061479215510e+06 3.753424251285768696e+04 1.372765568191051422e+01 1.029972910696778711e+13 0.000000000000000000e+00 3.485864285097267812e+23
1.394851137299159309e+06 3.746783252156412345e+04 1.469258055023724552e+01 1.025017176043800195e+13 0.000000000000000000e+00 4.282966853463483393e+23
1.487841213119103340e+06 3.739649390835021768e+04 1.565427872451410707e+01 1.019735211581034570e+13 0.000000000000000000e+00 5.192085565743857276e+23
1.580831288939047372e+06 3.732050428735835885e+04 1.661253820054841412e+01 1.014130089397846289e+13 0.000000000000000000e+00 6.220210847816492002e+23
1.673821364758991171e+06 3.724017779736909142e+04 1.756714727075966209e+01 1.008205072467116211e+13 0.000000000000000000e+00 7.374248448733028360e+23
1.766811440578935202e+06 3.715556126291718101e+04 1.851789452417954962e+01 1.001963614645241406e+13 0.000000000000000000e+00 8.661019440718667537e+23
1.859801516398879234e+06 3.706597683057474933e+04 1.946456884645195018e+01 9.954093606721353516e+12 0.000000000000000000e+00 1.008726021917214696e+24
1.952791592218823032e+06 3.697184373247738404e+04 2.040695941459011920e+01 9.885461458614650391e+12 0.000000000000000000e+00 1.165962199916552829e+24
2.045781668038767064e+06 3.687352680168818188e+04 2.134485353664329210e+01 9.813778891146806641e+12 0.000000000000000000e+00 1.338449487232067883e+24
2.138771743858710863e+06 3.677054847462981706e+04 2.227803868425371547e+01 9.739087503935304688e+12 0.000000000000000000e+00 1.526825277583796755e+24
2.231761819678654894e+06 3.666279130748537136e+04 2.320630425774286110e+01 9.661431507303328125e+12 0.000000000000000000e+00 1.731728244621287329e+24
2.324751895498598926e+06 3.655098383767947962e+04 2.412944007853324990e+01 9.580856630209189453e+12 0.000000000000000000e+00 1.953780635294179495e+24
2.417741971318542957e+06 3.643433702537653880e+04 2.504723638914846973e+01 9.497410120246322266e+12 0.000000000000000000e+00 2.193588269852205148e+24
2.510732047138486989e+06 3.631322386375484348e+04 2.595948385321316110e+01 9.411140743643292969e+12 0.000000000000000000e+00 2.451740541845188186e+24
2.603722122958431020e+06 3.618804597508130246e+04 2.686597355545303145e+01 9.322098785263783203e+12 0.000000000000000000e+00 2.728810418123046392e+24
2.696712198778374586e+06 3.605770677310181782e+04 2.776649700169483737e+01 9.230336048606609375e+12 0.000000000000000000e+00 3.025354438835786064e+24
2.789702274598318618e+06 3.592357873354235198e+04 2.866084611886640587e+01 9.135905855805705078e+12 0.000000000000000000e+00 3.341912717433512485e+24
2.882692350418262649e+06 3.578438065438915510e+04 2.954881325499662381e+01 9.038863047630132812e+12 0.000000000000000000e+00 3.679008940666418377e+24
2.975682426238206681e+06 3.564124465087371937e+04 3.043019117921542716e+01 8.939263983484080078e+12 0.000000000000000000e+00 4.037150368584789274e+24
3.068672502058150712e+06 3.549324065215969313e+04 3.130477308175382234e+01 8.837166541406859375e+12 0.000000000000000000e+00 4.416827834539002982e+24
3.161662577878094744e+06 3.534123652134838630e+04 3.217235257394386849e+01 8.732630118072907227e+12 0.000000000000000000e+00 4.818515745179532266e+24
3.254652653698038775e+06 3.518433294300307170e+04 3.303272368821867389e+01 8.625715628791788086e+12 0.000000000000000000e+00 5.242672080456938403e+24
3.347642729517982341e+06 3.502362749299478310e+04 3.388568087811243856e+01 8.516485507508189453e+12 0.000000000000000000e+00 5.689738393621876559e+24
3.440632805337926373e+06 3.485775516987298033e+04 3.473101901826038329e+01 8.405003706801921875e+12 0.000000000000000000e+00 6.160139811225097925e+24
3.533622881157870404e+06 3.468807508393369790e+04 3.556853340439883482e+01 8.291335697887925781e+12 0.000000000000000000e+00 6.654285033117440065e+24
3.626612956977814436e+06 3.451366085800128349e+04 3.639801975336511930e+01 8.175548470616263672e+12 0.000000000000000000e+00 7.172566332449837644e+24
3.719603032797758467e+06 3.433489203593962884e+04 3.721926583612088280e+01 8.057709423098737305e+12 0.000000000000000000e+00 7.715335169675987004e+24
3.812593108617702499e+06 3.415215637582465570e+04 3.803206202399324809e+01 7.937887010545144531e+12 0.000000000000000000e+00 8.282918110551438063e+24
3.905583184437646065e+06 3.396439395367205725e+04 3.883621114331059232e+01 7.816152081543291992e+12 0.000000000000000000e+00 8.875647688370795934e+24
3.998573260257590096e+06 3.377250673133513192e+04 3.963151500936726279e+01 7.692576428465165039e+12 0.000000000000000000e+00 9.493830430479751626e+24
4.091563336077534128e+06 3.357652696677555650e+04 4.041777438753230456e+01 7.567232782911548828e+12 0.000000000000000000e+00 1.013774675754400932e+25
4.184553411897478160e+06 3.337588040747524064e+04 4.119478899324954568e+01 7.440194815712027344e+12 0.000000000000000000e+00 1.080765098354931426e+25
4.277543487717421725e+06 3.317075466671990580e+04 4.196235749203754750e+01 7.311537136924983398e+12 0.000000000000000000e+00 1.150377131580142275e+25
4.370533563537365757e+06 3.296144126752819284e+04 4.272027749948964015e+01 7.181335295837597656e+12 0.000000000000000000e+00 1.222630985492614180e+25
4.463523639357309788e+06 3.274788838435431535e+04 4.346834558127387993e+01 7.049665780965847656e+12 0.000000000000000000e+00 1.297544259486928946e+25
4.556513715177253820e+06 3.253004675322683033e+04 4.420635725313307773e+01 6.916606020054513672e+12 0.000000000000000000e+00 1.375131942289671412e+25
4.649503790997197852e+06 3.230744530533586658e+04 4.493410698088480615e+01 6.782234380077169922e+12 0.000000000000000000e+00 1.455406411959429883e+25
4.742493866817141883e+06 3.208052292524409859e+04 4.565138818042136393e+01 6.646630167236193359e+12 0.000000000000000000e+00 1.538377435886795266e+25
4.835483942637085915e+06 3.184927600771529251e+04 4.635799321770981862e+01 6.509873626962754883e+12 0.000000000000000000e+00 1.624052170794360216e+25
4.928474018457029946e+06 3.161367457867350458e+04 4.705371340879198527e+01 6.372045943916828125e+12 0.000000000000000000e+00 1.712435162736721711e+25
5.021464094276973978e+06 3.137369224778246280e+04 4.773833901978441219e+01 6.233229241987181641e+12 0.000000000000000000e+00 1.803528347100478475e+25
5.114454170096918009e+06 3.112930795566095185e+04 4.841165926687840937e+01 6.093506584291386719e+12 0.000000000000000000e+00 1.897331048604232697e+25
5.207444245916862041e+06 3.088050623556372011e+04 4.907346231634003431e+01 5.952961973175807617e+12 0.000000000000000000e+00 1.993839981298588740e+25
5.300434321736806072e+06 3.062727718978485791e+04 4.972352632538744643e+01 5.811679862332398438e+12 0.000000000000000000e+00 2.093046291553311555e+25
5.393424397556749173e+06 3.036961278058484459e+04 5.036163784045194092e+01 5.669744724495496094e+12 0.000000000000000000e+00 2.194937628367350029e+25
5.486414473376693204e+06 3.010751094148489210e+04 5.098760494972895430e+01 5.527242043970351562e+12 0.000000000000000000e+00 2.299503643139109512e+25
5.579404549196637236e+06 2.984097873827115109e+04 5.160123059960749714e+01 5.384257832781978516e+12 0.000000000000000000e+00 2.406730065748082416e+25
5.672394625016581267e+06 2.956985803007361392e+04 5.220231228643226018e+01 5.240878621202374023e+12 0.000000000000000000e+00 2.516598624094757972e+25
5.765384700836525299e+06 2.929392926094290306e+04 5.279064205650354324e+01 5.097191457750525391e+12 0.000000000000000000e+00 2.629087044100619651e+25
5.858374776656469330e+06 2.901353357321667136e+04 5.336600650607729790e+01 4.953283909192408203e+12 0.000000000000000000e+00 2.744169049708144309e+25
5.951364852476413362e+06 2.872869983466355188e+04 5.392818678136511323e+01 4.809244060540986328e+12 0.000000000000000000e+00 2.861814362880803901e+25
6.044354928296357393e+06 2.843916425879844974e+04 5.447695857853422297e+01 4.665160515056210938e+12 0.000000000000000000e+00 2.981988703603065053e+25
6.137345004116301425e+06 2.814462324470868771e+04 5.501209214370748413e+01 4.521122394245022461e+12 0.000000000000000000e+00 3.104653789880387774e+25
6.230335079936245456e+06 2.784569558605568454e+04 5.553335227296341259e+01 4.377219337861348633e+12 0.000000000000000000e+00 3.229767337739227175e+25
6.323325155756189488e+06 2.754159155974652822e+04 5.604049831233614754e+01 4.233541503906106445e+12 0.000000000000000000e+00 3.357283061227033465e+25
6.416315231576133519e+06 2.723283224989622249e+04 5.653328415781547989e+01 4.090179568627200684e+12 0.000000000000000000e+00 3.487150672412249379e+25
6.509305307396077551e+06 2.691888304880818032e+04 5.701145825534683098e+01 3.947224726519524414e+12 0.000000000000000000e+00 3.619315881384313609e+25
6.602295383216020651e+06 2.660023255530950701e+04 5.747476360083125257e+01 3.804768690324959961e+12 0.000000000000000000e+00 3.753720396253656515e+25
6.695285459035964683e+06 2.627592562400893075e+04 5.792293774012546947e+01 3.662903691032375000e+12 0.000000000000000000e+00 3.890301923151708709e+25
6.788275534855908714e+06 2.594663157355711155e+04 5.835571276904180849e+01 3.521722477877627441e+12 0.000000000000000000e+00 4.028994166230889461e+25
6.881265610675852746e+06 1.414596895167031471e+04 5.815873022632322176e+01 3.424928368910724609e+12 0.000000000000000000e+00 4.126158309936487171e+25
6.974255686495796777e+06 1.402781822244761861e+04 5.770229861405793059e+01 3.349040628507520996e+12 0.000000000000000000e+00 4.205166257052397953e+25
7.067245762315740809e+06 1.391025935638406008e+04 5.726905331608178074e+01 3.274365114677640137e+12 0.000000000000000000e+00 4.285630834878441479e+25
7.160235838135684840e+06 1.379324154265002289e+04 5.685760006683241841e+01 3.200860354670117188e+12 0.000000000000000000e+00 4.367547403733933767e+25
7.253225913955628872e+06 1.367671840064625212e+04 5.646664955172964540e+01 3.128487841858467285e+12 0.000000000000000000e+00 4.450910843445158456e+25
7.346215989775572903e+06 1.356064202345143349e+04 5.609497980445640763e+01 3.057211274693139648e+12 0.000000000000000000e+00 4.535715266750435172e+25
7.439206065595516935e+06 1.344496820616102195e+04 5.574143475723953856e+01 2.986996543165775879e+12 0.000000000000000000e+00 4.621953996643938553e+25
7.532196141415460967e+06 1.332965497040143600e+04 5.540492424084979461e+01 2.917811728809206055e+12 0.000000000000000000e+00 4.709619566375700821e+25
7.625186217235404998e+06 1.321466188770340159e+04 5.508442398460182687e+01 2.849627104697453125e+12 0.000000000000000000e+00 4.798703719451612646e+25
7.718176293055349030e+06 1.309995165347751026e+04 5.477897561635419521e+01 2.782415135445728516e+12 0.000000000000000000e+00 4.889197409633417987e+25
7.811166368875292130e+06 1.298548815765372638e+04 5.448768508757945739e+01 2.716150418993709961e+12 0.000000000000000000e+00 4.981090811100081014e+25
7.904156444695236161e+06 1.287123552397455569e+04 5.420966881355766986e+01 2.650807718043305176e+12 0.000000000000000000e+00 5.074373662682021525e+25
7.997146520515180193e+06 1.275716098037581833e+04 5.394413115116879709e+01 2.586364950664005859e+12 0.000000000000000000e+00 5.169034615008447382e+25
8.090136596335124224e+06 1.264323688619686072e+04 5.369033815627282280e+01 2.522802287065515137e+12 0.000000000000000000e+00 5.265061205286195011e+25
8.183126672155068256e+06 1.252943266289365056e+04 5.344758360362132521e+01 2.460100894994422852e+12 0.000000000000000000e+00 5.362440057623376101e+25
8.276116747975012287e+06 1.241571040474405527e+04 5.321518898685748411e+01 2.398242939734209961e+12 0.000000000000000000e+00 5.461156883029375886e+25
8.369106823794956319e+06 1.230192766412260244e+04 5.299250351851606666e+01 2.337211584105244629e+12 0.000000000000000000e+00 5.561196479414854864e+25
8.462096899614900351e+06 1.218817506495917041e+04 5.277890413002344872e+01 2.276990988464784668e+12 0.000000000000000000e+00 5.662542731591750513e+25
8.555086975434843451e+06 1.207442896671280323e+04 5.257379547169757217e+01 2.217566310706977051e+12 0.000000000000000000e+00 5.765178611273268703e+25
8.648077051254788414e+06 1.196066640234043007e+04 5.237660991274800182e+01 2.158923706262855469e+12 0.000000000000000000e+00 5.869086177073899158e+25
8.741067127074731514e+06 1.184686714901595769e+04 5.218680754127588273e+01 2.101050328100345947e+12 0.000000000000000000e+00 5.974246574509395696e+25
8.834057202894676477e+06 1.173301044694222583e+04 5.200387616427394732e+01 2.043934326724259277e+12 0.000000000000000000e+00 6.080640035996796848e+25
8.927047278714619577e+06 1.161889436033807215e+04 5.182733130762655094e+01 1.987564850176299805e+12 0.000000000000000000e+00 6.188245880854405244e+25
9.020037354534564540e+06 1.150461956918098986e+04 5.165671621610960074e+01 1.931932044035055176e+12 0.000000000000000000e+00 6.297042515301809940e+25
9.113027430354507640e+06 1.139022751172683274e+04 5.149160185339064100e+01 1.877027051416007324e+12 0.000000000000000000e+00 6.407007432459862372e+25
9.206017506174452603e+06 1.127570305328706854e+04 5.133158690202877494e+01 1.822842012971522217e+12 0.000000000000000000e+00 6.518117212350700407e+25
9.299007581994395703e+06 1.116080853886650220e+04 5.117629776347472870e+01 1.769370066890859131e+12 0.000000000000000000e+00 6.630347521897725148e+25
9.391997657814340666e+06 1.104566751102036687e+04 5.102537860905483313e+01 1.716605105780791260e+12 0.000000000000000000e+00 6.743672791406787355e+25
9.484987733634283766e+06 1.093035269266521027e+04 5.087842169819597160e+01 1.664539989203833496e+12 0.000000000000000000e+00 6.858064310007179917e+25
9.577977809454226866e+06 1.081462121845820548e+04 5.073507642952552743e+01 1.613169097491487305e+12 0.000000000000000000e+00 6.973494085552247563e+25
9.670967885274171829e+06 1.069855386860504950e+04 5.059501579879808730e+01 1.562487600792955322e+12 0.000000000000000000e+00 7.089933221282826572e+25
9.763957961094114929e+06 1.058225179743997796e+04 5.045792158950564499e+01 1.512491107510732910e+12 0.000000000000000000e+00 7.207351381748974625e+25
9.856948036914059892e+06 1.046534550487919114e+04 5.032348437287750897e+01 1.463175664300602051e+12 0.000000000000000000e+00 7.325716792809989702e+25
9.949938112734002993e+06 1.034821428833917525e+04 5.019140350788038774e+01 1.414537756071638916e+12 0.000000000000000000e+00 7.444996241634390325e+25
1.004292818855394796e+07 1.023045324988570428e+04 5.006138714121832578e+01 1.366574305986205566e+12 0.000000000000000000e+00 7.565155076699933597e+25
1.013591826437389106e+07 1.011239623667681371e+04 4.993315220733274629e+01 1.319282675459958252e+12 0.000000000000000000e+00 7.686157207793596304e+25
1.022890834019383602e+07 9.993630409626177425e+03 4.980642442840242268e+01 1.272660664161840088e+12 0.000000000000000000e+00 7.807965106011594675e+25
1.032189841601377912e+07 9.874480940697685583e+03 4.968093831434349994e+01 1.226706510014087891e+12 0.000000000000000000e+00 7.930539803759367196e+25
1.041488849183372408e+07 9.754660019982657104e+03 4.955643716280947331e+01 1.181418889192225098e+12 0.000000000000000000e+00 8.053840894751586641e+25
1.050787856765366718e+07 9.634234205212562301e+03 4.943267305919122379e+01 1.136796916125068359e+12 0.000000000000000000e+00 8.177826534012152339e+25
1.060086864347361214e+07 9.513241067634226056e+03 4.930940687661696842e+01 1.092840143494722412e+12 0.000000000000000000e+00 8.302453437874198765e+25
1.069385871929355524e+07 9.391524032610774157e+03 4.918640827595229581e+01 1.049548562236584351e+12 0.000000000000000000e+00 8.427676883980081794e+25
1.078684879511349835e+07 9.269025992722081355e+03 4.906345570580015902e+01 1.006922601539339233e+12 0.000000000000000000e+00 8.553450711281392448e+25
1.087983887093344331e+07 9.145799939281514526e+03 4.894033640250087558e+01 9.649631288449630127e+11 0.000000000000000000e+00 8.679727320038953456e+25
1.097282894675338641e+07 9.021786017584870933e+03 4.881684639013212035e+01 9.236714498487236328e+11 0.000000000000000000e+00 8.806457671822810669e+25
1.106581902257333137e+07 8.896926474243060511e+03 4.869278162370926566e+01 8.830491561613415527e+11 0.000000000000000000e+00 8.933590037140856917e+25
1.115880909839327447e+07 8.771165602721148389e+03 4.856791298592667516e+01 8.430974842722911377e+11 0.000000000000000000e+00 9.061067604204533714e+25
1.125179917421321943e+07 8.644452540274985950e+03 4.844203697757362193e+01 8.038182054654744873e+11 0.000000000000000000e+00 9.188835726441134269e+25
1.134478925003316253e+07 8.516741081791973556e+03 4.831495283531300799e+01 7.652135388143017578e+11 0.000000000000000000e+00 9.316837155587855961e+25
1.143777932585310750e+07 8.387990595030789336e+03 4.818645921151592404e+01 7.272861081373927002e+11 0.000000000000000000e+00 9.445011499922643067e+25
1.153076940167305060e+07 8.258090380743982678e+03 4.805635417426162093e+01 6.900389419985832520e+11 0.000000000000000000e+00 9.573295224264155832e+25
1.162375947749299556e+07 8.126927435920253629e+03 4.792443520733751683e+01 6.534754737069194336e+11 0.000000000000000000e+00 9.701621649971799683e+25
1.171674955331293866e+07 7.994596817536044910e+03 4.779049921023921854e+01 6.175995413166632080e+11 0.000000000000000000e+00 9.829920954945706322e+25
1.180973962913288362e+07 7.860792224048287608e+03 4.765434249817047174e+01 5.824153876272868652e+11 0.000000000000000000e+00 9.958120173626744043e+25
1.190272970495282672e+07 7.725638549495139159e+03 4.751576080204322494e+01 5.479276601834782104e+11 0.000000000000000000e+00 1.008614319699650742e+26
1.199571978077276982e+07 7.588899438200562145e+03 4.737454926847757264e+01 5.141414112751361084e+11 0.000000000000000000e+00 1.021391077257733104e+26
1.208870985659271479e+07 7.450477621999647454e+03 4.723050245980179085e+01 4.810620979373727417e+11 0.000000000000000000e+00 1.034134050443227923e+26
1.218169993241265789e+07 7.310300615572188690e+03 4.708341435405233710e+01 4.486955819505150757e+11 0.000000000000000000e+00 1.046834685316514600e+26
1.227469000823260285e+07 7.168236730712117605e+03 4.693307834497380782e+01 4.170481298401005859e+11 0.000000000000000000e+00 1.059484113592046369e+26
1.236768008405254595e+07 7.024013258895705803e+03 4.677928640462198473e+01 3.861264344619014893e+11 0.000000000000000000e+00 1.072073128197388784e+26
1.246067015987249091e+07 6.877616279780322657e+03 4.662180001154550268e+01 3.559382989121057129e+11 0.000000000000000000e+00 1.084591368937891238e+26
1.255366023569243401e+07 6.728721756873086633e+03 4.646037581508368675e+01 3.264919833993800049e+11 0.000000000000000000e+00 1.097028090659412427e+26
1.264665031151237898e+07 6.577178724692017568e+03 4.629476352564577013e+01 2.977965688259453125e+11 0.000000000000000000e+00 1.109371971712809815e+26
1.273964038733232208e+07 6.422723244094533584e+03 4.612469385278441081e+01 2.698623120433737793e+11 0.000000000000000000e+00 1.121610741818812399e+26
1.283263046315226704e+07 6.264966979437896953e+03 4.594987850519570571e+01 2.427006458525834045e+11 0.000000000000000000e+00 1.133731182068022948e+26
1.292562053897221014e+07 6.103631271963951804e+03 4.577001019071916943e+01 2.163241790038432617e+11 0.000000000000000000e+00 1.145719124920915590e+26
1.301861061479215510e+07 5.938284041110226099e+03 4.558476261633772708e+01 1.907466961967686462e+11 0.000000000000000000e+00 1.157559454207838052e+26
1.311160069061209820e+07 5.768336828377881830e+03 4.539378352366855296e+01 1.659834962251935425e+11 0.000000000000000000e+00 1.169235868831157144e+26
1.320459076643204130e+07 5.593145068822535904e+03 4.519666980112778987e+01 1.420524976735175781e+11 0.000000000000000000e+00 1.180730074257886341e+26
1.329758084225198627e+07 5.411939732243155959e+03 4.499298169397047786e+01 1.189735978692264099e+11 0.000000000000000000e+00 1.192022264046262178e+26
1.339057091807192937e+07 5.223675405086829414e+03 4.478219300459194585e+01 9.677129793971737671e+10 0.000000000000000000e+00 1.203089371046421065e+26
1.348356099389187433e+07 5.026991041621529803e+03 4.456368589443191297e+01 7.547496623433464050e+10 0.000000000000000000e+00 1.213904887670274319e+26
1.357655106971181743e+07 4.820016464143674966e+03 4.433675088397447439e+01 5.511883832437261963e+10 0.000000000000000000e+00 1.224438865891506614e+26
1.366954114553176239e+07 4.600101335029417896e+03 4.410050925619795947e+01 3.574591772077128601e+10 0.000000000000000000e+00 1.234655495142800553e+26
1.376253122135170549e+07 4.363212183712326805e+03 4.385390773106662721e+01 1.740811674079991913e+10 0.000000000000000000e+00 1.244512502497356552e+26
1.385552129717165045e+07 4.102785144908188158e+03 4.359539436982139904e+01 1.830759668742218018e+08 0.000000000000000000e+00 1.253951321401229970e+26
