# Radius (m)	Density (kg/m^3)	Gravity (m/s^2)	Pressure (Pa)	Temperature (K)	Mass Enclosed (kg)
0.000000000000000000e+00 2.456654457885368174e+04 0.000000000000000000e+00 2.962689434663265137e+12 0.000000000000000000e+00 0.000000000000000000e+00
7.151320151322791935e+04 2.456543138103021920e+04 4.911784100938559883e-01 2.962257953066817383e+12 0.000000000000000000e+00 3.763622199808856064e+19
1.430264030264558387e+05 2.456209227204005583e+04 9.822767944027398501e-01 2.960963696064675781e+12 0.000000000000000000e+00 3.010632819018298819e+20
2.145396045396837580e+05 2.455652870241853452e+04 1.473214734653443880e+00 2.958807225892313965e+12 0.000000000000000000e+00 1.015954654830854930e+21
2.860528060529116774e+05 2.454874309707826615e+04 1.963912864456098806e+00 2.955789482459192871e+12 0.000000000000000000e+00 2.407739370919351026e+21
3.575660075661395676e+05 2.453873883423599909e+04 2.454290912401204672e+00 2.951911775180690430e+12 0.000000000000000000e+00 4.701456276536319541e+21
4.290792090793675161e+05 2.452638793960540352e+04 2.944265222259567771e+00 2.947175800247276855e+12 0.000000000000000000e+00 8.121524330533908120e+21
5.005924105925954645e+05 2.451177700700997229e+04 3.433753355519193917e+00 2.941583651016244629e+12 0.000000000000000000e+00 1.289207266093191450e+22
5.721056121058233548e+05 2.449493552597844246e+04 3.922674993079591665e+00 2.935137787647511230e+12 0.000000000000000000e+00 1.923643700506419580e+22
6.436188136190512450e+05 2.447587087819304361e+04 4.410950252448158082e+00 2.927841035386375977e+12 0.000000000000000000e+00 2.737688136523528851e+22
7.151320151322791353e+05 2.445459139921575843e+04 4.898499687740176078e+00 2.919696584563517578e+12 0.000000000000000000e+00 3.753459800872035392e+22
7.866452166455071419e+05 2.443110637848831539e+04 5.385244289678814411e+00 2.910707990594997070e+12 0.000000000000000000e+00 4.992970746776527883e+22
8.581584181587350322e+05 2.440542605933218510e+04 5.871105485595127682e+00 2.900879173982255371e+12 0.000000000000000000e+00 6.478125853958650357e+22
9.296716196719629224e+05 2.437756163094868680e+04 6.356004837878347580e+00 2.890214417250255371e+12 0.000000000000000000e+00 8.230683957435577034e+22
1.001184821185190929e+06 2.434734897952438769e+04 6.839860391090737401e+00 2.878718381702881348e+12 0.000000000000000000e+00 1.027211990111892841e+23
1.072698022698418703e+06 2.431474516245358973e+04 7.322588587472614208e+00 2.866396155051774902e+12 0.000000000000000000e+00 1.262401433520180130e+23
1.144211224211646710e+06 2.427996971390455292e+04 7.804106363314669892e+00 2.853253185994358398e+12 0.000000000000000000e+00 1.530775912063036713e+23
1.215724425724874716e+06 2.424303798468602326e+04 8.284331061857358236e+00 2.839295276187057129e+12 0.000000000000000000e+00 1.834450052067519900e+23
1.287237627238102490e+06 2.420396625951353053e+04 8.763180433290891358e+00 2.824528580245297363e+12 0.000000000000000000e+00 2.175513920093129686e+23
1.358750828751330497e+06 2.416245407768974837e+04 9.240572634755254811e+00 2.808959605743507324e+12 0.000000000000000000e+00 2.556033022931813448e+23
1.430264030264558271e+06 2.411860327771140874e+04 9.716426230340186265e+00 2.792595213215118164e+12 0.000000000000000000e+00 2.978048307607955539e+23
1.501777231777786277e+06 2.407264036759456212e+04 1.019066019108519683e+01 2.775442616152562988e+12 0.000000000000000000e+00 3.443576161378389375e+23
1.573290433291014284e+06 2.402458562276023440e+04 1.066319389497955150e+01 2.757509381007275391e+12 0.000000000000000000e+00 3.954608411732385013e+23
1.644803634804242058e+06 2.397393362749927110e+04 1.113394712696228162e+01 2.738803427189692871e+12 0.000000000000000000e+00 4.513112326391660565e+23
1.716316836317470064e+06 2.392109509330913716e+04 1.160284007892218661e+01 2.719333027069253906e+12 0.000000000000000000e+00 5.121030613310376153e+23
1.787830037830698071e+06 2.386620542138422024e+04 1.206979334969781981e+01 2.699106805974399414e+12 0.000000000000000000e+00 5.780281420675132907e+23
1.859343239343925845e+06 2.380882492898763303e+04 1.253472794507750621e+01 2.678133742192571777e+12 0.000000000000000000e+00 6.492758336904974974e+23
1.930856440857153852e+06 2.374915525873082515e+04 1.299756527779932647e+01 2.656423166970216309e+12 0.000000000000000000e+00 7.260330390651393551e+23
2.002369642370381858e+06 2.368748494587250025e+04 1.345821854020206310e+01 2.633984665793078125e+12 0.000000000000000000e+00 8.084773290837502276e+23
2.073882843883609632e+06 2.362315836692098674e+04 1.391659652084233656e+01 2.610828198373119629e+12 0.000000000000000000e+00 8.967828793385168226e+23
2.145396045396837406e+06 2.355673181406284129e+04 1.437261853355745522e+01 2.586964219489570801e+12 0.000000000000000000e+00 9.911300813279397958e+23
2.216909246910065413e+06 2.348808164698965265e+04 1.482620340275646242e+01 2.562403495805987305e+12 0.000000000000000000e+00 1.091694435486698006e+24
2.288422448423293419e+06 2.341690939196451654e+04 1.527726939313512844e+01 2.537157104900694336e+12 0.000000000000000000e+00 1.198646488572654139e+24
2.359935649936521426e+06 2.334381278625028790e+04 1.572573420967595048e+01 2.511236435266790039e+12 0.000000000000000000e+00 1.312151833666854979e+24
2.431448851449749433e+06 2.326791057142699719e+04 1.617151499764815625e+01 2.484653186312145020e+12 0.000000000000000000e+00 1.432371110173531674e+24
2.502962052962976974e+06 2.319015080984802989e+04 1.661452834260769151e+01 2.457419368359399414e+12 0.000000000000000000e+00 1.559460003820098397e+24
2.574475254476204980e+06 2.310964846316547482e+04 1.705469027039725205e+01 2.429547302645966797e+12 0.000000000000000000e+00 1.693569246657155831e+24
2.645988455989432987e+06 2.302723781397386119e+04 1.749191624714624282e+01 2.401049621324031250e+12 0.000000000000000000e+00 1.834844617058486611e+24
2.717501657502660993e+06 2.294205710800112865e+04 1.792612117927079396e+01 2.371939267460550293e+12 0.000000000000000000e+00 1.983426939721058271e+24
2.789014859015889000e+06 2.285496320209050464e+04 1.835721941347377850e+01 2.342229495037250977e+12 0.000000000000000000e+00 2.139452085665022446e+24
2.860528060529116541e+06 2.276508850039036042e+04 1.878512473674478400e+01 2.311933868950633789e+12 0.000000000000000000e+00 2.303050972233714595e+24
2.932041262042344548e+06 2.267314340924365388e+04 1.920975037636014093e+01 2.281066265011969727e+12 0.000000000000000000e+00 2.474349563093654813e+24
3.003554463555572554e+06 2.257871945530038647e+04 1.963100899988289072e+01 2.249640869947302734e+12 0.000000000000000000e+00 2.653468868234546755e+24
3.075067665068800561e+06 2.248184755240601953e+04 2.004881271516281060e+01 2.217672181397446777e+12 0.000000000000000000e+00 2.840524943969279782e+24
3.146580866582028568e+06 2.238284284257914260e+04 2.046307307033641365e+01 2.185175007917988770e+12 0.000000000000000000e+00 3.035628892933924132e+24
3.218094068095256574e+06 2.228108427241479512e+04 2.087370105382692032e+01 2.152164468979287109e+12 0.000000000000000000e+00 3.238886864087737361e+24
3.289607269608484115e+06 2.217702251425225404e+04 2.128060709434429398e+01 2.118655994966471924e+12 0.000000000000000000e+00 3.450400052713158972e+24
3.361120471121712122e+06 2.207070318937773845e+04 2.168370106088523031e+01 2.084665327179444824e+12 0.000000000000000000e+00 3.670264700415814715e+24
3.432633672634940129e+06 2.196172519715344970e+04 2.208289226273314299e+01 2.050208517832878418e+12 0.000000000000000000e+00 3.898572095124512287e+24
3.504146874148168135e+06 2.185024469809321818e+04 2.247808946558104282e+01 2.015301916562112549e+12 0.000000000000000000e+00 4.135407801344448937e+24
3.575660075661396142e+06 2.173639435124994634e+04 2.286920215278495405e+01 1.979961889032071045e+12 0.000000000000000000e+00 4.380836371893897455e+24
3.647173277174623683e+06 2.162012318444302946e+04 2.325614091761106295e+01 1.944205243928407959e+12 0.000000000000000000e+00 4.634926373533666645e+24
3.718686478687851690e+06 2.150127486843664519e+04 2.363881497624444705e+01 1.908049175346365234e+12 0.000000000000000000e+00 4.897744896466722218e+24
3.790199680201079696e+06 2.137972502829235600e+04 2.401713192600153235e+01 1.871511141668288818e+12 0.000000000000000000e+00 5.169350317804235828e+24
3.861712881714307703e+06 2.125566345037816063e+04 2.439099774533007903e+01 1.834608865563628418e+12 0.000000000000000000e+00 5.449792301565587225e+24
3.933226083227535710e+06 2.112904902601428330e+04 2.476031679380920991e+01 1.797360333988937256e+12 0.000000000000000000e+00 5.739111798678366395e+24
4.004739284740763716e+06 2.099983847859324305e+04 2.512499181214937494e+01 1.759783798187871582e+12 0.000000000000000000e+00 6.037341046978369810e+24
4.076252486253991257e+06 2.086799162682236783e+04 2.548492392219237601e+01 1.721897773691191895e+12 0.000000000000000000e+00 6.344503571209601497e+24
4.147765687767219264e+06 2.073347356603069056e+04 2.584001262691137057e+01 1.683721040316760986e+12 0.000000000000000000e+00 6.660614183024279480e+24
4.219278889280446805e+06 2.059624869489743287e+04 2.619015581041084317e+01 1.645272642169546631e+12 0.000000000000000000e+00 6.985678980982823971e+24
4.290792090793674812e+06 2.045628306003515900e+04 2.653524973792663744e+01 1.606571887641618896e+12 0.000000000000000000e+00 7.319695350553870254e+24
4.362305292306902818e+06 2.031354489782460587e+04 2.687518905582593476e+01 1.567638349412152344e+12 0.000000000000000000e+00 7.662651964114253654e+24
4.433818493820130825e+06 2.016800895612777822e+04 2.720986679160725785e+01 1.528491864447423828e+12 0.000000000000000000e+00 8.014528780949026714e+24
4.505331695333358832e+06 2.001965050828801759e+04 2.753917435390048496e+01 1.489152534000815430e+12 0.000000000000000000e+00 8.375297047251443092e+24
4.576844896846586838e+06 1.986844302037302987e+04 2.786300153246683209e+01 1.449640723612811279e+12 0.000000000000000000e+00 8.744919296122966147e+24
4.648358098359814845e+06 1.971424129402549806e+04 2.818123649819886367e+01 1.409977063110999512e+12 0.000000000000000000e+00 9.123349347573274312e+24
4.719871299873042852e+06 1.955689636154659820e+04 2.849376580312048901e+01 1.370182446610071777e+12 0.000000000000000000e+00 9.510532308520247134e+24
4.791384501386270858e+06 1.939660067203202925e+04 2.880047438038695162e+01 1.330278032511823730e+12 0.000000000000000000e+00 9.906404572789973862e+24
4.862897702899498865e+06 1.923334999766927285e+04 2.910124369585842175e+01 1.290285337371981934e+12 0.000000000000000000e+00 1.031088999280855049e+25
4.934410904412726872e+06 1.906666995106764807e+04 2.939594681300537360e+01 1.250226430857625000e+12 0.000000000000000000e+00 1.072389094223740090e+25
5.005924105925953947e+06 1.889686451909395691e+04 2.968445626864983211e+01 1.210123496227039062e+12 0.000000000000000000e+00 1.114530427007823250e+25
5.077437307439181954e+06 1.872376931061741197e+04 2.996664150526650161e+01 1.169998996600710449e+12 0.000000000000000000e+00 1.157501432149193172e+25
5.148950508952409960e+06 1.854718521266968310e+04 3.024236855227050214e+01 1.129875692669118164e+12 0.000000000000000000e+00 1.201289222449899182e+25
5.220463710465637967e+06 1.836716296464213519e+04 3.051150002601734457e+01 1.089776642692730713e+12 0.000000000000000000e+00 1.245879588997954301e+25
5.291976911978865974e+06 1.818360525466852414e+04 3.077389512980296615e+01 1.049725202502008057e+12 0.000000000000000000e+00 1.291257001167333948e+25
5.363490113492093980e+06 1.799616934848937672e+04 3.102940691126239514e+01 1.009745126784130981e+12 0.000000000000000000e+00 1.337404481663026966e+25
5.435003315005321987e+06 9.192277602954714894e+03 3.099102665183498573e+01 9.806653433772392578e+11 0.000000000000000000e+00 1.371607716157747851e+25
5.506516516518549994e+06 9.132385093467513798e+03 3.073376269061951405e+01 9.604428382078525391e+11 0.000000000000000000e+00 1.396252473388866015e+25
5.578029718031778000e+06 9.072726647620405856e+03 3.048979136897396458e+01 9.405153705151949463e+11 0.000000000000000000e+00 1.421380743084084516e+25
5.649542919545006007e+06 9.013275741994952114e+03 3.025836658743795482e+01 9.208719611588400879e+11 0.000000000000000000e+00 1.446993003606926094e+25
5.721056121058233082e+06 8.954006464793332270e+03 3.003878278609888142e+01 9.015022247361979980e+11 0.000000000000000000e+00 1.473089581533782312e+25
5.792569322571461089e+06 8.894893934903622721e+03 2.983037890013436666e+01 8.823964297071865234e+11 0.000000000000000000e+00 1.499670653701370426e+25
5.864082524084689096e+06 8.835915575680584880e+03 2.963254737697512908e+01 8.635458229959780273e+11 0.000000000000000000e+00 1.526736014030233078e+25
5.935595725597917102e+06 8.777049240890264628e+03 2.944470919376868423e+01 8.449421019798865967e+11 0.000000000000000000e+00 1.554285262107671637e+25
6.007108927111145109e+06 8.718273040030606353e+03 2.926631292883709179e+01 8.265773932739343262e+11 0.000000000000000000e+00 1.582317812223893310e+25
6.078622128624373116e+06 8.659566174725314340e+03 2.909683476167693783e+01 8.084442527308513184e+11 0.000000000000000000e+00 1.610832893372011577e+25
6.150135330137601122e+06 8.600908042733502953e+03 2.893577847295934546e+01 7.905356654410761719e+11 0.000000000000000000e+00 1.639829549248045332e+25
6.221648531650829129e+06 8.542278695567089017e+03 2.878267544452997484e+01 7.728450457327548828e+11 0.000000000000000000e+00 1.669306638250919308e+25
6.293161733164057136e+06 8.483659311370298383e+03 2.863708465940901959e+01 7.553662371717420654e+11 0.000000000000000000e+00 1.699262833482464512e+25
6.364674934677285142e+06 8.425031960108961357e+03 2.849859270179119974e+01 7.380935125616002197e+11 0.000000000000000000e+00 1.729696622747416719e+25
6.436188136190513149e+06 8.366378832656973827e+03 2.836681375704578301e+01 7.210215739435999756e+11 0.000000000000000000e+00 1.760606308553418831e+25
6.507701337703740224e+06 8.307684156878103749e+03 2.824138791545259863e+01 7.041455398451750488e+11 0.000000000000000000e+00 1.791989987587098541e+25
6.579214539216968231e+06 8.248931241710424729e+03 2.812194098822859800e+01 6.874606599721967773e+11 0.000000000000000000e+00 1.823845068832587477e+25
6.650727740730196238e+06 8.190105465402600203e+03 2.800813834876076314e+01 6.709627075431271973e+11 0.000000000000000000e+00 1.856168975277060206e+25
6.722240942243424244e+06 8.131192534276775405e+03 2.789967389110789142e+01 6.546478105903963623e+11 0.000000000000000000e+00 1.888959056915389751e+25
6.793754143756652251e+06 8.072178725737354398e+03 2.779625192571381476e+01 6.385123049287008057e+11 0.000000000000000000e+00 1.922212375140606632e+25
6.865267345269880258e+06 8.013050918514703881e+03 2.769758717940736403e+01 6.225527341550041504e+11 0.000000000000000000e+00 1.955925702743898648e+25
6.936780546783108264e+06 7.953796380957706788e+03 2.760340479540237979e+01 6.067658496485366211e+11 0.000000000000000000e+00 1.990095523914612383e+25
7.008293748296336271e+06 7.894403059056747225e+03 2.751344033329771932e+01 5.911486105707951660e+11 0.000000000000000000e+00 2.024718034240251058e+25
7.079806949809564278e+06 7.834859733156519724e+03 2.742743976907725312e+01 5.756981838655437012e+11 0.000000000000000000e+00 2.059789140706475818e+25
7.151320151322792284e+06 7.775064963526696374e+03 2.734515949510986133e+01 5.604119442588127441e+11 0.000000000000000000e+00 2.095304461697105519e+25
7.222833352836020291e+06 7.715077995268828090e+03 2.726636632014943018e+01 5.452874742588996582e+11 0.000000000000000000e+00 2.131259326994117586e+25
7.294346554349247366e+06 7.654901182008185060e+03 2.719083746933486623e+01 5.303225641563687744e+11 0.000000000000000000e+00 2.167648777777645437e+25
7.365859755862475373e+06 7.594525493246883343e+03 2.711836058419007855e+01 5.155152120240505371e+11 0.000000000000000000e+00 2.204467566625982347e+25
7.437372957375703380e+06 7.533927173905413838e+03 2.704873372262399656e+01 5.008636237170428467e+11 0.000000000000000000e+00 2.241710157515577583e+25
7.508886158888931386e+06 7.472977416426761920e+03 2.698176535893055927e+01 4.863662128727102661e+11 0.000000000000000000e+00 2.279370725821038124e+25
7.580399360402159393e+06 7.411798751180258478e+03 2.691727438378871184e+01 4.720216009106838379e+11 0.000000000000000000e+00 2.317443158315129946e+25
7.651912561915387399e+06 7.350385441907260429e+03 2.685509010426241261e+01 4.578286170328618164e+11 0.000000000000000000e+00 2.355921053168776308e+25
7.723425763428615406e+06 7.288584696479520062e+03 2.679505224380064021e+01 4.437862982234087524e+11 0.000000000000000000e+00 2.394797719951056458e+25
7.794938964941843413e+06 7.226494799753566440e+03 2.673699409438745533e+01 4.298935902312617798e+11 0.000000000000000000e+00 2.434065811128278297e+25
7.866452166455071419e+06 7.164110408044109136e+03 2.668074652335743835e+01 4.161493859388858032e+11 0.000000000000000000e+00 2.473717716211879872e+25
7.937965367968299426e+06 7.101285709467936613e+03 2.662616267617870847e+01 4.025529997550852661e+11 0.000000000000000000e+00 2.513745945631533438e+25
8.009478569481527433e+06 7.038193027851604711e+03 2.657309878499205880e+01 3.891038560618226929e+11 0.000000000000000000e+00 2.554142510445198936e+25
8.080991770994754508e+06 6.974589471576166034e+03 2.652141408204334994e+01 3.758014877330222778e+11 0.000000000000000000e+00 2.594898920029781501e+25
8.152504972507982515e+06 6.910681431448306284e+03 2.647097079968350997e+01 3.626455361345693359e+11 0.000000000000000000e+00 2.636006182081132748e+25
8.224018174021210521e+06 6.846253652451208836e+03 2.642163417036853801e+01 3.496357511243111572e+11 0.000000000000000000e+00 2.677454802614047764e+25
8.295531375534438528e+06 6.781425308032794419e+03 2.637327242665950067e+01 3.367719910520562744e+11 0.000000000000000000e+00 2.719234785962266400e+25
8.367044577047666535e+06 6.716146189777402469e+03 2.632575680122253914e+01 3.240542227595749512e+11 0.000000000000000000e+00 2.761335634778473696e+25
8.438557778560893610e+06 6.650306088855895723e+03 2.627896152682885500e+01 3.114825215805988159e+11 0.000000000000000000e+00 2.803746350034299886e+25
8.510070980074122548e+06 6.583979661096349446e+03 2.623276383635472797e+01 2.990570713408206787e+11 0.000000000000000000e+00 2.846455431020321683e+25
8.581584181587349623e+06 6.517125742367867133e+03 2.618704396278149815e+01 2.867781643578957520e+11 0.000000000000000000e+00 2.889450875346056268e+25
8.653097383100578561e+06 6.449705420279055033e+03 2.614168513919558023e+01 2.746462014414396667e+11 0.000000000000000000e+00 2.932720178939971166e+25
8.724610584613805637e+06 6.381682060233432821e+03 2.609657359878845995e+01 2.626616918930306091e+11 0.000000000000000000e+00 2.976250336049474369e+25
8.796123786127034575e+06 6.313021828935297890e+03 2.605159857485668695e+01 2.508252535062072754e+11 0.000000000000000000e+00 3.020027839240922070e+25
8.867636987640261650e+06 6.243693365416549568e+03 2.600665230080188195e+01 2.391376125664708862e+11 0.000000000000000000e+00 3.064038679399612644e+25
8.939150189153490588e+06 6.173669862599783301e+03 2.596163001013073313e+01 2.275996038512831116e+11 0.000000000000000000e+00 3.108268345729792664e+25
9.010663390666717663e+06 6.102927236424418879e+03 2.591642993645500326e+01 2.162121706300682983e+11 0.000000000000000000e+00 3.152701825754649173e+25
9.082176592179946601e+06 6.031444976340141693e+03 2.587095331349151550e+01 2.049763646642110291e+11 0.000000000000000000e+00 3.197323605316319127e+25
9.153689793693173677e+06 5.959131272014627029e+03 2.582510398815199437e+01 1.938933476285290527e+11 0.000000000000000000e+00 3.242117619032823594e+25
9.225202995206400752e+06 5.885974213667261211e+03 2.577876849364326617e+01 1.829644171497968140e+11 0.000000000000000000e+00 3.287064918650459946e+25
9.296716196719629690e+06 5.811907556074851527e+03 2.573183838814427915e+01 1.721908505922071838e+11 0.000000000000000000e+00 3.332146884754539603e+25
9.368229398232856765e+06 5.736909105792577975e+03 2.568421279935357759e+01 1.615740338820194702e+11 0.000000000000000000e+00 3.377344916223583736e+25
9.439742599746085703e+06 5.660891713786973924e+03 2.563578814314480070e+01 1.511155266479658203e+11 0.000000000000000000e+00 3.422638986955144541e+25
9.511255801259312779e+06 5.583780122354277410e+03 2.558645812356667548e+01 1.408170622212536621e+11 0.000000000000000000e+00 3.468007645865794081e+25
9.582769002772541717e+06 5.505513381058249252e+03 2.553611373284302744e+01 1.306805476355633392e+11 0.000000000000000000e+00 3.513428016891135873e+25
9.654282204285768792e+06 5.426043828517544171e+03 2.548464325137278053e+01 1.207080636270503387e+11 0.000000000000000000e+00 3.558875798985795877e+25
9.725795405798997730e+06 5.345238161622855841e+03 2.543193224772994654e+01 1.109018646343431396e+11 0.000000000000000000e+00 3.604325266123429362e+25
9.797308607312224805e+06 5.263030471578926154e+03 2.537786357866363574e+01 1.012643787985453796e+11 0.000000000000000000e+00 3.649749267296713607e+25
9.868821808825453743e+06 5.179302132577089651e+03 2.532231738909806040e+01 9.179820796323364258e+10 0.000000000000000000e+00 3.695119226517356492e+25
9.940335010338680819e+06 5.093916969479580075e+03 2.526517111213251354e+01 8.250612767445962524e+10 0.000000000000000000e+00 3.740405142816086615e+25
1.001184821185190789e+07 5.006735648560083064e+03 2.520629946904139729e+01 7.339108718074832153e+10 0.000000000000000000e+00 3.785575590242663607e+25
1.008336141336513683e+07 4.917599946775742865e+03 2.514557242493039979e+01 6.445625542246936035e+10 0.000000000000000000e+00 3.830597299488380768e+25
1.015487461487836391e+07 4.826284005629153398e+03 2.508284039871505655e+01 5.570534251372592926e+10 0.000000000000000000e+00 3.875432152945411126e+25
1.022638781639159285e+07 4.732588441355139366e+03 2.501794970600026602e+01 4.714227962703442383e+10 0.000000000000000000e+00 3.920040267953506123e+25
1.029790101790481992e+07 4.636231828003776172e+03 2.495073235462058747e+01 3.877149983953665161e+10 0.000000000000000000e+00 3.964377785748425599e+25
1.036941421941804886e+07 4.536877052569761872e+03 2.488100309735564153e+01 3.059800786676818848e+10 0.000000000000000000e+00 4.008396260394530735e+25
1.044092742093127593e+07 4.434131621304666623e+03 2.480855943193014568e+01 2.262738006266024017e+10 0.000000000000000000e+00 4.052042658784775896e+25
1.051244062244450487e+07 4.327489453968490125e+03 2.473317814830627270e+01 1.486586245813420677e+10 0.000000000000000000e+00 4.095258700861488034e+25
1.058395382395773195e+07 4.216307652391518786e+03 2.465460707965354104e+01 7.320596086873308182e+09 0.000000000000000000e+00 4.137978824169063184e+25
1.065546702547096089e+07 4.099750755798339924e+03 2.457255188451671302e+01 1.144384568023681641e+04 0.000000000000000000e+00 4.180127655138502887e+25
