# Radius (m)	Density (kg/m^3)	Gravity (m/s^2)	Pressure (Pa)	Temperature (K)	Mass Enclosed (kg)
0.000000000000000000e+00 2.992635790517902205e+04 0.000000000000000000e+00 5.429937305795401367e+12 0.000000000000000000e+00 0.000000000000000000e+00
8.174997436978881888e+04 2.992479399061378354e+04 6.839883200793104301e-01 5.429100581852485352e+12 0.000000000000000000e+00 6.848860985525124301e+19
1.634999487395776378e+05 2.992010303017736442e+04 1.367847895826789895e+00 5.426590829082305664e+12 0.000000000000000000e+00 5.478533780732512174e+20
2.452499231093664421e+05 2.991228737898502732e+04 2.051450221582510558e+00 5.422409307516184570e+12 0.000000000000000000e+00 1.848729403504384541e+21
3.269998974791552755e+05 2.990135095846703916e+04 2.734667328579062584e+00 5.416558115193661133e+12 0.000000000000000000e+00 4.381209829146336690e+21
4.087498718489441089e+05 2.988729925244433252e+04 3.417369825055942112e+00 5.409040186062902344e+12 0.000000000000000000e+00 8.554488964322068267e+21
4.904998462187328842e+05 2.987013929372776329e+04 4.099430425289663837e+00 5.399859282811046875e+12 0.000000000000000000e+00 1.477699174134816598e+22
5.722498205885217758e+05 2.984987963840691373e+04 4.780721784425193022e+00 5.389019983108245117e+12 0.000000000000000000e+00 2.345605747493938450e+22
6.539997949583105510e+05 2.982653043495409293e+04 5.461115014370600207e+00 5.376527716579584961e+12 0.000000000000000000e+00 3.499705959144317832e+22
7.357497693280993262e+05 2.979992181291614907e+04 6.140479681389571454e+00 5.362388765578860352e+12 0.000000000000000000e+00 4.980339071367834606e+22
8.174997436978882179e+05 2.977006894003654816e+04 6.818683806101413225e+00 5.346610265188574219e+12 0.000000000000000000e+00 6.827646266093502621e+22
8.992497180676769931e+05 2.973712915507079015e+04 7.495593977080449832e+00 5.329200201774098633e+12 0.000000000000000000e+00 9.081569023619221999e+22
9.809996924374657683e+05 2.970111871275700832e+04 8.171095080791927145e+00 5.310167166649004883e+12 0.000000000000000000e+00 1.178161126109426441e+23
1.062749666807254544e+06 2.966205562746655050e+04 8.845064616181987915e+00 5.289520681167120117e+12 0.000000000000000000e+00 1.496723732945358574e+23
1.144499641177043552e+06 2.961995976904659983e+04 9.517366044717793017e+00 5.267271247379375000e+12 0.000000000000000000e+00 1.867773179738080925e+23
1.226249615546832327e+06 2.957474470225545519e+04 1.018786444475211006e+01 5.243430142706227539e+12 0.000000000000000000e+00 2.295192973333442373e+23
1.307999589916621102e+06 2.952605895196576603e+04 1.085642651152331872e+01 5.218009419937656250e+12 0.000000000000000000e+00 2.782821670554787738e+23
1.389749564286409877e+06 2.947437248669755354e+04 1.152292055715540897e+01 5.191021907233165039e+12 0.000000000000000000e+00 3.334452878202951078e+23
1.471499538656198652e+06 2.941971135991999472e+04 1.218721651065798106e+01 5.162481208121782227e+12 0.000000000000000000e+00 3.953835253056256690e+23
1.553249513025987661e+06 2.936210311008944700e+04 1.284918591792624909e+01 5.132401701502056641e+12 0.000000000000000000e+00 4.644672501870522133e+23
1.634999487395776436e+06 2.930092240209866941e+04 1.350870194174102856e+01 5.100798541642064453e+12 0.000000000000000000e+00 5.410623381379050845e+23
1.716749461765565211e+06 2.923672952807388356e+04 1.416563936176875416e+01 5.067687658179403320e+12 0.000000000000000000e+00 6.255301698292643550e+23
1.798499436135353986e+06 2.916964598008141184e+04 1.481987457456146728e+01 5.033085756121194336e+12 0.000000000000000000e+00 7.182276309299591549e+23
1.880249410505142761e+06 2.909935086634250911e+04 1.547128559355682142e+01 4.997010315844083984e+12 0.000000000000000000e+00 8.195071121065669338e+23
1.961999384874931537e+06 2.902569320082462946e+04 1.611975204907807679e+01 4.959479593094241211e+12 0.000000000000000000e+00 9.297165090234151385e+23
2.043749359244720545e+06 2.894921631150597386e+04 1.676514486063499021e+01 4.920512393827080078e+12 0.000000000000000000e+00 1.049191720886994909e+24
2.125499333614509087e+06 2.886953138224617942e+04 1.740732133401444770e+01 4.880128245596084961e+12 0.000000000000000000e+00 1.178259143261452488e+24
2.207249307984298095e+06 2.878652287172175420e+04 1.804615339630231929e+01 4.838347900764546875e+12 0.000000000000000000e+00 1.317252918217786729e+24
2.288999282354087103e+06 2.870078297263563945e+04 1.868151314219570125e+01 4.795192776946429688e+12 0.000000000000000000e+00 1.466498712050503030e+24
2.370749256723875646e+06 2.861148251512524075e+04 1.931327242561294355e+01 4.750684945368117188e+12 0.000000000000000000e+00 1.626313356064061827e+24
2.452499231093664654e+06 2.851928911340285413e+04 1.994130285969366057e+01 4.704847130868407227e+12 0.000000000000000000e+00 1.797004846572881282e+24
2.534249205463453196e+06 2.842397884037455879e+04 2.056547581679869552e+01 4.657702711898517578e+12 0.000000000000000000e+00 1.978872344901330166e+24
2.615999179833242204e+06 2.832537284186375837e+04 2.118566242851016312e+01 4.609275720522083008e+12 0.000000000000000000e+00 2.172206177383736987e+24
2.697749154203031212e+06 2.822392108152155561e+04 2.180173358563142472e+01 4.559590842415155273e+12 0.000000000000000000e+00 2.377287835364380325e+24
2.779499128572819754e+06 2.811896125355410913e+04 2.241355993818708470e+01 4.508673416866204102e+12 0.000000000000000000e+00 2.594389975197495008e+24
2.861249102942608763e+06 2.801125144253054168e+04 2.302101189542300830e+01 4.456549436776117188e+12 0.000000000000000000e+00 2.823776418247273991e+24
2.942999077312397305e+06 2.790001029986811773e+04 2.362395962580631092e+01 4.403245548658197266e+12 0.000000000000000000e+00 3.065702150887860033e+24
3.024749051682186313e+06 2.778593941378542513e+04 2.422227305702536526e+01 4.348789052638167969e+12 0.000000000000000000e+00 3.320413324503355092e+24
3.106499026051975321e+06 2.766850494674263609e+04 2.481582187598977995e+01 4.293207902454167480e+12 0.000000000000000000e+00 3.588147255487814422e+24
3.188249000421763863e+06 2.754798582236684160e+04 2.540447552883042803e+01 4.236530705456753906e+12 0.000000000000000000e+00 3.869132425245244424e+24
3.269998974791552871e+06 2.742446447901944339e+04 2.598810322089943270e+01 4.178786722608900391e+12 0.000000000000000000e+00 4.163588480189613918e+24
3.351748949161341414e+06 2.729742857724555506e+04 2.656657391677017088e+01 4.120005868486000000e+12 0.000000000000000000e+00 4.471726231744838579e+24
3.433498923531130422e+06 2.716757760968111688e+04 2.713975634023726258e+01 4.060218711275860840e+12 0.000000000000000000e+00 4.793747656344795963e+24
3.515248897900919430e+06 2.703434064094947098e+04 2.770751897431659216e+01 3.999456472778710449e+12 0.000000000000000000e+00 5.129845895433315313e+24
3.596998872270707972e+06 2.689785011644597398e+04 2.826972804647891024e+01 3.937750926870908203e+12 0.000000000000000000e+00 5.480200148791111067e+24
3.678748846640496980e+06 2.675840755138929671e+04 2.882624288411876634e+01 3.875134004506370605e+12 0.000000000000000000e+00 5.844958307228563685e+24
3.760498821010285523e+06 2.661567552522474580e+04 2.937693470729533729e+01 3.811638609445625000e+12 0.000000000000000000e+00 6.224280673955010318e+24
3.842248795380074531e+06 2.646950866975631652e+04 2.992167499050642476e+01 3.747298210813110840e+12 0.000000000000000000e+00 6.618317249033212980e+24
3.923998769749863073e+06 2.632027321109010518e+04 3.046033352534065486e+01 3.682146759373963379e+12 0.000000000000000000e+00 7.027203326040205408e+24
4.005748744119652081e+06 2.616791441063048114e+04 3.099277842047749232e+01 3.616218687534014160e+12 0.000000000000000000e+00 7.451059492067313472e+24
4.087498718489441089e+06 2.601234009946868173e+04 3.151887610168721565e+01 3.549548909339788574e+12 0.000000000000000000e+00 7.889991627720132622e+24
4.169248692859229632e+06 2.585318112383358311e+04 3.203849131183094556e+01 3.482172820478510254e+12 0.000000000000000000e+00 8.344090907118537550e+24
4.250998667229018174e+06 2.569081345897301071e+04 3.255148711086063429e+01 3.414126298278094727e+12 0.000000000000000000e+00 8.813433797896696154e+24
4.332748641598807648e+06 2.552519261831754557e+04 3.305772487581905494e+01 3.345445701707153809e+12 0.000000000000000000e+00 9.298082061203049133e+24
4.414498615968596190e+06 2.535627467060686467e+04 3.355706430083981218e+01 3.276167871374997559e+12 0.000000000000000000e+00 9.798082751700308911e+24
4.496248590338384733e+06 2.518402073961889255e+04 3.404936339714734572e+01 3.206330129531628418e+12 0.000000000000000000e+00 1.031346821756548112e+25
4.577998564708174206e+06 2.500839697991015419e+04 3.453447849305692330e+01 3.135970280067743652e+12 0.000000000000000000e+00 1.084425610048985385e+25
4.659748539077962749e+06 2.482936872994292935e+04 3.501226423397462639e+01 3.065126608514740234e+12 0.000000000000000000e+00 1.139044933567897298e+25
4.741498513447751291e+06 2.464690579035106202e+04 3.548257358239739290e+01 2.993837882044705566e+12 0.000000000000000000e+00 1.195203615185268829e+25
4.823248487817540765e+06 2.446098420378064475e+04 3.594525781791298158e+01 2.922143349470424316e+12 0.000000000000000000e+00 1.252899007124512993e+25
4.904998462187329307e+06 2.427158092155755003e+04 3.640016653719995077e+01 2.850082741245378418e+12 0.000000000000000000e+00 1.312126990960468255e+25
4.986748436557117850e+06 2.407867936356692371e+04 3.684714765402774361e+01 2.777696269463742676e+12 0.000000000000000000e+00 1.372881977619404336e+25
5.068498410926906392e+06 2.388226495502748003e+04 3.728604928943654784e+01 2.705024561842811523e+12 0.000000000000000000e+00 1.435156763343421595e+25
5.150248385296695866e+06 2.368232794126647059e+04 3.771672788500512041e+01 2.632108309916812012e+12 0.000000000000000000e+00 1.498941486085049109e+25
5.231998359666484408e+06 2.347845552460809995e+04 3.813902731588690642e+01 2.558988894871100098e+12 0.000000000000000000e+00 1.564224653156777807e+25
5.313748334036272950e+06 2.327092278272781550e+04 3.855278689841834705e+01 2.485708153721199707e+12 0.000000000000000000e+00 1.630992888802379569e+25
5.395498308406062424e+06 2.305979609974908817e+04 3.895784360329864882e+01 2.412308307689353027e+12 0.000000000000000000e+00 1.699230804329654901e+25
5.477248282775850967e+06 2.284488411512974562e+04 3.935403205558972672e+01 2.338831962204523926e+12 0.000000000000000000e+00 1.768920998110431853e+25
5.558998257145639509e+06 2.262583690260610820e+04 3.974118453471626111e+01 2.265322106902393066e+12 0.000000000000000000e+00 1.840044055580569248e+25
5.640748231515428051e+06 2.240317404278109461e+04 4.011913245838771047e+01 2.191822041055584473e+12 0.000000000000000000e+00 1.912578618328417272e+25
5.722498205885217525e+06 2.217614489485519880e+04 4.048771380329122138e+01 2.118374923072914307e+12 0.000000000000000000e+00 1.986501585706004967e+25
5.804248180255006067e+06 2.194533663073199932e+04 4.084671223885768399e+01 2.045026758680212891e+12 0.000000000000000000e+00 2.061785015178310517e+25
5.885998154624794610e+06 2.170998002037558035e+04 4.119594581224060192e+01 1.971822168199233643e+12 0.000000000000000000e+00 2.138400495112261326e+25
5.967748128994584084e+06 2.147060543781462911e+04 4.153524930094784651e+01 1.898805153211494629e+12 0.000000000000000000e+00 2.216318213135184841e+25
6.049498103364372626e+06 2.122670139138238301e+04 4.186440752061844250e+01 1.826022280577891357e+12 0.000000000000000000e+00 2.295503507288455899e+25
6.131248077734161168e+06 1.117098440050239878e+04 4.177944509346153978e+01 1.774055767912254395e+12 0.000000000000000000e+00 2.353177922268286762e+25
6.212998052103950642e+06 1.108872234658925117e+04 4.144036685029509215e+01 1.736195640718094238e+12 0.000000000000000000e+00 2.396736818212387044e+25
6.294748026473739184e+06 1.100678512562090691e+04 4.111870451548991667e+01 1.698913092339116699e+12 0.000000000000000000e+00 2.441127387411645559e+25
6.376498000843527727e+06 1.092511970405360626e+04 4.081345464820221736e+01 1.662187159291807373e+12 0.000000000000000000e+00 2.486349232098438822e+25
6.458247975213316269e+06 1.084373380219262981e+04 4.052366095827804315e+01 1.625998912616261230e+12 0.000000000000000000e+00 2.532400701969035892e+25
6.539997949583105743e+06 1.076259457832589760e+04 4.024841796372579950e+01 1.590330198985334229e+12 0.000000000000000000e+00 2.579280076701748375e+25
6.621747923952894285e+06 1.068166964525633557e+04 3.998690360504598118e+01 1.555164034837513184e+12 0.000000000000000000e+00 2.626985823363472198e+25
6.703497898322682828e+06 1.060093292921254397e+04 3.973834529500125257e+01 1.520484912947775635e+12 0.000000000000000000e+00 2.675515673746021306e+25
6.785247872692472301e+06 1.052035364578507324e+04 3.950200579025361947e+01 1.486278153919722656e+12 0.000000000000000000e+00 2.724866931603477428e+25
6.866997847062260844e+06 1.043990310340475844e+04 3.927718319136450020e+01 1.452529906185580322e+12 0.000000000000000000e+00 2.775036472652185784e+25
6.948747821432049386e+06 1.035955671631304904e+04 3.906321094279464035e+01 1.419227146006196045e+12 0.000000000000000000e+00 2.826020744570761094e+25
7.030497795801838860e+06 1.027929068546975759e+04 3.885945783290418376e+01 1.386357677471041016e+12 0.000000000000000000e+00 2.877815767000084144e+25
7.112247770171627402e+06 1.019907686378688777e+04 3.866532799395263709e+01 1.353910132498210938e+12 0.000000000000000000e+00 2.930417131543302218e+25
7.193997744541415945e+06 1.011889393972545440e+04 3.848026090209886974e+01 1.321873970834423340e+12 0.000000000000000000e+00 2.983820001765829950e+25
7.275747718911204487e+06 1.003872012382525645e+04 3.830373137740112810e+01 1.290239480055019775e+12 0.000000000000000000e+00 3.038019113195348474e+25
7.357497693280993961e+06 9.958537713034325861e+03 3.813524958381702135e+01 1.258997775563964355e+12 0.000000000000000000e+00 3.093008773321805847e+25
7.439247667650782503e+06 9.878253508612680889e+03 3.797434470327153377e+01 1.228140378246182373e+12 0.000000000000000000e+00 3.148782898614201287e+25
7.520997642020571046e+06 9.797907748278616054e+03 3.782054743005498665e+01 1.197658791760975830e+12 0.000000000000000000e+00 3.205335063302124075e+25
7.602747616390360519e+06 9.717479424684155674e+03 3.767344669227846055e+01 1.167546032780132812e+12 0.000000000000000000e+00 3.262658268378899116e+25
7.684497590760149062e+06 9.636958261092906469e+03 3.753264763979567675e+01 1.137795553096084717e+12 0.000000000000000000e+00 3.320744965139694786e+25
7.766247565129937604e+06 9.556325534322797466e+03 3.739776914283692832e+01 1.108401174775039795e+12 0.000000000000000000e+00 3.379587059508279001e+25
7.847997539499726146e+06 9.475564893384107563e+03 3.726844379200915114e+01 1.079357090156985107e+12 0.000000000000000000e+00 3.439175912037017063e+25
7.929747513869515620e+06 9.394661445449557505e+03 3.714431789829588126e+01 1.050657861855686035e+12 0.000000000000000000e+00 3.499502337906871670e+25
8.011497488239304163e+06 9.313571470095710538e+03 3.702505149305726917e+01 1.022298422758686890e+12 0.000000000000000000e+00 3.560556606927402905e+25
8.093247462609092705e+06 9.232180957853584914e+03 3.691031832803007973e+01 9.942740760273098145e+11 0.000000000000000000e+00 3.622328443536769534e+25
8.174997436978882179e+06 9.150599789696683729e+03 3.679980587532768510e+01 9.665804950966551514e+11 0.000000000000000000e+00 3.684807026801728142e+25
8.256747411348670721e+06 9.068817021855655184e+03 3.669321532744007897e+01 9.392137236756022949e+11 0.000000000000000000e+00 3.747980990417631843e+25
8.338497385718459263e+06 8.986822842846504500e+03 3.659026159723386229e+01 9.121701757468083496e+11 0.000000000000000000e+00 3.811838422708432004e+25
8.420247360088247806e+06 8.904392038379281075e+03 3.649067331795223623e+01 8.854466355667092285e+11 0.000000000000000000e+00 3.876366866626679528e+25
8.501997334458036348e+06 8.821716108115371753e+03 3.639419284321504477e+01 8.590402576655187988e+11 0.000000000000000000e+00 3.941553319753520560e+25
8.583747308827826753e+06 8.738794365205951181e+03 3.630057624701871788e+01 8.329485668472292480e+11 0.000000000000000000e+00 4.007384234298702503e+25
8.665497283197615296e+06 8.655401327807350754e+03 3.620959332373631412e+01 8.071694581896123047e+11 0.000000000000000000e+00 4.073845517100563707e+25
8.747247257567403838e+06 8.571697011083670077e+03 3.612102758811749226e+01 7.817011970442167969e+11 0.000000000000000000e+00 4.140922529626048072e+25
8.828997231937192380e+06 8.487642485770542407e+03 3.603467444188586200e+01 7.565423875483638916e+11 0.000000000000000000e+00 4.208600004934248610e+25
8.910747206306980923e+06 8.403088871223233582e+03 3.595030263828828510e+01 7.316912691398493652e+11 0.000000000000000000e+00 4.276860587548923939e+25
8.992497180676769465e+06 8.318218351439641992e+03 3.586770255019112597e+01 7.071464849576557617e+11 0.000000000000000000e+00 4.345687434211314574e+25
9.074247155046558008e+06 8.232755088583227916e+03 3.578668222462541593e+01 6.829071004388037109e+11 0.000000000000000000e+00 4.415063443750356797e+25
9.155997129416348413e+06 8.146925815153896110e+03 3.570705342897262824e+01 6.589723780278955078e+11 0.000000000000000000e+00 4.484970526763289427e+25
9.237747103786136955e+06 8.060505931840229096e+03 3.562863165096469231e+01 6.353417771771170654e+11 0.000000000000000000e+00 4.555389605615649522e+25
9.319497078155925497e+06 7.973586532142304350e+03 3.555123609868396528e+01 6.120149543462344971e+11 0.000000000000000000e+00 4.626300614441282688e+25
9.401247052525714040e+06 7.886174305000216918e+03 3.547468970056327464e+01 5.889917630025968018e+11 0.000000000000000000e+00 4.697682499142333630e+25
9.482997026895502582e+06 7.798048382346263679e+03 3.539881910538588983e+01 5.662722536211345215e+11 0.000000000000000000e+00 4.769513217389251304e+25
9.564747001265291125e+06 7.709354895651566949e+03 3.532345468228552221e+01 5.438566736843605957e+11 0.000000000000000000e+00 4.841769738620787204e+25
9.646496975635081530e+06 7.620039936526998645e+03 3.524843052074632510e+01 5.217454676823691406e+11 0.000000000000000000e+00 4.914428044043994495e+25
9.728246950004870072e+06 7.530051800112354613e+03 3.517358443060290796e+01 4.999392771128378906e+11 0.000000000000000000e+00 4.987463126634228022e+25
9.809996924374658614e+06 7.439340785195206081e+03 3.509875794204033639e+01 4.784389404810253906e+11 0.000000000000000000e+00 5.060848991135146881e+25
9.891746898744447157e+06 7.347853372003413824e+03 3.502379630559411083e+01 4.572454932997720337e+11 0.000000000000000000e+00 5.134558654058711843e+25
9.973496873114235699e+06 7.255571206538232218e+03 3.494854849215017367e+01 4.363601680895007935e+11 0.000000000000000000e+00 5.208564143685187075e+25
1.005524684748402424e+07 7.162430814759763962e+03 3.487286719294493764e+01 4.157843943782163086e+11 0.000000000000000000e+00 5.282836500063139276e+25
1.013699682185381278e+07 7.068405810952019237e+03 3.479660881956522900e+01 3.955197987015053101e+11 0.000000000000000000e+00 5.357345775009437680e+25
1.021874679622360319e+07 6.973465422177030632e+03 3.471963350394835146e+01 3.755682046025361938e+11 0.000000000000000000e+00 5.432061032109254059e+25
1.030049677059339173e+07 6.877583416538207530e+03 3.464180509838204358e+01 3.559316326320603638e+11 0.000000000000000000e+00 5.506950346716060138e+25
1.038224674496318027e+07 6.780610800964326700e+03 3.456299027863332185e+01 3.366123026724143677e+11 0.000000000000000000e+00 5.581980660191914589e+25
1.046399671933296882e+07 6.682566869500924440e+03 3.448303162688989687e+01 3.176126315759996948e+11 0.000000000000000000e+00 5.657113746573794128e+25
1.054574669370275736e+07 6.583321439924121478e+03 3.440177881946112137e+01 2.989350749871406860e+11 0.000000000000000000e+00 5.732311672964776778e+25
1.062749666807254590e+07 6.482867208709471015e+03 3.431908853813665417e+01 2.805823428961578369e+11 0.000000000000000000e+00 5.807535800065672290e+25
1.070924664244233444e+07 6.381081126456274433e+03 3.423481329281247554e+01 2.625574638769993896e+11 0.000000000000000000e+00 5.882744801924683253e+25
1.079099661681212485e+07 6.277852984625804311e+03 3.414880142149088726e+01 2.448637850872409668e+11 0.000000000000000000e+00 5.957894665937406812e+25
1.087274659118191339e+07 6.173087614323641901e+03 3.406089709028048418e+01 2.275049722680872192e+11 0.000000000000000000e+00 6.032938692846832948e+25
1.095449656555170193e+07 6.066706573764846326e+03 3.397094029339619681e+01 2.104850097443693848e+11 0.000000000000000000e+00 6.107827496743347916e+25
1.103624653992149048e+07 5.958567153789022996e+03 3.387876685315925585e+01 1.938082004245469360e+11 0.000000000000000000e+00 6.182509005064732528e+25
1.111799651429127902e+07 5.848533176914364958e+03 3.378420841999721347e+01 1.774791658007069702e+11 0.000000000000000000e+00 6.256928458596161291e+25
1.119974648866106756e+07 5.736397284544120339e+03 3.368709247244393623e+01 1.615028459485644836e+11 0.000000000000000000e+00 6.331028411470204985e+25
1.128149646303085610e+07 5.621994568951080510e+03 3.358724231713960506e+01 1.458844995274622803e+11 0.000000000000000000e+00 6.404748731166824652e+25
1.136324643740064651e+07 5.505116637769076988e+03 3.348446654230363606e+01 1.306300156717125244e+11 0.000000000000000000e+00 6.478023992235456980e+25
1.144499641177043505e+07 5.385494760790999862e+03 3.337855196661788426e+01 1.157461034934477692e+11 0.000000000000000000e+00 6.550781682830373887e+25
1.152674638614022359e+07 5.262818443131331151e+03 3.326927730074845613e+01 1.012399723041286469e+11 0.000000000000000000e+00 6.622945231962726912e+25
1.160849636051001213e+07 5.136744886172507904e+03 3.315639792210099301e+01 8.711983164664385986e+10 0.000000000000000000e+00 6.694430116669470624e+25
1.169024633487980068e+07 5.006772882836452482e+03 3.303964564776516255e+01 7.339489828184373474e+10 0.000000000000000000e+00 6.765143805369428673e+25
1.177199630924958922e+07 4.872413504925669258e+03 3.291872772588006768e+01 6.007543345388352966e+10 0.000000000000000000e+00 6.834985490933582885e+25
1.185374628361937962e+07 4.732935942330434045e+03 3.279331162988744097e+01 4.717329242827273560e+10 0.000000000000000000e+00 6.903842052877560274e+25
1.193549625798916817e+07 4.587471017980518809e+03 3.266301792936610582e+01 3.470219529861790466e+10 0.000000000000000000e+00 6.971586087960699365e+25
1.201724623235895671e+07 4.434814561749427412e+03 3.252739382389542300e+01 2.267875243581244659e+10 0.000000000000000000e+00 7.038068856140642659e+25
1.209899620672874525e+07 4.273352482006396713e+03 3.238590538128730856e+01 1.112275670383274078e+10 0.000000000000000000e+00 7.103118241894567594e+25
1.218074618109853379e+07 4.100726507521187159e+03 3.223789258379871114e+01 5.886774790393447876e+07 0.000000000000000000e+00 7.166527160333462401e+25
