# Radius (m)	Density (kg/m^3)	Gravity (m/s^2)	Pressure (Pa)	Temperature (K)	Mass Enclosed (kg)
0.000000000000000000e+00 3.183821258248460799e+04 0.000000000000000000e+00 6.503353519667874023e+12 0.000000000000000000e+00 0.000000000000000000e+00
8.480581421074770333e+04 3.183648323621843883e+04 7.548853120521689108e-01 6.502334348572999023e+12 0.000000000000000000e+00 8.134420690454731162e+19
1.696116284214954067e+05 3.183129609732033714e+04 1.509622880231307640e+00 6.499277365634724609e+12 0.000000000000000000e+00 6.506857828015226225e+20
2.544174426322430954e+05 3.182265387367077346e+04 2.264065484436948772e+00 6.494184166712459961e+12 0.000000000000000000e+00 2.195722678196341572e+21
3.392232568429908133e+05 3.181056106940023892e+04 3.018066067576913092e+00 6.487057406265684570e+12 0.000000000000000000e+00 5.203484184093923475e+21
4.240290710537385312e+05 3.179502394118679513e+04 3.771478857245765148e+00 6.477900771598421875e+12 0.000000000000000000e+00 1.015989038916370747e+22
5.088348852644861909e+05 3.177605060515132209e+04 4.524154977554427859e+00 6.466719045856745117e+12 0.000000000000000000e+00 1.755002771431543643e+22
5.936406994752339087e+05 3.175358899897531592e+04 5.275941916567107981e+00 6.453518100481519531e+12 0.000000000000000000e+00 2.785732346194725280e+22
6.784465136859816266e+05 3.172746287362292787e+04 6.026689069789165742e+00 6.438304859626522461e+12 0.000000000000000000e+00 4.156287673139487310e+22
7.632523278967293445e+05 3.169789467567729298e+04 6.776247740690521049e+00 6.421087300155770508e+12 0.000000000000000000e+00 5.914545837222763325e+22
8.480581421074770624e+05 3.166489991187963460e+04 7.524471140705643712e+00 6.401874451643521484e+12 0.000000000000000000e+00 8.108151098424845088e+22
9.328639563182247803e+05 3.162849580750497989e+04 8.271216703175227281e+00 6.380676344366147461e+12 0.000000000000000000e+00 1.078445179566993441e+23
1.017669770528972382e+06 3.158870102769312507e+04 9.016349951263320506e+00 6.357503847033167969e+12 0.000000000000000000e+00 1.399032106031671977e+23
1.102475584739720216e+06 3.154553657444458076e+04 9.759717635070796149e+00 6.332369189107925781e+12 0.000000000000000000e+00 1.777268938546930118e+23
1.187281398950467817e+06 3.149893603346616510e+04 1.050116519372880219e+01 6.305285643754698242e+12 0.000000000000000000e+00 2.217803595406773741e+23
1.272087213161215652e+06 3.144849851128653245e+04 1.124053979192182595e+01 6.276267466585314453e+12 0.000000000000000000e+00 2.725230778544521856e+23
1.356893027371963253e+06 3.139472482279245378e+04 1.197769031988767097e+01 6.245329895659154297e+12 0.000000000000000000e+00 3.304091973532796196e+23
1.441698841582710855e+06 3.133764316142191819e+04 1.271246739341747301e+01 6.212489151483148438e+12 0.000000000000000000e+00 3.958875449583529278e+23
1.526504655793458689e+06 3.127728342823978892e+04 1.344472335385569473e+01 6.177762437011777344e+12 0.000000000000000000e+00 4.694016259547964732e+23
1.611310470004206290e+06 3.121315472972223506e+04 1.417431226810012035e+01 6.141167937647072266e+12 0.000000000000000000e+00 5.513896239916643883e+23
1.696116284214954125e+06 3.114552485627620626e+04 1.490108992860186632e+01 6.102724821238615234e+12 0.000000000000000000e+00 6.422844010819429576e+23
1.780922098425701726e+06 3.107467830878741370e+04 1.562491385336536709e+01 6.062453238083540039e+12 0.000000000000000000e+00 7.425134976025477985e+23
1.865727912636449561e+06 3.100054062430305203e+04 1.634564328594839822e+01 6.020374320926530273e+12 0.000000000000000000e+00 8.524991322943270829e+23
1.950533726847197162e+06 3.092243616830913379e+04 1.706313919546204616e+01 5.976510184959819336e+12 0.000000000000000000e+00 9.726582022620577792e+23
2.035339541057944763e+06 3.084119346176979161e+04 1.777725347532262745e+01 5.930883580426233398e+12 0.000000000000000000e+00 1.103392527569794904e+24
2.120145355268692598e+06 3.075674829368024803e+04 1.848782674063020792e+01 5.883518266515547852e+12 0.000000000000000000e+00 1.245095171075166779e+24
2.204951169479440432e+06 3.066829599227883591e+04 1.919471240547693469e+01 5.834439576461755859e+12 0.000000000000000000e+00 1.398167250353854674e+24
2.289756983690187801e+06 3.057680288989801920e+04 1.989776402557196278e+01 5.783673665991771484e+12 0.000000000000000000e+00 1.562999610091465280e+24
2.374562797900935635e+06 3.048180860458529423e+04 2.059683510636222792e+01 5.731247505046734375e+12 0.000000000000000000e+00 1.739972607488208744e+24
2.459368612111683469e+06 3.038319270176044665e+04 2.129177910303243948e+01 5.677188877782013672e+12 0.000000000000000000e+00 1.929456112258893304e+24
2.544174426322431304e+06 3.028160892368482746e+04 2.198244942050508399e+01 5.621526382567207031e+12 0.000000000000000000e+00 2.131809506632928774e+24
2.628980240533178672e+06 3.017591971005996311e+04 2.266869941344042516e+01 5.564289431986135742e+12 0.000000000000000000e+00 2.347381685354324671e+24
2.713786054743926506e+06 3.006737904642991271e+04 2.335038238623651807e+01 5.505508252836851562e+12 0.000000000000000000e+00 2.576511055681696383e+24
2.798591868954674341e+06 2.995491124908308120e+04 2.402735159302917722e+01 5.445213886131630859e+12 0.000000000000000000e+00 2.819525537388254166e+24
2.883397683165421709e+06 2.983944674455212953e+04 2.469946023769200849e+01 5.383438187096981445e+12 0.000000000000000000e+00 3.076742562761810662e+24
2.968203497376169544e+06 2.972012695893895580e+04 2.536656147383638427e+01 5.320213825173633789e+12 0.000000000000000000e+00 3.348469076604782505e+24
3.053009311586917378e+06 2.959782915132561902e+04 2.602850840481147543e+01 5.255574284016548828e+12 0.000000000000000000e+00 3.635001536234184151e+24
3.137815125797665212e+06 2.947156088653664847e+04 2.668515408370420516e+01 5.189553861494913086e+12 0.000000000000000000e+00 3.936625911481631634e+24
3.222620940008412581e+06 2.934239002418633754e+04 2.733635151333929159e+01 5.122187669692140625e+12 0.000000000000000000e+00 4.253617684693339884e+24
3.307426754219160415e+06 2.920924612742116005e+04 2.798195364627922999e+01 5.053511634905875000e+12 0.000000000000000000e+00 4.586241850730131313e+24
3.392232568429908250e+06 2.907295822527253040e+04 2.862181338482428572e+01 4.983562497647984375e+12 0.000000000000000000e+00 4.934752916967421859e+24
3.477038382640655618e+06 2.893325141086008080e+04 2.925578358101250842e+01 4.912377812644566406e+12 0.000000000000000000e+00 5.299394903295229577e+24
3.561844196851403452e+06 2.878979718686277920e+04 2.988371703661972845e+01 4.839995948835942383e+12 0.000000000000000000e+00 5.680401342118178931e+24
3.646650011062151287e+06 2.864320275342553214e+04 3.050546440174224827e+01 4.766455991581092773e+12 0.000000000000000000e+00 6.077990953190174847e+24
3.731455825272899121e+06 2.849304182198059425e+04 3.112086447520033516e+01 4.691797189626885742e+12 0.000000000000000000e+00 6.492343981679294894e+24
3.816261639483646490e+06 2.833918689680729949e+04 3.172977073460445041e+01 4.616060025024117188e+12 0.000000000000000000e+00 6.923652249883235183e+24
3.901067453694394324e+06 2.818206459051678030e+04 3.233203865585623760e+01 4.539285695143603516e+12 0.000000000000000000e+00 7.372097054614317389e+24
3.985873267905142158e+06 2.802161619905438420e+04 3.292752223568130177e+01 4.461515960931597656e+12 0.000000000000000000e+00 7.837842450227896401e+24
4.070679082115889527e+06 2.785732769976115378e+04 3.351607399162919876e+01 4.382793146909793945e+12 0.000000000000000000e+00 8.321035248622369994e+24
4.155484896326637361e+06 2.768953250457891409e+04 3.409754496207346364e+01 4.303160141175319824e+12 0.000000000000000000e+00 8.821805019239186338e+24
4.240290710537385195e+06 2.751831555637085694e+04 3.467178470621158226e+01 4.222660395400743652e+12 0.000000000000000000e+00 9.340264089062826821e+24
4.325096524748132564e+06 2.734362849146280496e+04 3.523864130406499839e+01 4.141337924834072266e+12 0.000000000000000000e+00 9.876507542620816789e+24
4.409902338958880864e+06 2.716542562909236585e+04 3.579796135647914923e+01 4.059237308298747070e+12 0.000000000000000000e+00 1.043061322198373520e+25
4.494708153169628233e+06 2.698366372288342973e+04 3.634958998512338724e+01 3.976403688193652344e+12 0.000000000000000000e+00 1.100264172676518459e+25
4.579513967380375601e+06 2.679823761319349433e+04 3.689337083249106541e+01 3.892882770493105469e+12 0.000000000000000000e+00 1.159263641412182214e+25
4.664319781591123901e+06 2.660911660356487118e+04 3.742914606189950177e+01 3.808720824746863770e+12 0.000000000000000000e+00 1.220062339875335012e+25
4.749125595801871270e+06 2.641640078505044949e+04 3.795675635748993670e+01 3.723964684080124023e+12 0.000000000000000000e+00 1.282661155290249859e+25
4.833931410012618639e+06 2.622005762078709085e+04 3.847604092422761823e+01 3.638661745193518555e+12 0.000000000000000000e+00 1.347059250635505343e+25
4.918737224223366939e+06 2.602006647475779027e+04 3.898683748790174519e+01 3.552859968363116699e+12 0.000000000000000000e+00 1.413254064643984122e+25
5.003543038434114307e+06 2.581638065533684858e+04 3.948898229512545299e+01 3.466607877440430176e+12 0.000000000000000000e+00 1.481241311802872284e+25
5.088348852644862607e+06 2.560879848842957654e+04 3.998231011333588469e+01 3.379954559852404297e+12 0.000000000000000000e+00 1.551014982353661709e+25
5.173154666855609976e+06 2.539744575889659609e+04 4.046665951556943241e+01 3.292949418763883789e+12 0.000000000000000000e+00 1.622566907977015199e+25
5.257960481066357344e+06 2.518231157007416914e+04 4.094187005749447650e+01 3.205642150359964844e+12 0.000000000000000000e+00 1.695885901181979793e+25
5.342766295277105644e+06 2.496339803397449577e+04 4.140776686913764593e+01 3.118083373515562012e+12 0.000000000000000000e+00 1.770958903524626090e+25
5.427572109487853013e+06 2.474070331609238929e+04 4.186417420196092110e+01 3.030324062545003418e+12 0.000000000000000000e+00 1.847770636655218100e+25
5.512377923698600382e+06 2.451395050502778031e+04 4.231091582922850591e+01 2.942415529829561035e+12 0.000000000000000000e+00 1.926303582197724685e+25
5.597183737909348682e+06 2.428302904991171090e+04 4.274781504600678517e+01 2.854409425817453125e+12 0.000000000000000000e+00 2.006537981749816988e+25
5.681989552120096050e+06 2.404829610127927299e+04 4.317469466916433873e+01 2.766357739023847168e+12 0.000000000000000000e+00 2.088451836882865854e+25
5.766795366330843419e+06 2.380931661840691959e+04 4.359137924034105538e+01 2.678312641457098145e+12 0.000000000000000000e+00 2.172020986075128624e+25
5.851601180541591719e+06 2.356609487872243335e+04 4.399766495366710473e+01 2.590327934264880371e+12 0.000000000000000000e+00 2.257217396048318687e+25
5.936406994752339087e+06 2.331874493151327260e+04 4.439336325466550193e+01 2.502456915133097656e+12 0.000000000000000000e+00 2.344011325431448405e+25
6.021212808963087387e+06 2.306686783098276646e+04 4.477827389989534623e+01 2.414753719114557129e+12 0.000000000000000000e+00 2.432369907117809624e+25
6.106018623173834756e+06 2.281059348203003901e+04 4.515219015560779070e+01 2.327273023159272949e+12 0.000000000000000000e+00 2.522257304009685498e+25
6.190824437384582125e+06 2.254996203845576383e+04 4.551489869650433207e+01 2.240070065637154297e+12 0.000000000000000000e+00 2.613634616417723002e+25
6.275630251595330425e+06 2.228427705410552153e+04 4.586618692311776613e+01 2.153200209203961670e+12 0.000000000000000000e+00 2.706460216171670165e+25
6.360436065806077793e+06 1.185339123483379808e+04 4.553454922844601782e+01 2.104354070456479248e+12 0.000000000000000000e+00 2.760000363707886107e+25
6.445241880016825162e+06 1.176298636096263726e+04 4.517308085186520827e+01 2.058935276337368164e+12 0.000000000000000000e+00 2.811593113127877049e+25
6.530047694227573462e+06 1.167296505596214774e+04 4.483011166802184988e+01 2.014213275784813965e+12 0.000000000000000000e+00 2.864157140183781280e+25
6.614853508438320830e+06 1.158328750378008772e+04 4.450455892511955369e+01 1.970163661769959473e+12 0.000000000000000000e+00 2.917690834532514592e+25
6.699659322649068199e+06 1.149391783144206420e+04 4.419540432188631485e+01 1.926763716115989258e+12 0.000000000000000000e+00 2.972192005676636456e+25
6.784465136859816499e+06 1.140482035598289076e+04 4.390166642864338087e+01 1.883991326140686035e+12 0.000000000000000000e+00 3.027658397090607732e+25
6.869270951070563868e+06 1.131595820192364408e+04 4.362243611266312371e+01 1.841825747666220459e+12 0.000000000000000000e+00 3.084087703103083463e+25
6.954076765281311236e+06 1.122730203642827655e+04 4.335691451568771271e+01 1.800249538782318359e+12 0.000000000000000000e+00 3.141476324554261706e+25
7.038882579492059536e+06 1.113882245404798232e+04 4.310433477726798657e+01 1.759246086850955078e+12 0.000000000000000000e+00 3.199820150862889578e+25
7.123688393702806905e+06 1.105049036324115514e+04 4.286396090240759804e+01 1.718799569043288574e+12 0.000000000000000000e+00 3.259114575558537894e+25
7.208494207913555205e+06 1.096227992983004151e+04 4.263508776156296420e+01 1.678894952339656250e+12 0.000000000000000000e+00 3.319354496281604597e+25
7.293300022124302574e+06 1.087416365823945307e+04 4.241704109064330197e+01 1.639517993529577637e+12 0.000000000000000000e+00 3.380534314783310039e+25
7.378105836335049942e+06 1.078611485239107060e+04 4.220917749101060679e+01 1.600655239211751953e+12 0.000000000000000000e+00 3.442647936925701704e+25
7.462911650545798242e+06 1.069810758826348319e+04 4.201088442947965262e+01 1.562294025794060059e+12 0.000000000000000000e+00 3.505688772681651200e+25
7.547717464756545611e+06 1.061011997960319059e+04 4.182158023831801330e+01 1.524422479493564453e+12 0.000000000000000000e+00 3.569649736134854258e+25
7.632523278967292979e+06 1.052212788097991688e+04 4.164071411524603405e+01 1.487029516336507568e+12 0.000000000000000000e+00 3.634523245479832026e+25
7.717329093178041279e+06 1.043410741915979270e+04 4.146776612343684576e+01 1.450104842158312500e+12 0.000000000000000000e+00 3.700301223021931492e+25
7.802134907388788648e+06 1.034604031395415950e+04 4.130224719151637913e+01 1.413638952603584717e+12 0.000000000000000000e+00 3.766975095177322482e+25
7.886940721599536017e+06 1.025782750108412074e+04 4.114369911356333631e+01 1.377623133126109619e+12 0.000000000000000000e+00 3.834535792473001951e+25
7.971746535810284317e+06 1.016948420904816885e+04 4.099169454910920507e+01 1.342049458988853516e+12 0.000000000000000000e+00 3.902973749546790552e+25
8.056552350021031685e+06 1.008102939542860076e+04 4.084583702313827303e+01 1.306910795263964355e+12 0.000000000000000000e+00 3.972278905147332632e+25
8.141358164231779054e+06 9.992449254957751691e+03 4.070576092608758501e+01 1.272200796832770508e+12 0.000000000000000000e+00 4.042440702134100958e+25
8.226163978442527354e+06 9.903728159188993232e+03 4.057112530264290484e+01 1.237913810538029297e+12 0.000000000000000000e+00 4.113447966946320310e+25
8.310969792653274722e+06 9.814853426657373348e+03 4.044152432361232030e+01 1.204043432750101318e+12 0.000000000000000000e+00 4.185287319038444325e+25
8.395775606864022091e+06 9.725668076384870801e+03 4.031660390910646186e+01 1.170584253193761963e+12 0.000000000000000000e+00 4.257945659568048574e+25
8.480581421074770391e+06 9.636238258026029143e+03 4.019604569177966624e+01 1.137531600477852295e+12 0.000000000000000000e+00 4.331409636688670693e+25
8.565387235285518691e+06 9.546606945844021539e+03 4.007954098091988726e+01 1.104881135761726562e+12 0.000000000000000000e+00 4.405665105272303837e+25
8.650193049496265128e+06 9.456763940929637101e+03 3.996679076244870998e+01 1.072628852755251221e+12 0.000000000000000000e+00 4.480697126909400119e+25
8.734998863707013428e+06 9.366481966442399425e+03 3.985750569892132233e+01 1.040771077718804077e+12 0.000000000000000000e+00 4.556489969908871464e+25
8.819804677917761728e+06 9.275926531054254156e+03 3.975140612952655061e+01 1.009304469463277100e+12 0.000000000000000000e+00 4.633027109298083600e+25
8.904610492128508165e+06 9.185125047689492931e+03 3.964822207008683819e+01 9.782260193500748291e+11 0.000000000000000000e+00 4.710291226822861214e+25
8.989416306339256465e+06 9.093804949918529019e+03 3.954769321305825258e+01 9.475330512911121826e+11 0.000000000000000000e+00 4.788264210947489662e+25
9.074222120550004765e+06 9.002183795795177502e+03 3.944956892753046418e+01 9.172232217488188477e+11 0.000000000000000000e+00 4.866927156854708107e+25
9.159027934760751203e+06 8.910146205757020653e+03 3.935360825922678885e+01 8.872945197361372070e+11 0.000000000000000000e+00 4.946260366445712946e+25
9.243833748971499503e+06 8.817634893171420117e+03 3.925957993050415951e+01 8.577452668165196533e+11 0.000000000000000000e+00 5.026243348340162970e+25
9.328639563182247803e+06 8.724718711982342938e+03 3.916726234035311194e+01 8.285741171039333496e+11 0.000000000000000000e+00 5.106854817876169914e+25
9.413445377392994240e+06 8.631259615021634090e+03 3.907644356439783451e+01 7.997800572628581543e+11 0.000000000000000000e+00 5.188072697110304466e+25
9.498251191603742540e+06 8.537317281224291946e+03 3.898692135489610422e+01 7.713624065082843018e+11 0.000000000000000000e+00 5.269874114817597133e+25
9.583057005814490840e+06 8.442866049052438029e+03 3.889850314073934356e+01 7.433208166057165527e+11 0.000000000000000000e+00 5.352235406491533938e+25
9.667862820025237277e+06 8.347765258221868862e+03 3.881100587942750479e+01 7.156552690088808594e+11 0.000000000000000000e+00 5.435132100313085467e+25
9.752668634235985577e+06 8.252145857453106146e+03 3.872423302019512903e+01 6.883655688245168457e+11 0.000000000000000000e+00 5.518537104216758924e+25
9.837474448446733877e+06 8.155912836231133042e+03 3.863799398053311052e+01 6.614515993831717529e+11 0.000000000000000000e+00 5.602423417131990136e+25
9.922280262657482177e+06 8.058929923376002080e+03 3.855211405350854648e+01 6.349137066897425537e+11 0.000000000000000000e+00 5.686764072355345797e+25
1.000708607686822861e+07 7.961286327730258563e+03 3.846642015196061948e+01 6.087524698831463623e+11 0.000000000000000000e+00 5.771530526546089023e+25
1.009189189107897691e+07 7.862928351019482761e+03 3.838074080850054770e+01 5.829687012363173828e+11 0.000000000000000000e+00 5.856692659726196538e+25
1.017669770528972521e+07 7.763804763381409430e+03 3.829490617551161336e+01 5.575634461562108154e+11 0.000000000000000000e+00 5.942218775280339773e+25
1.026150351950047165e+07 7.663867785615444518e+03 3.820874802514916269e+01 5.325379831838007812e+11 0.000000000000000000e+00 6.028075599955891736e+25
1.034630933371121995e+07 7.563073624692895464e+03 3.812209974934057044e+01 5.078938239940786743e+11 0.000000000000000000e+00 6.114228283862937324e+25
1.043111514792196825e+07 7.461382046220589473e+03 3.803479635978530382e+01 4.836327133960569458e+11 0.000000000000000000e+00 6.200640400474256141e+25
1.051592096213271469e+07 7.358757356205738688e+03 3.794667448795485143e+01 4.597566293327668457e+11 0.000000000000000000e+00 6.287273946625331090e+25
1.060072677634346299e+07 7.255155804457772319e+03 3.785757238509278011e+01 4.362677828812574463e+11 0.000000000000000000e+00 6.374089342514355239e+25
1.068553259055421129e+07 7.150393714488509431e+03 3.776732992221470653e+01 4.131686182525980225e+11 0.000000000000000000e+00 6.461045431702216367e+25
1.077033840476495773e+07 7.044587669208142870e+03 3.767578859010830428e+01 3.904618127918773193e+11 0.000000000000000000e+00 6.548099481112507267e+25
1.085514421897570603e+07 6.937535093501758638e+03 3.758279149933328966e+01 3.681502769782012939e+11 0.000000000000000000e+00 6.635207181031527464e+25
1.093995003318645433e+07 6.829278899121930408e+03 3.748818338022145014e+01 3.462371544246967773e+11 0.000000000000000000e+00 6.722322645108276348e+25
1.102475584739720076e+07 6.719610738200924970e+03 3.739181058287662296e+01 3.247258218785095215e+11 0.000000000000000000e+00 6.809398410354453165e+25
1.110956166160794906e+07 6.608500708068905624e+03 3.729352107717470233e+01 3.036198892208030396e+11 0.000000000000000000e+00 6.896385437144467335e+25
1.119436747581869736e+07 6.495859030458353118e+03 3.719315631617655526e+01 2.829232864124800415e+11 0.000000000000000000e+00 6.983231459159405565e+25
1.127917329002944380e+07 6.381559813044848852e+03 3.709052944775157101e+01 2.626404889212294006e+11 0.000000000000000000e+00 7.069876692756493184e+25
1.136397910424019210e+07 6.265416973627780862e+03 3.698546519543516808e+01 2.427761851739876709e+11 0.000000000000000000e+00 7.156261543503526382e+25
1.144878491845094040e+07 6.147398425749608577e+03 3.687778206988941321e+01 2.233355418595482483e+11 0.000000000000000000e+00 7.242322568875500762e+25
1.153359073266168684e+07 6.027258139763884174e+03 3.676729011212768938e+01 2.043242301713316650e+11 0.000000000000000000e+00 7.327992006872672623e+25
1.161839654687243514e+07 5.904805498607129266e+03 3.665379089351473851e+01 1.857484258073847046e+11 0.000000000000000000e+00 7.413197776020570974e+25
1.170320236108318344e+07 5.779831560606940002e+03 3.653707751576663298e+01 1.676148089703825684e+11 0.000000000000000000e+00 7.497863475369978649e+25
1.178800817529392987e+07 5.652114561041411434e+03 3.641693352074269541e+01 1.499306099038707581e+11 0.000000000000000000e+00 7.581908061898220112e+25
1.187281398950467817e+07 5.521336495951843972e+03 3.629311681469555850e+01 1.327042428887274170e+11 0.000000000000000000e+00 7.665241250670730433e+25
1.195761980371542647e+07 5.387124860719850403e+03 3.616538421956646232e+01 1.159442096805564880e+11 0.000000000000000000e+00 7.747771027241611980e+25
1.204242561792617477e+07 5.249069966332075637e+03 3.603346166754115387e+01 9.966040005630902100e+10 0.000000000000000000e+00 7.829394532381327068e+25
1.212723143213692121e+07 5.106609948030625674e+03 3.589703299283505800e+01 8.386457077748390198e+10 0.000000000000000000e+00 7.909994694815351707e+25
1.221203724634766951e+07 4.959119826034311700e+03 3.575573993169330578e+01 6.857034559012658691e+10 0.000000000000000000e+00 7.989440231224181608e+25
1.229684306055841781e+07 4.805763444996816361e+03 3.560918212239071323e+01 5.379321522483113098e+10 0.000000000000000000e+00 8.067585646243327032e+25
1.238164887476916425e+07 4.645414941769922734e+03 3.545691710523179552e+01 3.955053739673904419e+10 0.000000000000000000e+00 8.144271232463311075e+25
1.246645468897991255e+07 4.476601252276794185e+03 3.529842481985586744e+01 2.586293020551230621e+10 0.000000000000000000e+00 8.219313322619611749e+25
1.255126050319066085e+07 4.297225467573456626e+03 3.513303689953889375e+01 1.275712268604412842e+10 0.000000000000000000e+00 8.292484508668678253e+25
1.263606631740140729e+07 4.104173722321631431e+03 3.495991581198699549e+01 2.669605335260467529e+08 0.000000000000000000e+00 8.363507661377496385e+25
