# Radius (m)	Density (kg/m^3)	Gravity (m/s^2)	Pressure (Pa)	Temperature (K)	Mass Enclosed (kg)
0.000000000000000000e+00 5.783622178819057444e+04 0.000000000000000000e+00 3.098875749386820312e+13 0.000000000000000000e+00 0.000000000000000000e+00
1.094902882391682069e+05 5.783189194414418307e+04 1.770422198257343815e+00 3.098315163222582031e+13 0.000000000000000000e+00 3.179957869881892536e+20
2.189805764783364139e+05 5.781890552119596396e+04 3.540366838434995778e+00 3.096633807277725000e+13 0.000000000000000000e+00 2.543630021130224402e+21
3.284708647175045917e+05 5.779727185525954701e+04 5.309358867470371557e+00 3.093832890275691406e+13 0.000000000000000000e+00 8.582804237115379941e+21
4.379611529566728277e+05 5.776697035001913900e+04 7.076918598442711428e+00 3.089914414954795703e+13 0.000000000000000000e+00 2.033771193267853564e+22
5.474514411958410637e+05 5.772761821326395147e+04 8.842555848622948744e+00 3.084881233853753125e+13 0.000000000000000000e+00 3.970645903205112532e+22
6.569417294350091834e+05 5.767957932325411821e+04 1.060578293817099649e+01 3.078737007561371875e+13 0.000000000000000000e+00 6.857915281681584803e+22
7.664320176741774194e+05 5.762288846658384136e+04 1.236612072267017481e+01 3.071486185320894922e+13 0.000000000000000000e+00 1.088367889985213762e+23
8.759223059133456554e+05 5.755758655530406395e+04 1.412310037394197337e+01 3.063133999828144922e+13 0.000000000000000000e+00 1.623507172479862120e+23
9.854125941525138915e+05 5.748372026444066432e+04 1.587627445899935807e+01 3.053686420869707812e+13 0.000000000000000000e+00 2.309770746548756121e+23
1.094902882391682127e+06 5.740134314361641009e+04 1.762515626243371614e+01 3.043150297500591797e+13 0.000000000000000000e+00 3.165667879667765556e+23
1.204393170630850364e+06 5.731051490285826003e+04 1.936925340973684939e+01 3.031533266698201172e+13 0.000000000000000000e+00 4.209535435326076402e+23
1.313883458870018367e+06 5.721119492718522088e+04 2.110808097002721340e+01 3.018843717484796094e+13 0.000000000000000000e+00 5.459500007024313699e+23
1.423373747109186603e+06 5.710234917574209976e+04 2.284116145604990677e+01 3.005090790927491797e+13 0.000000000000000000e+00 6.933477918274558330e+23
1.532864035348354839e+06 5.698516576013853773e+04 2.456802482417666411e+01 2.990284380138258594e+13 0.000000000000000000e+00 8.649175222600328565e+23
1.642354323587523075e+06 5.685972893008601386e+04 2.628820847440587727e+01 2.974435130273922656e+13 0.000000000000000000e+00 1.062408770353659147e+24
1.751844611826691311e+06 5.672612888725729135e+04 2.800125725036257052e+01 2.957554438536164844e+13 0.000000000000000000e+00 1.287550087462975082e+24
1.861334900065859547e+06 5.658333523996412987e+04 2.970672343929842185e+01 2.939654454171521875e+13 0.000000000000000000e+00 1.542048997943766927e+24
1.970825188305027783e+06 5.643185855775834352e+04 3.140413733428712817e+01 2.920747917145517578e+13 0.000000000000000000e+00 1.827569651388193608e+24
2.080315476544196019e+06 5.627242640872312768e+04 3.309300196451896880e+01 2.900848419843519531e+13 0.000000000000000000e+00 2.145751803872987207e+24
2.189805764783364255e+06 5.610475474373659381e+04 3.477284663563152378e+01 2.879970504678272656e+13 0.000000000000000000e+00 2.498230787674455771e+24
2.299296053022532258e+06 5.592761207122474298e+04 3.644320379612634753e+01 2.858129330523516016e+13 0.000000000000000000e+00 2.886601550792989006e+24
2.408786341261700727e+06 5.574278483150090324e+04 3.810360891782252679e+01 2.835340671675200781e+13 0.000000000000000000e+00 3.312418533200973993e+24
2.518276629500868730e+06 5.554972786923572130e+04 3.975360049585665223e+01 2.811620917851492188e+13 0.000000000000000000e+00 3.777195666842784182e+24
2.627766917740036733e+06 5.534746505473587604e+04 4.139272004868287524e+01 2.786987074192766797e+13 0.000000000000000000e+00 4.282406375634791475e+24
2.737257205979205202e+06 5.513784153759191395e+04 4.302051211807285824e+01 2.761456761261615234e+13 0.000000000000000000e+00 4.829483575465361927e+24
2.846747494218373206e+06 5.491905813678141567e+04 4.463652426911580307e+01 2.735048215042840234e+13 0.000000000000000000e+00 5.419819674194846083e+24
2.956237782457541674e+06 5.469239683458613581e+04 4.624030709021843677e+01 2.707780286943457422e+13 0.000000000000000000e+00 6.054766571655599382e+24
3.065728070696709678e+06 5.445753063270775601e+04 4.783141419310500453e+01 2.679672443792695312e+13 0.000000000000000000e+00 6.735635659651959604e+24
3.175218358935878146e+06 5.421408999938536726e+04 4.940940221281730516e+01 2.650744767841995312e+13 0.000000000000000000e+00 7.463697821960266737e+24
3.284708647175046150e+06 5.396295592148990545e+04 5.097383080771464847e+01 2.621017956765011719e+13 0.000000000000000000e+00 8.240183434328846335e+24
3.394198935414214619e+06 5.370305107840835990e+04 5.252426265947389084e+01 2.590513323657610547e+13 0.000000000000000000e+00 9.066282364478024548e+24
3.503689223653382622e+06 5.343552942024424556e+04 5.406019840742676763e+01 2.559253377477732812e+13 0.000000000000000000e+00 9.943119719426314941e+24
3.613179511892550625e+06 5.315962101984891342e+04 5.558033401825978359e+01 2.527268457590462891e+13 0.000000000000000000e+00 1.087146430270685062e+25
3.722669800131719094e+06 5.287576761292321316e+04 5.708453817100151895e+01 2.494578937038973047e+13 0.000000000000000000e+00 1.185244171417273170e+25
3.832160088370887097e+06 5.258425356615117926e+04 5.857303339845471157e+01 2.461202305956044141e+13 0.000000000000000000e+00 1.288725297978011716e+25
3.941650376610055566e+06 5.228389348462522321e+04 6.004593110762612440e+01 2.427157300311616797e+13 0.000000000000000000e+00 1.397700525410502672e+25
4.051140664849223569e+06 5.199087663894052093e+04 6.150323157972647437e+01 2.392463901912791406e+13 0.000000000000000000e+00 1.512271182034330865e+25
4.160630953088392038e+06 5.175498016409689444e+04 6.294482397017053898e+01 2.357143338403829297e+13 0.000000000000000000e+00 1.632529209031066121e+25
4.270121241327560507e+06 5.146013010243065946e+04 6.437048630857705689e+01 2.321218083266150391e+13 0.000000000000000000e+00 1.758557160444261978e+25
4.379611529566728510e+06 5.112859163156706200e+04 6.577988549876873492e+01 2.284711855818335938e+13 0.000000000000000000e+00 1.890428203179455688e+25
4.489101817805896513e+06 5.078899053778577945e+04 6.717257731877236893e+01 2.247649621216126562e+13 0.000000000000000000e+00 2.028206117004170361e+25
4.598592106045064516e+06 5.044168673707100970e+04 6.854800642081868034e+01 2.210057590452423047e+13 0.000000000000000000e+00 2.171945294547911961e+25
4.708082394284232520e+06 5.008725752061905223e+04 6.990550633134240854e+01 2.171963220357286328e+13 0.000000000000000000e+00 2.321690741302171452e+25
4.817572682523401454e+06 4.972569099606406962e+04 7.124429945098232508e+01 2.133395213597936719e+13 0.000000000000000000e+00 2.477478075620425229e+25
4.927062970762569457e+06 4.935645939205131435e+04 7.256349705458113419e+01 2.094383518678755469e+13 0.000000000000000000e+00 2.639333528718129963e+25
5.036553259001737460e+06 4.897977784733999579e+04 7.386209929118560069e+01 2.054959329941283594e+13 0.000000000000000000e+00 2.807273944672729902e+25
5.146043547240905464e+06 4.859615733360898594e+04 7.513899518404645050e+01 2.015155087564221484e+13 0.000000000000000000e+00 2.981306780423652577e+25
5.255533835480073467e+06 4.820560553698684816e+04 7.639377642152878423e+01 1.974999553458075000e+13 0.000000000000000000e+00 3.161446217452932237e+25
5.365024123719242401e+06 4.780809786943520885e+04 7.762683190965302060e+01 1.934516821710620312e+13 0.000000000000000000e+00 3.347718376525407042e+25
5.474514411958410405e+06 4.740366364521444484e+04 7.883783138264089985e+01 1.893735252317211719e+13 0.000000000000000000e+00 3.540129557899406736e+25
5.584004700197578408e+06 4.699232757837923418e+04 8.002643998656520807e+01 1.852683243718706641e+13 0.000000000000000000e+00 3.738678138128922803e+25
5.693494988436746411e+06 4.657412266426910355e+04 8.119232282037303605e+01 1.811389205703080469e+13 0.000000000000000000e+00 3.943354654468502050e+25
5.802985276675915346e+06 4.614910210886941059e+04 8.233514493588576499e+01 1.769881559405426562e+13 0.000000000000000000e+00 4.154141804873253044e+25
5.912475564915083349e+06 4.571730718957511999e+04 8.345457133779902392e+01 1.728188737307956641e+13 0.000000000000000000e+00 4.371014447998834951e+25
6.021965853154251352e+06 4.527881251148824231e+04 8.455026698368273230e+01 1.686339183240000586e+13 0.000000000000000000e+00 4.593939603201472997e+25
6.131456141393419355e+06 4.483368837060733495e+04 8.562189678398112846e+01 1.644361352378005469e+13 0.000000000000000000e+00 4.822876450537945579e+25
6.240946429632587358e+06 4.438201138367195381e+04 8.666912560201267013e+01 1.602283711245537109e+13 0.000000000000000000e+00 5.057776330765592858e+25
6.350436717871756293e+06 4.392386690150263894e+04 8.769161825397016230e+01 1.560134737713278516e+13 0.000000000000000000e+00 5.298582745342311607e+25
6.459927006110924296e+06 4.345936914018112293e+04 8.868903950892062937e+01 1.517942920999031836e+13 0.000000000000000000e+00 5.545231356426552629e+25
6.569417294350092299e+06 4.298819359750283184e+04 8.966105408880542882e+01 1.475736761667716406e+13 0.000000000000000000e+00 5.797649986877331926e+25
6.678907582589260302e+06 4.251021061710474896e+04 9.060732666844016592e+01 1.433544771631369531e+13 0.000000000000000000e+00 6.055758620254218678e+25
6.788397870828429237e+06 4.202612009715456225e+04 9.152752279789292800e+01 1.391395463752867773e+13 0.000000000000000000e+00 6.319469431086283897e+25
6.897888159067597240e+06 4.153604610420003883e+04 9.242134345910075410e+01 1.349316911080315430e+13 0.000000000000000000e+00 6.588687323858390343e+25
7.007378447306765243e+06 4.103867674789024750e+04 9.328845790406326444e+01 1.307337348144631055e+13 0.000000000000000000e+00 6.863306221679944026e+25
7.116868735545933247e+06 4.053549559586665418e+04 9.412851671686324551e+01 1.265485063202324609e+13 0.000000000000000000e+00 7.143210373898704062e+25
7.226359023785101250e+06 4.002580142721919401e+04 9.494117742265295590e+01 1.223788126920694141e+13 0.000000000000000000e+00 7.428275441664926783e+25
7.335849312024270184e+06 3.950968216776043118e+04 9.572610448765419733e+01 1.182274392377824805e+13 0.000000000000000000e+00 7.718368497931367455e+25
7.445339600263438188e+06 3.898720226415284560e+04 9.648296931915821517e+01 1.140971495062590820e+13 0.000000000000000000e+00 8.013348027453270827e+25
7.554829888502606191e+06 3.845845067333811312e+04 9.721146301347138774e+01 1.099906668973228516e+13 0.000000000000000000e+00 8.313065071795629695e+25
7.664320176741774194e+06 3.792282614685050794e+04 9.791121847887451679e+01 1.059107552873251562e+13 0.000000000000000000e+00 8.617356318495733493e+25
7.773810464980943128e+06 3.738112744854843186e+04 9.858185578116007264e+01 1.018601755674980664e+13 0.000000000000000000e+00 8.926047649659527572e+25
7.883300753220111132e+06 2.171696050046696473e+04 9.864094001245491938e+01 9.853626181176197266e+12 0.000000000000000000e+00 9.184757797859305947e+25
7.992791041459279135e+06 2.148850701630735421e+04 9.791378548447553953e+01 9.621163609406439453e+12 0.000000000000000000e+00 9.372060297968205203e+25
8.102281329698447138e+06 2.126224259450662066e+04 9.722193603798228878e+01 9.392808061190478516e+12 0.000000000000000000e+00 9.562539054807838747e+25
8.211771617937615141e+06 2.103803490276678349e+04 9.656314053826238819e+01 9.168423336044064453e+12 0.000000000000000000e+00 9.756172580669192479e+25
8.321261906176784076e+06 2.081575799488283883e+04 9.593534394211795302e+01 8.947880863663458984e+12 0.000000000000000000e+00 9.952940446659755708e+25
8.430752194415951148e+06 2.059529453628331248e+04 9.533659590080425517e+01 8.731061676198628906e+12 0.000000000000000000e+00 1.015281886393820635e+26
8.540242482655121014e+06 2.037653624451090582e+04 9.476505085564481590e+01 8.517854330008804688e+12 0.000000000000000000e+00 1.035578173985331835e+26
8.649732770894289017e+06 2.015929118647693394e+04 9.421896803803146270e+01 8.308154905662517578e+12 0.000000000000000000e+00 1.056180067794391699e+26
8.759223059133457020e+06 1.994347838240757119e+04 9.369671146942424400e+01 8.101867007937567383e+12 0.000000000000000000e+00 1.077084497793892014e+26
8.868713347372625023e+06 1.972906489610191056e+04 9.319674996135147182e+01 7.898901765821036133e+12 0.000000000000000000e+00 1.098288163575731250e+26
8.978203635611793026e+06 1.951596568571829994e+04 9.271763676417629085e+01 7.699175432688699219e+12 0.000000000000000000e+00 1.119787624825307901e+26
9.087693923850961030e+06 1.930409624298914423e+04 9.225798087939480752e+01 7.502604273016558594e+12 0.000000000000000000e+00 1.141579547772681299e+26
9.197184212090129033e+06 1.909338476324749354e+04 9.181655714409048130e+01 7.309118498153542969e+12 0.000000000000000000e+00 1.163660112746334656e+26
9.306674500329297036e+06 1.888376466780703777e+04 9.139219705846495856e+01 7.118652603040458008e+12 0.000000000000000000e+00 1.186025250661820616e+26
9.416164788568465039e+06 1.867517224155534495e+04 9.098377784361279907e+01 6.931144220205225586e+12 0.000000000000000000e+00 1.208670680853438310e+26
9.525655076807634905e+06 1.846739015640279104e+04 9.059022244152141923e+01 6.746534119762877930e+12 0.000000000000000000e+00 1.231591911074233189e+26
9.635145365046802908e+06 1.826036046179357072e+04 9.021049951507116305e+01 6.564766209415572266e+12 0.000000000000000000e+00 1.254784237495995990e+26
9.744635653285970911e+06 1.805416553914212273e+04 8.984362344803524536e+01 6.385787534452569336e+12 0.000000000000000000e+00 1.278242744709265141e+26
9.854125941525138915e+06 1.784875491092903394e+04 8.948865434507979444e+01 6.209548277750250000e+12 0.000000000000000000e+00 1.301962305723324701e+26
9.963616229764306918e+06 1.764408089011238917e+04 8.914469803176378093e+01 6.036001759772109375e+12 0.000000000000000000e+00 1.325937581966205219e+26
1.007310651800347492e+07 1.743981485313074518e+04 8.881090605453911735e+01 5.865104438568753906e+12 0.000000000000000000e+00 1.350163023284683215e+26
1.018259680624264292e+07 1.723605654959632375e+04 8.848647568075055858e+01 5.696815909777910156e+12 0.000000000000000000e+00 1.374632867944282045e+26
1.029208709448181093e+07 1.703289189943907695e+04 8.817064989863580138e+01 5.531098906624414062e+12 0.000000000000000000e+00 1.399341142629270866e+26
1.040157738272097893e+07 1.683025860286354509e+04 8.786271741732539908e+01 5.367919299920220703e+12 0.000000000000000000e+00 1.424281662442665495e+26
1.051106767096014693e+07 1.662767935040735028e+04 8.756201266684279005e+01 5.207246098064396484e+12 0.000000000000000000e+00 1.449448030906227553e+26
1.062055795919931680e+07 1.642558941296202829e+04 8.726791579810432609e+01 5.049051447043123047e+12 0.000000000000000000e+00 1.474833639960466179e+26
1.073004824743848480e+07 1.622390484244883919e+04 8.697985268291922978e+01 4.893310630429699219e+12 0.000000000000000000e+00 1.500431669964634770e+26
1.083953853567765281e+07 1.602214339037713034e+04 8.669728671434981493e+01 4.740001667835831055e+12 0.000000000000000000e+00 1.526235054098968629e+26
1.094902882391682081e+07 1.582079316727773403e+04 8.641958303658931584e+01 4.589098374757535156e+12 0.000000000000000000e+00 1.552235950492839446e+26
1.105851911215598881e+07 1.561945081477031636e+04 8.614617843846673395e+01 4.440578144894435547e+12 0.000000000000000000e+00 1.578426571883256119e+26
1.116800940039515682e+07 1.541820873202012990e+04 8.587656549023088814e+01 4.294421553006135254e+12 0.000000000000000000e+00 1.604799011079883098e+26
1.127749968863432482e+07 1.521704395118535467e+04 8.561025125464885832e+01 4.150610402918057129e+12 0.000000000000000000e+00 1.631345044906697702e+26
1.138698997687349282e+07 1.501577594370556108e+04 8.534675728700612751e+01 4.009127727521446777e+12 0.000000000000000000e+00 1.658056134201989945e+26
1.149648026511266083e+07 1.481450827140760885e+04 8.508561963510649662e+01 3.869957788773369141e+12 0.000000000000000000e+00 1.684923423818361512e+26
1.160597055335183069e+07 1.461310435778603460e+04 8.482638883927208440e+01 3.733086077696709961e+12 0.000000000000000000e+00 1.711937742622726784e+26
1.171546084159099869e+07 1.441147017258619235e+04 8.456862993234339854e+01 3.598499314380181152e+12 0.000000000000000000e+00 1.739089603496311464e+26
1.182495112983016670e+07 1.420982496026295667e+04 8.431192243967926458e+01 3.466185447978310059e+12 0.000000000000000000e+00 1.766369203334654299e+26
1.193444141806933470e+07 1.400761373970531531e+04 8.405586037915682596e+01 3.336133656711446289e+12 0.000000000000000000e+00 1.793766423047606730e+26
1.204393170630850270e+07 1.380521083401173746e+04 8.380005226117161499e+01 3.208334347865760742e+12 0.000000000000000000e+00 1.821270827559331870e+26
1.215342199454767071e+07 1.360253646620142172e+04 8.354412108863748188e+01 3.082779157793246094e+12 0.000000000000000000e+00 1.848871665808304837e+26
1.226291228278683871e+07 1.339932905886288790e+04 8.328770435698659469e+01 2.959460951911716309e+12 0.000000000000000000e+00 1.876557870747313795e+26
1.237240257102600671e+07 1.319557491453144394e+04 8.303045405416951041e+01 2.838373824704805664e+12 0.000000000000000000e+00 1.904318059343458572e+26
1.248189285926517472e+07 1.299132534993406080e+04 8.277203666065508969e+01 2.719513099721968262e+12 0.000000000000000000e+00 1.932140532578151695e+26
1.259138314750434458e+07 1.278649538493074579e+04 8.251213314943055366e+01 2.602875329578480469e+12 0.000000000000000000e+00 1.960013275447118389e+26
1.270087343574351259e+07 1.258100629115500487e+04 8.225043790365295138e+01 2.488458255283985840e+12 0.000000000000000000e+00 1.987923938125558637e+26
1.281036372398268059e+07 1.237477992205165719e+04 8.198660888689960302e+01 2.376258617443888184e+12 0.000000000000000000e+00 2.015859084443276861e+26
1.291985401222184859e+07 1.216774674994553425e+04 8.172031581615763685e+01 2.266273472622699219e+12 0.000000000000000000e+00 2.043805218240693174e+26
1.302934430046101660e+07 1.195984236408102515e+04 8.145125052366188356e+01 2.158501456947192871e+12 0.000000000000000000e+00 2.071748654778758808e+26
1.313883458870018460e+07 1.175101048194731993e+04 8.117910542655982908e+01 2.052942146067541504e+12 0.000000000000000000e+00 2.099675085402131330e+26
1.324832487693935260e+07 1.154119534715176269e+04 8.090357352691158610e+01 1.949596055157315430e+12 0.000000000000000000e+00 2.127569577539173269e+26
1.335781516517852060e+07 1.133003601949951553e+04 8.062434841168989408e+01 1.848464638913484131e+12 0.000000000000000000e+00 2.155416574701953832e+26
1.346730545341768861e+07 1.111776625116250216e+04 8.034112425278014769e+01 1.749550291556415039e+12 0.000000000000000000e+00 2.183199896486247533e+26
1.357679574165685847e+07 1.090418671775304756e+04 8.005359580698036837e+01 1.652856346829872070e+12 0.000000000000000000e+00 2.210902738571534876e+26
1.368628602989602648e+07 1.068910025774297719e+04 7.976145841600119013e+01 1.558387078001022705e+12 0.000000000000000000e+00 2.238507672721001671e+26
1.379577631813519448e+07 1.047244839696142662e+04 7.946440800646590219e+01 1.466147697860428223e+12 0.000000000000000000e+00 2.265996646781539720e+26
1.390526660637436248e+07 1.025416373284067231e+04 7.916214108991042053e+01 1.376144358722049561e+12 0.000000000000000000e+00 2.293350984683746815e+26
1.401475689461353049e+07 1.003401158345503791e+04 7.885435476278331635e+01 1.288384152423245605e+12 0.000000000000000000e+00 2.320551386441926745e+26
1.412424718285269849e+07 9.811779520982150643e+03 7.854074670644573075e+01 1.202875110324774414e+12 0.000000000000000000e+00 2.347577928154088254e+26
1.423373747109186649e+07 9.587317799330918206e+03 7.822100424797584139e+01 1.119626465585301025e+12 0.000000000000000000e+00 2.374409666802618727e+26
1.434322775933103450e+07 9.360408453733882197e+03 7.789477221321070033e+01 1.038649245853208130e+12 0.000000000000000000e+00 2.401023617500565758e+26
1.445271804757020250e+07 9.130938698403053422e+03 7.756170288265249724e+01 9.599554583185794678e+11 0.000000000000000000e+00 2.427396451452231496e+26
1.456220833580937237e+07 8.898514687415859953e+03 7.722143089905740965e+01 8.835591924162910156e+11 0.000000000000000000e+00 2.453503335162371238e+26
1.467169862404854037e+07 8.662939297754530344e+03 7.687357009212693981e+01 8.094767129651099854e+11 0.000000000000000000e+00 2.479317806173664289e+26
1.478118891228770837e+07 8.423773922453288833e+03 7.651771347850792893e+01 7.377264601676873779e+11 0.000000000000000000e+00 2.504811773066718436e+26
1.489067920052687638e+07 8.180637411045713634e+03 7.615343326179258554e+01 6.683290496105623779e+11 0.000000000000000000e+00 2.529955515460066852e+26
1.500016948876604438e+07 7.933160145950954757e+03 7.578028083251849978e+01 6.013072722641624756e+11 0.000000000000000000e+00 2.554717684010170156e+26
1.510965977700521238e+07 7.680658543056928465e+03 7.539778067162765751e+01 5.366865510418402710e+11 0.000000000000000000e+00 2.579065041710869038e+26
1.521915006524438038e+07 7.422430807493634347e+03 7.500537436173691219e+01 4.744988876519932861e+11 0.000000000000000000e+00 2.602960175304969441e+26
1.532864035348354839e+07 7.157807292975558084e+03 7.460246331229620864e+01 4.147796592155225830e+11 0.000000000000000000e+00 2.626363203203873070e+26
1.543813064172271639e+07 6.885669040962932741e+03 7.418836139914650118e+01 3.575717945055922852e+11 0.000000000000000000e+00 2.649229434295037071e+26
1.554762092996188626e+07 6.604802972309871620e+03 7.376228133477899007e+01 3.029268524306501465e+11 0.000000000000000000e+00 2.671508762499458617e+26
1.565711121820105426e+07 6.313491890029432398e+03 7.332333466833509306e+01 2.509050220344313354e+11 0.000000000000000000e+00 2.693145666771676623e+26
1.576660150644022226e+07 6.009452133931396020e+03 7.287049179874476579e+01 2.015782293396403809e+11 0.000000000000000000e+00 2.714077471532453101e+26
1.587609179467939027e+07 5.689677966826900956e+03 7.240246364198861784e+01 1.550395018791873779e+11 0.000000000000000000e+00 2.734229151431996859e+26
1.598558208291855827e+07 5.349499309055921913e+03 7.191761942181994982e+01 1.114103027468255768e+11 0.000000000000000000e+00 2.753509468646382364e+26
1.609507237115772627e+07 4.981794815366365583e+03 7.141386054591784216e+01 7.085085395524295044e+10 0.000000000000000000e+00 2.771805413047206777e+26
1.620456265939689428e+07 4.573929898160986340e+03 7.088822797680641941e+01 3.359236301257607651e+10 0.000000000000000000e+00 2.788965284838054517e+26
1.631405294763606228e+07 4.099754177045925644e+03 7.033613904886330204e+01 2.647517994117736816e+05 0.000000000000000000e+00 2.804765901569078091e+26
