# Radius (m)	Density (kg/m^3)	Gravity (m/s^2)	Pressure (Pa)	Temperature (K)	Mass Enclosed (kg)
0.000000000000000000e+00 2.510599466977659904e+04 0.000000000000000000e+00 3.175053285445372559e+12 6.856187380634864807e+10 0.000000000000000000e+00
7.288088999084511306e+04 2.510483194190518407e+04 5.115704135618577286e-01 3.174585232764299805e+12 6.797510779519612122e+10 4.071243678617722880e+19
1.457617799816902261e+05 2.510134427532349582e+04 1.023055615924072903e+00 3.173181282851019531e+12 6.758931415831124878e+10 3.256700919795035013e+20
2.186426699725353392e+05 2.509553321909802980e+04 1.534370056243998359e+00 3.170842059277686523e+12 6.682445224781179047e+10 1.098989436468496433e+21
2.915235599633804522e+05 2.508740136144643475e+04 2.045429218692472517e+00 3.167568603923694336e+12 6.569377303378653717e+10 2.604513149787440153e+21
3.644044499542255653e+05 2.507695230810213980e+04 2.556147507039622901e+00 3.163362368266416504e+12 6.421666167085777283e+10 5.085650723770986398e+21
4.372853399450706784e+05 2.506406342011344532e+04 3.066436068622296229e+00 3.158225231844708984e+12 6.241807419307156372e+10 8.785145582220006654e+21
5.101662299359157914e+05 2.504880453635443700e+04 3.576207571076109204e+00 3.152159514463346191e+12 6.032782650423167419e+10 1.394542911371128865e+22
5.830471199267609045e+05 2.503121658104777453e+04 4.085376317812266400e+00 3.145167943658350586e+12 5.797974756810066986e+10 2.080799115449747060e+22
6.559280099176060176e+05 2.501130743280466049e+04 4.593857146063735186e+00 3.137253651338303711e+12 5.541074906402693176e+10 2.961315913150585268e+22
7.288088999084511306e+05 2.498908598747359792e+04 5.101565426885244392e+00 3.128420173784344727e+12 5.265984693492055511e+10 4.060009806233838236e+22
8.016897898992962437e+05 2.496456215814036477e+04 5.608417065153288306e+00 3.118671451650173340e+12 4.976716670153040314e+10 5.400681055527167328e+22
8.745706798901413567e+05 2.493774687512802484e+04 6.114328499566118680e+00 3.108011829962045410e+12 4.677296891846018982e+10 7.007013680925697376e+22
9.474515698809864698e+05 2.490865208398510003e+04 6.619215541136731495e+00 3.096446057319035645e+12 4.371672809781455994e+10 8.902486506772002924e+22
1.020332459871831583e+06 2.487708924129916704e+04 7.122989680820576375e+00 3.083979323988486816e+12 4.063629853030105591e+10 1.111035455974653643e+23
1.093213349862676580e+06 2.484304918428287056e+04 7.625563068207904749e+00 3.070617259642680176e+12 3.756719324426351166e+10 1.365395892350662402e+23
1.166094239853521809e+06 2.480674360406386404e+04 8.126848244431400303e+00 3.056365888125711914e+12 3.454195490992474365e+10 1.655639184508450683e+23
1.238975129844367038e+06 2.476818884714556771e+04 8.626758020197229371e+00 3.041231626084596191e+12 3.158966033281638718e+10 1.984047863540309494e+23
1.311856019835212035e+06 2.472740226070261269e+04 9.125205475785042708e+00 3.025221282969261719e+12 2.873559381334071350e+10 2.352877766927598423e+23
1.384736909826057032e+06 2.468402753446243150e+04 9.622103961047987042e+00 3.008342061032554199e+12 2.600105607484942627e+10 2.764358038540749489e+23
1.457617799816902261e+06 2.463826083882701278e+04 1.011736709541268908e+01 2.990601555330236328e+12 2.340330623086716843e+10 3.220691128639263961e+23
1.530498689807747491e+06 2.459029282296347083e+04 1.061090876787926618e+01 2.972007753720985840e+12 2.095557394733300781e+10 3.724052793871707322e+23
1.603379579798592487e+06 2.454014510717931989e+04 1.110264313702131567e+01 2.952569036866397949e+12 1.866721122652279663e+10 4.276592097275717322e+23
1.676260469789437484e+06 2.448721966886809241e+04 1.159248463098592907e+01 2.932294178230983887e+12 1.654395727455072784e+10 4.880431408278001292e+23
1.749141359780282713e+06 2.443208904836829606e+04 1.208034794749368679e+01 2.911192344082170898e+12 1.458826464880252647e+10 5.537666402694340175e+23
1.822022249771127943e+06 2.437482284688560321e+04 1.256614805383864919e+01 2.889273093490302734e+12 1.279960955916436386e+10 6.250366062729575772e+23
1.894903139761972940e+06 2.431486697053319222e+04 1.304980018688836196e+01 2.866546378328639648e+12 1.117491233586726379e+10 7.020572676977619464e+23
1.967784029752817936e+06 2.425262809793217093e+04 1.353121843879038622e+01 2.843022497430839355e+12 9.708966030547943115e+09 7.850283360644801411e+23
2.040664919743663166e+06 2.418830764611533232e+04 1.401030631180078601e+01 2.818711860290423828e+12 8.394810712124906540e+09 8.741347711418295103e+23
2.113545809734508395e+06 2.412110061616873281e+04 1.448697563925324872e+01 2.793625641172708496e+12 7.224143336165679932e+09 9.695723285162171291e+23
2.186426699725353159e+06 2.405183544363339752e+04 1.496114036416544835e+01 2.767775447716703125e+12 6.187706824502542496e+09 1.071535114542216640e+24
2.259307589716198388e+06 2.398010951291188030e+04 1.543271391415046878e+01 2.741173223377151367e+12 5.275595003958621025e+09 1.180211756931842360e+24
2.332188479707043618e+06 2.390591372141383181e+04 1.590160920141679313e+01 2.713831247424533691e+12 4.477578977787526131e+09 1.295785404754545521e+24
2.405069369697888847e+06 2.382954487023734691e+04 1.636773862276830371e+01 2.685762134945067383e+12 3.783361996426202297e+09 1.418433728437216550e+24
2.477950259688734077e+06 2.375044125112369511e+04 1.683101405960428920e+01 2.656978836840704590e+12 3.182795611819510937e+09 1.548328919764183999e+24
2.550831149679578841e+06 2.366931395539898222e+04 1.729134687791944103e+01 2.627494639829133789e+12 2.666065149090114594e+09 1.685637691877215751e+24
2.623712039670424070e+06 2.358533530925249215e+04 1.774864792830385340e+01 2.597323166443779297e+12 2.223816799859422207e+09 1.830521279275519827e+24
2.696592929661269300e+06 2.349934327261546423e+04 1.820282754594303043e+01 2.566478375033801270e+12 1.847270347030222416e+09 1.983135437815739817e+24
2.769473819652114064e+06 2.341053609531166148e+04 1.865379555061786121e+01 2.534974559764096680e+12 1.528276757297880411e+09 2.143630444711959721e+24
2.842354709642959293e+06 2.331958484923176002e+04 1.910146124670465539e+01 2.502826350615297363e+12 1.259367314631575584e+09 2.312151098535703671e+24
2.915235599633804522e+06 2.322600172820518492e+04 1.954573342317512186e+01 2.470048713383770996e+12 1.033761853847114801e+09 2.488836719215932986e+24
2.988116489624649752e+06 2.313000505754056940e+04 1.998652035359636159e+01 2.436656949681623047e+12 8.453695271289266348e+08 2.673821148039046167e+24
3.060997379615494981e+06 2.303171678686851374e+04 2.042372979613088901e+01 2.402666696936692383e+12 6.887657423463990688e+08 2.867232747648882657e+24
3.133878269606339745e+06 2.293060309952358512e+04 2.085726899353662134e+01 2.368093928392556641e+12 5.591610914365756512e+08 3.069194402046719621e+24
3.206759159597184975e+06 2.282726457276233486e+04 2.128704467316687854e+01 2.332954953108526367e+12 4.523620352573028207e+08 3.279823516591274626e+24
3.279640049588030204e+06 2.272139777736446558e+04 2.171296304697037627e+01 2.297266415959650391e+12 3.647222698537049294e+08 3.499232017998702426e+24
3.352520939578874968e+06 2.261281458905425825e+04 2.213492981149123295e+01 2.261045297636712891e+12 2.930959467590804100e+08 3.727526354342593346e+24
3.425401829569720197e+06 2.250188108890131844e+04 2.255285014786898756e+01 2.224308914646232910e+12 2.347872360690988600e+08 3.964807495053985096e+24
3.498282719560565427e+06 2.238854144062636624e+04 2.296662872183856408e+01 2.187074919310467285e+12 1.875002945421020389e+08 4.211170930921345590e+24
3.571163609551410656e+06 2.227229221005154977e+04 2.337616968373029280e+01 2.149361299767406982e+12 1.492928120067210495e+08 4.466706674090585295e+24
3.644044499542255886e+06 2.215355558002566977e+04 2.378137615345350042e+01 2.111186362774077637e+12 1.185315458111975789e+08 4.731497024143320330e+24
3.716925389533100650e+06 2.203230794545054232e+04 2.418214716560381561e+01 2.072568574954888916e+12 9.385029183233034611e+07 5.005598028372331664e+24
3.789806279523945879e+06 2.190850105360702582e+04 2.457838678619096484e+01 2.033526811933524170e+12 7.411275737681400776e+07 5.289074785801659417e+24
3.862687169514791109e+06 2.178208909035993929e+04 2.496999884522339030e+01 1.994080280382043945e+12 5.837889934333287925e+07 5.581988685884706032e+24
3.935568059505635872e+06 2.165283818376827548e+04 2.535688527104165502e+01 1.954248473817568115e+12 4.587492668555293977e+07 5.884391309475055816e+24
4.008448949496481102e+06 2.152089886238492181e+04 2.573894609031842862e+01 1.914051172602277100e+12 3.596695856625474989e+07 6.196324428826483528e+24
4.081329839487326331e+06 2.138627850761762238e+04 2.611607942805849802e+01 1.873508443943410645e+12 2.813802209998118505e+07 6.517820007592938273e+24
4.154210729478171561e+06 2.124893622413626872e+04 2.648818150759875323e+01 1.832640641893269775e+12 2.196838561234955490e+07 6.848900200828557465e+24
4.227091619469016790e+06 2.110883819210515503e+04 2.685514665060820505e+01 1.791468407349214355e+12 1.711872587727704644e+07 7.189577354987660378e+24
4.299972509459861554e+06 2.096594738521961699e+04 2.721686727708797093e+01 1.750012668053665039e+12 1.331582994898561016e+07 7.539854007924748152e+24
4.372853399450706318e+06 2.082023390085701976e+04 2.757323390537128560e+01 1.708294638594102051e+12 1.034056165828932635e+07 7.899722888894508083e+24
4.445734289441552013e+06 2.067167092861595302e+04 2.792413515212349751e+01 1.666335820403065430e+12 8.017803900273727253e+06 8.269166918551814701e+24
4.518615179432396777e+06 2.052023153850503877e+04 2.826945773234205106e+01 1.624158001758156738e+12 6.208106980046035722e+06 8.648159208951711512e+24
4.591496069423242472e+06 2.036574374252056441e+04 2.860908645935652928e+01 1.581783257782035400e+12 4.800796502171215601e+06 9.036663063549442141e+24
4.664376959414087236e+06 2.020816867338587690e+04 2.894290424482860047e+01 1.539233950442422852e+12 3.708317071820157580e+06 9.434631977200419191e+24
4.737257849404932000e+06 2.004760504649482027e+04 2.927079209875206089e+01 1.496532728552099609e+12 2.861605398510842118e+06 9.842009636160246792e+24
4.810138739395777695e+06 1.988403321666748889e+04 2.959262912945282409e+01 1.453702527768905762e+12 2.206337897809730377e+06 1.025872991808471738e+25
4.883019629386622459e+06 1.971735742894722353e+04 2.990829254358889955e+01 1.410766570595742676e+12 1.699903706982397242e+06 1.068471689202978807e+25
4.955900519377468154e+06 1.954719373237307445e+04 3.021765775767492102e+01 1.367748365132752197e+12 1.308966324910172261e+06 1.111988467700031921e+25
5.028781409368312918e+06 1.937395046888322395e+04 3.052059741526042558e+01 1.324671848799156494e+12 1.007506717964596581e+06 1.156412745160537256e+25
5.101662299359157681e+06 1.919727772466635361e+04 3.081697037894850055e+01 1.281561599073293457e+12 7.752571879804619821e+05 1.201732140237248760e+25
5.174543189350003377e+06 1.901714591896103593e+04 3.110664571428323910e+01 1.238441951849849121e+12 5.964671261381221702e+05 1.247933764324444024e+25
5.247424079340848140e+06 1.883352071045754565e+04 3.138948306641298913e+01 1.195337756594369141e+12 4.589183973541480955e+05 1.295003103549045523e+25
5.320304969331692904e+06 1.864629778604445528e+04 3.166533286802591363e+01 1.152274403576725098e+12 3.531495976693519624e+05 1.342923980255791740e+25
5.393185859322538599e+06 1.845522089101056554e+04 3.193404493821534373e+01 1.109277485698797363e+12 2.718462853279589908e+05 1.391678832013642975e+25
5.466066749313383363e+06 9.449096287982143622e+03 3.210953094920240147e+01 1.069681091595519043e+12 2.138610678885927191e+05 1.437401320762957227e+25
5.538947639304228127e+06 9.386591912252757538e+03 3.183588128865691047e+01 1.047829894562892944e+12 1.831453008902169822e+05 1.463408963489139718e+25
5.611828529295073822e+06 9.324734002716626492e+03 3.157885391744839509e+01 1.026209651490595947e+12 1.604239345659285900e+05 1.490045278182931432e+25
5.684709419285918586e+06 9.263107234927814716e+03 3.133520895013216290e+01 1.004901605104291992e+12 1.407940884437217610e+05 1.517202135486213267e+25
5.757590309276764281e+06 9.201685325090695187e+03 3.110419110621925398e+01 9.838942220215603027e+11 1.237966847520006704e+05 1.544879957774567995e+25
5.830471199267609045e+06 9.140441566338031407e+03 3.088508458339222429e+01 9.631765047421861572e+11 1.090469586105836497e+05 1.573079061900608493e+25
5.903352089258453809e+06 9.079350156138414604e+03 3.067719334364871031e+01 9.427380357448530273e+11 9.622115332662432047e+04 1.601799370169077101e+25
5.976232979249299504e+06 9.018388482794984156e+03 3.047991685659568617e+01 9.225698592715738525e+11 8.504608282089821296e+04 1.631040575928153726e+25
6.049113869240144268e+06 8.957534381108507660e+03 3.029268575886904813e+01 9.026635180605500488e+11 7.529059640540461987e+04 1.660802154081766255e+25
6.121994759230989963e+06 8.896766167740228411e+03 3.011495379357941715e+01 8.830109521532855225e+11 6.675860246764511976e+04 1.691083346887016111e+25
6.194875649221834727e+06 8.836062858389661415e+03 2.994619781031216377e+01 8.636044988945878906e+11 5.928333810305674706e+04 1.721883163954175244e+25
6.267756539212679490e+06 8.775403879716541269e+03 2.978591776512739031e+01 8.444368929325668945e+11 5.272264229928836721e+04 1.753200382246688494e+25
6.340637429203525186e+06 8.714768935933705507e+03 2.963363672055994158e+01 8.255012662186357422e+11 4.695504540776250360e+04 1.785033546081172733e+25
6.413518319194369949e+06 8.654138829206676746e+03 2.948890084561941194e+01 8.067911480075111084e+11 4.187652465310635307e+04 1.817380967127415361e+25
6.486399209185214713e+06 8.593494557237241679e+03 2.935127941579011690e+01 7.883004648572119141e+11 3.739780467241852602e+04 1.850240724408377527e+25
6.559280099176060408e+06 8.532817855476212571e+03 2.922036481303112154e+01 7.700235406290600586e+11 3.344210593769294792e+04 1.883610664300191766e+25
6.632160989166905172e+06 8.472091655115062167e+03 2.909577252577623341e+01 7.519550964876815186e+11 2.994326153192429410e+04 1.917488400532161573e+25
6.705041879157749936e+06 8.411299448175319412e+03 2.897714114893399540e+01 7.340902509010042725e+11 2.684413808392836654e+04 1.951871314186763330e+25
6.777922769148595631e+06 8.350425490134202846e+03 2.886413238388768931e+01 7.164245196402592773e+11 2.409530870307617806e+04 1.986756553699645667e+25
6.850803659139440395e+06 8.289455417432884133e+03 2.875643103849534299e+01 6.989538157799814453e+11 2.165393485196891197e+04 2.022141034859627957e+25
6.923684549130286090e+06 8.228375654307397781e+03 2.865374502708971605e+01 6.816744496980075684e+11 1.948282202582262471e+04 2.058021440808703106e+25
6.996565439121130854e+06 8.167173941704586468e+03 2.855580532632613355e+01 6.645831284914528809e+11 1.754962056765808666e+04 2.094394221688980722e+25
7.069446329111975618e+06 8.105836579547192741e+03 2.846232145456981044e+01 6.476763758482004395e+11 1.582614821627136735e+04 2.131255251544811134e+25
7.142327219102821313e+06 8.044350673748181180e+03 2.837300880537461722e+01 6.309509089966973877e+11 1.428781553696780247e+04 2.168600085198944655e+25
7.215208109093666077e+06 7.982608349761791033e+03 2.828762271992623312e+01 6.144040498493394775e+11 1.291313727055546042e+04 2.206424198757469514e+25
7.288088999084511772e+06 7.920687558154998442e+03 2.820592616854386847e+01 5.980332879193458252e+11 1.168331547610067537e+04 2.244722720609230065e+25
7.360969889075356536e+06 7.858578549203217335e+03 2.812768975068026123e+01 5.818362803207601318e+11 1.058186540817047899e+04 2.283490431425821639e+25
7.433850779066201299e+06 7.796271710223871196e+03 2.805269169492166981e+01 5.658108517684497070e+11 9.594315380113799620e+03 2.322721764161595697e+25
7.506731669057046995e+06 7.733757972379260536e+03 2.798071785898788377e+01 5.499549945781059570e+11 8.707945620161997795e+03 2.362410804053657251e+25
7.579612559047891758e+06 7.670898699610234871e+03 2.791156172973222382e+01 5.342668686662445068e+11 7.911563409680198674e+03 2.402551288621864006e+25
7.652493449038736522e+06 7.607788804287958556e+03 2.784502442314153114e+01 5.187448015502048340e+11 7.195310762480849007e+03 2.443136607668828939e+25
7.725374339029582217e+06 7.544441367847847687e+03 2.778091468433617450e+01 5.033872883481502686e+11 6.550483255817775898e+03 2.484159803279919007e+25
7.798255229020426981e+06 7.480771616415418976e+03 2.771904888757005025e+01 4.881929917790687256e+11 5.969388999879661242e+03 2.525613569823252570e+25
7.871136119011271745e+06 7.416736737313884078e+03 2.765925103623058234e+01 4.731607421627716064e+11 5.445227886369221778e+03 2.567490253949704981e+25
7.944017009002117440e+06 7.352439801659817022e+03 2.760135276283872230e+01 4.582895374198945312e+11 4.971978254914019999e+03 2.609781854592904282e+25
8.016897898992962204e+06 7.287718207703623193e+03 2.754519332904894569e+01 4.435785430718973389e+11 4.544298227803082227e+03 2.652480022969231209e+25
8.089778788983807899e+06 7.222659516291270847e+03 2.749061962564925921e+01 4.290270922410633545e+11 4.157449930956231583e+03 2.695576062577822629e+25
8.162659678974652663e+06 7.157205008658260340e+03 2.743748617256119005e+01 4.146346856505006714e+11 3.807221416419281468e+03 2.739060929200567670e+25
8.235540568965497427e+06 7.091336694905173317e+03 2.738565511883980008e+01 4.004009916241408691e+11 3.489866764409759071e+03 2.782925230902109015e+25
8.308421458956343122e+06 7.025035992807994262e+03 2.733499411397747636e+01 3.863258297154982300e+11 3.202050865522013282e+03 2.827159085498665388e+25
8.381302348947187886e+06 6.958319837657467360e+03 2.728535224652843993e+01 3.724089405885958252e+11 2.940800911352338971e+03 2.871750824680947404e+25
8.454183238938033581e+06 6.891066497854723821e+03 2.723659635903311127e+01 3.586502147092066650e+11 2.703464556258664288e+03 2.916689777666305021e+25
8.527064128928877413e+06 6.823375577321461606e+03 2.718860193053708940e+01 3.450497027284229126e+11 2.487674550865748643e+03 2.961965095773395609e+25
8.599945018919723108e+06 6.755173033739460152e+03 2.714124586064736633e+01 3.316075704481668091e+11 2.291313173006126817e+03 3.007565195964189136e+25
8.672825908910568804e+06 6.686372228675145379e+03 2.709440646953233411e+01 3.183240988211930542e+11 2.112486524298810764e+03 3.053477760843961289e+25
8.745706798901412636e+06 6.617027608384196355e+03 2.704796349792178489e+01 3.051996839510875244e+11 1.949499538441055165e+03 3.099689738661296060e+25
8.818587688892258331e+06 6.547098184193824636e+03 2.700179810710691086e+01 2.922348370922664795e+11 1.800831952147060747e+03 3.146187343308089173e+25
8.891468578883104026e+06 6.476546492023511746e+03 2.695579287894030784e+01 2.794301846499782715e+11 1.665120032074545634e+03 3.192956054319541220e+25
8.964349468873949721e+06 6.405337835785709103e+03 2.690983181583596817e+01 2.667864681803025513e+11 1.541139644680281208e+03 3.239980616874162377e+25
9.037230358864793554e+06 6.333440432688455985e+03 2.686380034076928069e+01 2.543045443901502075e+11 1.427790945035240611e+03 3.287245041793770695e+25
9.110111248855639249e+06 6.260825672746233977e+03 2.681758529727703433e+01 2.419853851372626953e+11 1.324084864690434415e+03 3.334732605543495959e+25
9.182992138846484944e+06 6.187468749769517672e+03 2.677107494945742872e+01 2.298300774302136841e+11 1.229131168136725137e+03 3.382425850231772819e+25
9.255873028837328777e+06 6.113286517104730592e+03 2.672415898197005291e+01 2.178398234284080505e+11 1.142128022032587751e+03 3.430306583610344224e+25
9.328753918828174472e+06 6.038252413997868643e+03 2.667672850003589247e+01 2.060159404420812073e+11 1.062352995072207705e+03 3.478355879074265290e+25
9.401634808819020167e+06 5.962359802887460319e+03 2.662867602943734369e+01 1.943598609323005066e+11 9.891542567056791313e+02 3.526554075661896425e+25
9.474515698809863999e+06 5.885499229549688607e+03 2.657989551651819582e+01 1.828731325109648743e+11 9.219431681663837708e+02 3.574880778054905910e+25
9.547396588800709695e+06 5.807636444217143435e+03 2.653028232818364174e+01 1.715574179408034058e+11 8.601883023258025105e+02 3.623314856578274189e+25
9.620277478791555390e+06 5.728724391194038617e+03 2.647973325190026728e+01 1.604144951353775940e+11 8.034091705006170514e+02 3.671834447200287432e+25
9.693158368782399222e+06 5.648683695560437627e+03 2.642814649569606900e+01 1.494462571590799561e+11 7.511710228537021976e+02 3.720416951532539248e+25
9.766039258773244917e+06 5.567447898454101960e+03 2.637542096133686442e+01 1.386547192158552856e+11 7.030803795222020653e+02 3.769038925150017374e+25
9.838920148764090613e+06 5.484907633154937685e+03 2.632143058317713979e+01 1.280422445031746674e+11 6.587808688759034794e+02 3.817672201467272477e+25
9.911801038754936308e+06 5.401005066547200840e+03 2.626605158143312124e+01 1.176112795610273132e+11 6.179496298947547075e+02 3.866288042575191326e+25
9.984681928745780140e+06 5.315594571444853500e+03 2.620916462566570004e+01 1.073644260607434692e+11 5.802938377607531493e+02 3.914857114688159115e+25
1.005756281873662584e+07 5.228572794150126356e+03 2.615064414471122589e+01 9.730455730438177490e+10 5.455479776577888060e+02 3.963347795735384571e+25
1.013044370872747153e+07 5.139815223447287281e+03 2.609035832668152466e+01 8.743481822473088074e+10 5.134710367344374617e+02 4.011726175360889651e+25
1.020332459871831536e+07 5.049161930687083441e+03 2.602816911896389485e+01 7.775862538530856323e+10 4.838441492704253051e+02 4.059956054923516408e+25
1.027620548870916106e+07 4.956411899690288919e+03 2.596393222822109337e+01 6.827966698036105347e+10 4.564685885152742912e+02 4.107998947496930001e+25
1.034908637870000675e+07 4.861389863551188682e+03 2.589749643970091952e+01 5.900192231062375641e+10 4.311639085092872392e+02 4.155813927202461446e+25
1.042196726869085059e+07 4.763813764357948457e+03 2.582869456116063489e+01 4.992990786029501343e+10 4.077661583530403391e+02 4.203355642882336607e+25
1.049484815868169628e+07 4.663395706404292469e+03 2.575735152122618388e+01 4.106843608870480347e+10 3.861265586284423534e+02 4.250576103528273899e+25
1.056772904867254198e+07 4.559781643830385292e+03 2.568327081270002310e+01 3.242303665664564896e+10 3.661101116294186113e+02 4.297421607258060651e+25
1.064060993866338581e+07 4.452516015742743548e+03 2.560623013085688271e+01 2.400008554146108246e+10 3.475944663911108705e+02 4.343831767993510776e+25
1.071349082865423150e+07 4.341042948604095727e+03 2.552598137344375218e+01 1.580680503704502869e+10 3.304689972777517823e+02 4.389739515460466482e+25
1.078637171864507720e+07 4.224645976987772883e+03 2.544224974269747719e+01 7.851289582112068176e+09 3.146339825425941967e+02 4.435070902787879320e+25
1.085925260863592289e+07 4.102375762770598158e+03 2.535471017919805092e+01 1.431922684695453644e+08 3.000000000000000000e+02 4.479740038662162881e+25
