# Radius (m)	Density (kg/m^3)	Gravity (m/s^2)	Pressure (Pa)	Temperature (K)	Mass Enclosed (kg)
0.000000000000000000e+00 2.333351476396031649e+04 0.000000000000000000e+00 2.507629756714497559e+12 0.000000000000000000e+00 0.000000000000000000e+00
6.872797553643846186e+04 2.333248822372527866e+04 4.483560396331786602e-01 2.507270231308109863e+12 0.000000000000000000e+00 3.173104312614851379e+19
1.374559510728769237e+05 2.332940903711530700e+04 8.966411916198574472e-01 2.506191807122185547e+12 0.000000000000000000e+00 2.538269376012598313e+20
2.061839266093153856e+05 2.332427850192690676e+04 1.344784098382609816e+00 2.504394938684272461e+12 0.000000000000000000e+00 8.565544095704003379e+20
2.749119021457538474e+05 2.331709878991735604e+04 1.792714448536612659e+00 2.501880386609382324e+12 0.000000000000000000e+00 2.029986263512120820e+21
3.436398776821923093e+05 2.330787292702287959e+04 2.240361275442913858e+00 2.498649210671811035e+12 0.000000000000000000e+00 3.963870280465583702e+21
4.123678532186307712e+05 2.329660479744706390e+04 2.687653963620556308e+00 2.494702771237014648e+12 0.000000000000000000e+00 6.847469672145178591e+21
4.810958287550692330e+05 2.328329914737361833e+04 3.134522566205056648e+00 2.490042730561925293e+12 0.000000000000000000e+00 1.086973677483406551e+22
5.498238042915076949e+05 2.326796157036444492e+04 3.580896235646192860e+00 2.484671047680930664e+12 0.000000000000000000e+00 1.621911799172791534e+22
6.185517798279460985e+05 2.325059851099178195e+04 4.026704306524956145e+00 2.478589979677943848e+12 0.000000000000000000e+00 2.308315628021116148e+22
6.872797553643846186e+05 2.323121726486825355e+04 4.471876301443096224e+00 2.471802081696934570e+12 0.000000000000000000e+00 3.164848988336769781e+22
7.560077309008231387e+05 2.320982597864684794e+04 4.916341931023110234e+00 2.464310206941928711e+12 0.000000000000000000e+00 4.210085232998086187e+22
8.247357064372615423e+05 2.318643365002096834e+04 5.360031093908254718e+00 2.456117506677009766e+12 0.000000000000000000e+00 5.462507243453341395e+22
8.934636819736999460e+05 2.316077651021742349e+04 5.802873876942876485e+00 2.447227430224038086e+12 0.000000000000000000e+00 6.940507411274773666e+22
9.621916575101384660e+05 2.313306197282232097e+04 6.244800839792139513e+00 2.437643716681942383e+12 0.000000000000000000e+00 8.662285261545906006e+22
1.030919633046576986e+06 2.310335328320029657e+04 6.685739488494526483e+00 2.427370423392234375e+12 0.000000000000000000e+00 1.064597168316294218e+23
1.099647608583015390e+06 2.307166306129268196e+04 7.125615945081182012e+00 2.416411914342696289e+12 0.000000000000000000e+00 1.290963279287853074e+23
1.168375584119453793e+06 2.303800475530359108e+04 7.564356853438322759e+00 2.404772839935174316e+12 0.000000000000000000e+00 1.547113881265943316e+23
1.237103559655892197e+06 2.300215600386777078e+04 8.001889379307231209e+00 2.392458136985580078e+12 0.000000000000000000e+00 1.834816406968650286e+23
1.305831535192330834e+06 2.296412317421873013e+04 8.438141210284261007e+00 2.379473028723889648e+12 0.000000000000000000e+00 2.155818699635470537e+23
1.374559510728769237e+06 2.292414289344583085e+04 8.873040555820828956e+00 2.365823024794145020e+12 0.000000000000000000e+00 2.511849013027308474e+23
1.443287486265207641e+06 2.288223213795670017e+04 9.306516147223424795e+00 2.351513921254452148e+12 0.000000000000000000e+00 2.904616011426481392e+23
1.512015461801646277e+06 2.283811981042392290e+04 9.738497237653607641e+00 2.336551800576982422e+12 0.000000000000000000e+00 3.335808769636716113e+23
1.580743437338084681e+06 2.279181499244820589e+04 1.016891360212800244e+01 2.320943031647971680e+12 0.000000000000000000e+00 3.807096772983144967e+23
1.649471412874523085e+06 2.274361157777676272e+04 1.059769553751830173e+01 2.304694269767722168e+12 0.000000000000000000e+00 4.320129917312318875e+23
1.718199388410961488e+06 2.269341370615694905e+04 1.102477386255127279e+01 2.287812456650599121e+12 0.000000000000000000e+00 4.876538508992191912e+23
1.786927363947399892e+06 2.264080847193363661e+04 1.145007988821750722e+01 2.270304820093351562e+12 0.000000000000000000e+00 5.477933027903254078e+23
1.855655339483838528e+06 2.258634517538126966e+04 1.187353709481186748e+01 2.252178798684520508e+12 0.000000000000000000e+00 6.125848017455622369e+23
1.924383315020276932e+06 2.252984264540316508e+04 1.229506849572289617e+01 2.233442164147827148e+12 0.000000000000000000e+00 6.821823692143281046e+23
1.993111290556715336e+06 2.247098501953691084e+04 1.271460222601822743e+01 2.214103025776028320e+12 0.000000000000000000e+00 7.567415438973876820e+23
2.061839266093153972e+06 2.241031917857765075e+04 1.313206599679408093e+01 2.194169753315824463e+12 0.000000000000000000e+00 8.364140488151153445e+23
2.130567241629592143e+06 2.234731876603520504e+04 1.354738709517527084e+01 2.173650976967857178e+12 0.000000000000000000e+00 9.213477913074927560e+23
2.199295217166030779e+06 2.228228993736859411e+04 1.396049238431521111e+01 2.152555587386710693e+12 0.000000000000000000e+00 1.011686863034112358e+24
2.268023192702469416e+06 2.221523053595023521e+04 1.437130830339590304e+01 2.130892735680910645e+12 0.000000000000000000e+00 1.107571539974174150e+24
2.336751168238907587e+06 2.214584794986650377e+04 1.477976086762794239e+01 2.108671833412926025e+12 0.000000000000000000e+00 1.209138282426486760e+24
2.405479143775346223e+06 2.207461621396495320e+04 1.518577566825052294e+01 2.085902552599166504e+12 0.000000000000000000e+00 1.316519735009469864e+24
2.474207119311784394e+06 2.200089989118684753e+04 1.558927787253142583e+01 2.062594825709984863e+12 0.000000000000000000e+00 1.429844726661149083e+24
2.542935094848223031e+06 2.192539113969040773e+04 1.599019222376703553e+01 2.038758845669675293e+12 0.000000000000000000e+00 1.549238270639161624e+24
2.611663070384661667e+06 2.184737155392060959e+04 1.638844304128231855e+01 2.014405065856474854e+12 0.000000000000000000e+00 1.674821564520751979e+24
2.680391045921099838e+06 2.176749005346812191e+04 1.678395422043084295e+01 1.989544200102562500e+12 0.000000000000000000e+00 1.806711990202773004e+24
2.749119021457538474e+06 2.168520374353230363e+04 1.717664923259476240e+01 1.964187222694058350e+12 0.000000000000000000e+00 1.945023113901688870e+24
2.817846996993977111e+06 2.160086123563846195e+04 1.756645112518484098e+01 1.938345368371026123e+12 0.000000000000000000e+00 2.089864686153570766e+24
2.886574972530415282e+06 2.151436063942484179e+04 1.795328252164041416e+01 1.912030132327470703e+12 0.000000000000000000e+00 2.241342641814096904e+24
2.955302948066853918e+06 2.142548196173994438e+04 1.833706562142943142e+01 1.885253270211339355e+12 0.000000000000000000e+00 2.399559100058560834e+24
3.024030923603292555e+06 2.133465079464999872e+04 1.871772220004842424e+01 1.858026798124521240e+12 0.000000000000000000e+00 2.564612364381857224e+24
3.092758899139730725e+06 2.124134236431149475e+04 1.909517360902251681e+01 1.830362992622848145e+12 0.000000000000000000e+00 2.736596922598494738e+24
3.161486874676169362e+06 2.114583881648859096e+04 1.946934077590543666e+01 1.802274390716093506e+12 0.000000000000000000e+00 2.915603446842590136e+24
3.230214850212607533e+06 2.104826047614567869e+04 1.984014184446481011e+01 1.773773738401220947e+12 0.000000000000000000e+00 3.101712511831018484e+24
3.298942825749046169e+06 2.094823242230406322e+04 2.020749411602866985e+01 1.744873929148484619e+12 0.000000000000000000e+00 3.294993977814960059e+24
3.367670801285484806e+06 2.084586885182708647e+04 2.057132084618819690e+01 1.715588166094974121e+12 0.000000000000000000e+00 3.495525898957910805e+24
3.436398776821922977e+06 2.074131903347455955e+04 2.093154390213024740e+01 1.685929892178755371e+12 0.000000000000000000e+00 3.703380026790997937e+24
3.505126752358361613e+06 2.063453326622410532e+04 2.128808353385553076e+01 1.655912786738499023e+12 0.000000000000000000e+00 3.918621289968858615e+24
3.573854727894799784e+06 2.052528691532368612e+04 2.164085837417856339e+01 1.625550765513484131e+12 0.000000000000000000e+00 4.141307794269628673e+24
3.642582703431238420e+06 2.041358495161266183e+04 2.198978543872770430e+01 1.594857980643594482e+12 0.000000000000000000e+00 4.371490822594954428e+24
3.711310678967677057e+06 2.029955115773990838e+04 2.233478012594513373e+01 1.563848820669321045e+12 0.000000000000000000e+00 4.609214834969982479e+24
3.780038654504115228e+06 2.018314467327825696e+04 2.267575621708685318e+01 1.532537910531761230e+12 0.000000000000000000e+00 4.854517468543365077e+24
3.848766630040553864e+06 2.006432349322292794e+04 2.301262587622271383e+01 1.500940111572617920e+12 0.000000000000000000e+00 5.107429537587264420e+24
3.917494605576992501e+06 1.994304422034820891e+04 2.334529965023637033e+01 1.469070521534201660e+12 0.000000000000000000e+00 5.367975033497339768e+24
3.986222581113430671e+06 1.981926859552473979e+04 2.367368646882532701e+01 1.436944474559428467e+12 0.000000000000000000e+00 5.636171124792759251e+24
4.054950556649869308e+06 1.969296372744973996e+04 2.399769364450090237e+01 1.404577541191820801e+12 0.000000000000000000e+00 5.912028157116195581e+24
4.123678532186307944e+06 1.956409510405563196e+04 2.431722687258824678e+01 1.371985528375507568e+12 0.000000000000000000e+00 6.195549653233830340e+24
4.192406507722746115e+06 1.943262585733560263e+04 2.463219023122633899e+01 1.339184479455224609e+12 0.000000000000000000e+00 6.486732313035338951e+24
4.261134483259184286e+06 1.929852984270246088e+04 2.494248618136799678e+01 1.306190674176313477e+12 0.000000000000000000e+00 6.785566013533911079e+24
4.329862458795622922e+06 1.916178149427055905e+04 2.524801556677984493e+01 1.273020628684721680e+12 0.000000000000000000e+00 7.092033808866242040e+24
4.398590434332061559e+06 1.902235276364743186e+04 2.554867761404235438e+01 1.239691095527004395e+12 0.000000000000000000e+00 7.406111930292525286e+24
4.467318409868500195e+06 1.888022503006883198e+04 2.584436993254982085e+01 1.206219063650321777e+12 0.000000000000000000e+00 7.727769786196465289e+24
4.536046385404938832e+06 1.873524335311465256e+04 2.613499007022316434e+01 1.172621743748863281e+12 0.000000000000000000e+00 8.056968472825951284e+24
4.604774360941376537e+06 1.858725758312855032e+04 2.642043922068135586e+01 1.138916539559149658e+12 0.000000000000000000e+00 8.393654040810324297e+24
4.673502336477815174e+06 1.843647273088510701e+04 2.670060931106007018e+01 1.105121176564001465e+12 0.000000000000000000e+00 8.737766124376992365e+24
4.742230312014253810e+06 1.828286250353443756e+04 2.697538847714308474e+01 1.071253646160472168e+12 0.000000000000000000e+00 9.089234802509288533e+24
4.810958287550692447e+06 1.812587245726592664e+04 2.724466200204445698e+01 1.037332196474906738e+12 0.000000000000000000e+00 9.447979873365413960e+24
4.879686263087131083e+06 1.796602067022625124e+04 2.750831231620848172e+01 1.003375332362941895e+12 0.000000000000000000e+00 9.813910854278434697e+24
4.948414238623568788e+06 1.780280890875427576e+04 2.776621899740970889e+01 9.694018154095068359e+11 0.000000000000000000e+00 1.018692698175627310e+25
5.017142214160007425e+06 1.763647980186500354e+04 2.801825877075295068e+01 9.354306639288212891e+11 0.000000000000000000e+00 1.056691721148173466e+25
5.085870189696446061e+06 1.746656377938671358e+04 2.826429738409581205e+01 9.014814230970616455e+11 0.000000000000000000e+00 1.095375628133840375e+25
5.154598165232884698e+06 1.729334950008837041e+04 2.850420800935144072e+01 8.675735412969741211e+11 0.000000000000000000e+00 1.134731062869905062e+25
5.223326140769323334e+06 8.756061564465657284e+03 2.860320269535831983e+01 8.383621189045635986e+11 0.000000000000000000e+00 1.169239865086729642e+25
5.292054116305761971e+06 8.700994307738845237e+03 2.836316891787615191e+01 8.212248316205554199e+11 0.000000000000000000e+00 1.190138867797979410e+25
5.360782091842199676e+06 8.646302794986317167e+03 2.813419279994596778e+01 8.043845395114472656e+11 0.000000000000000000e+00 1.211393112772668136e+25
5.429510067378638312e+06 8.591804718172928915e+03 2.791703472080203952e+01 7.877824921159835205e+11 0.000000000000000000e+00 1.233061963715060399e+25
5.498238042915076949e+06 8.537475657933311595e+03 2.771104199139130131e+01 7.714097348515364990e+11 0.000000000000000000e+00 1.255146121336543839e+25
5.566966018451515585e+06 8.483291532659750374e+03 2.751557266311608174e+01 7.552576395996914062e+11 0.000000000000000000e+00 1.277646006898937180e+25
5.635693993987954222e+06 8.429231395169739699e+03 2.733005886830856213e+01 7.393187641947199707e+11 0.000000000000000000e+00 1.300561708571971982e+25
5.704421969524391927e+06 8.375274454206133669e+03 2.715397656230395285e+01 7.235861870963863525e+11 0.000000000000000000e+00 1.323893223430524904e+25
5.773149945060830563e+06 8.321397073943586292e+03 2.698682295565993527e+01 7.080533052965678711e+11 0.000000000000000000e+00 1.347640375334086235e+25
5.841877920597269200e+06 8.267555528840424813e+03 2.682811651415668663e+01 6.927138343192552490e+11 0.000000000000000000e+00 1.371802814926758599e+25
5.910605896133707836e+06 8.213766368923814298e+03 2.667739695879685158e+01 6.775618082205521240e+11 0.000000000000000000e+00 1.396380019637258463e+25
5.979333871670146473e+06 8.160011088482507148e+03 2.653422526580556706e+01 6.625915795886754150e+11 0.000000000000000000e+00 1.421371293678914419e+25
6.048061847206585109e+06 8.106271467673697771e+03 2.639818366663044102e+01 6.477978195439549561e+11 0.000000000000000000e+00 1.446775768049669113e+25
6.116789822743022814e+06 8.052530508840653056e+03 2.626887564794157726e+01 6.331755177388341064e+11 0.000000000000000000e+00 1.472592400532077530e+25
6.185517798279461451e+06 7.998771242556405923e+03 2.614592595163153987e+01 6.187199823578687744e+11 0.000000000000000000e+00 1.498819975693308929e+25
6.254245773815900087e+06 7.944977857627964113e+03 2.602898057481539240e+01 6.044268401177282715e+11 0.000000000000000000e+00 1.525457104885144474e+25
6.322973749352338724e+06 7.891135076942760861e+03 2.591770676983066934e+01 5.902920362671951904e+11 0.000000000000000000e+00 1.552502226243979172e+25
6.391701724888777360e+06 7.837228798070078483e+03 2.581179304423739040e+01 5.763118345871651611e+11 0.000000000000000000e+00 1.579953604690820799e+25
6.460429700425215065e+06 7.783244615948507999e+03 2.571094916081806048e+01 5.624828173906469727e+11 0.000000000000000000e+00 1.607809331931289898e+25
6.529157675961653702e+06 7.729135388113805675e+03 2.561490613757765189e+01 5.488018855227620850e+11 0.000000000000000000e+00 1.636067326455621498e+25
6.597885651498092338e+06 7.674910003058394068e+03 2.552341402819622118e+01 5.352662334443948975e+11 0.000000000000000000e+00 1.664725318577383836e+25
6.666613627034530975e+06 7.620561489204497775e+03 2.543619423293338855e+01 5.218728232544432983e+11 0.000000000000000000e+00 1.693780540444734100e+25
6.735341602570969611e+06 7.566078633571885803e+03 2.535299704448361879e+01 5.086190338197157593e+11 0.000000000000000000e+00 1.723230135673823444e+25
6.804069578107407317e+06 7.511450688594366511e+03 2.527359702779802575e+01 4.955025762462308960e+11 0.000000000000000000e+00 1.753071110569090957e+25
6.872797553643845953e+06 7.456667474869836951e+03 2.519777592189909399e+01 4.825212975386254883e+11 0.000000000000000000e+00 1.783300215426328569e+25
6.941525529180284590e+06 7.401719765743224343e+03 2.512532263988069303e+01 4.696731806001553955e+11 0.000000000000000000e+00 1.813913944532680186e+25
7.010253504716723226e+06 7.346591107181422558e+03 2.505603326890807026e+01 4.569563442326950684e+11 0.000000000000000000e+00 1.844908536166642550e+25
7.078981480253161862e+06 7.291174704258457496e+03 2.498971107021784732e+01 4.443690431367373047e+11 0.000000000000000000e+00 1.876279972598065026e+25
7.147709455789599568e+06 7.235559918278710029e+03 2.492616647911802730e+01 4.319096679113940430e+11 0.000000000000000000e+00 1.908023980088148742e+25
7.216437431326038204e+06 7.179738962722243741e+03 2.486521710498799820e+01 4.195767450543950195e+11 0.000000000000000000e+00 1.940136028889448949e+25
7.285165406862476841e+06 7.123704529678861945e+03 2.480668773127851878e+01 4.073689369620894165e+11 0.000000000000000000e+00 1.972611333245872020e+25
7.353893382398915477e+06 7.067300337316429250e+03 2.475041031551172921e+01 3.952850419294445801e+11 0.000000000000000000e+00 2.005444851392677807e+25
7.422621357935354114e+06 7.010663812991067971e+03 2.469622398928115103e+01 3.833239941500466309e+11 0.000000000000000000e+00 2.038631285556477709e+25
7.491349333471792750e+06 6.953787494619979043e+03 2.464397505825168366e+01 3.714848637161003418e+11 0.000000000000000000e+00 2.072165081955236823e+25
7.560077309008230455e+06 6.896490197166937833e+03 2.459351700215960435e+01 3.597668566184290771e+11 0.000000000000000000e+00 2.106040430798271364e+25
7.628805284544669092e+06 6.838941611340183954e+03 2.454471047481256818e+01 3.481693147464747314e+11 0.000000000000000000e+00 2.140251266286252101e+25
7.697533260081107728e+06 6.781015856271494158e+03 2.449742330408961166e+01 3.366917158882979736e+11 0.000000000000000000e+00 2.174791266611200921e+25
7.766261235617546365e+06 6.722746436441806509e+03 2.445153049194115269e+01 3.253336737305780029e+11 0.000000000000000000e+00 2.209653853956492121e+25
7.834989211153985001e+06 6.664089016757819991e+03 2.440690997245319238e+01 3.140949108814040527e+11 0.000000000000000000e+00 2.244831968421292612e+25
7.903717186690422706e+06 6.605060323074269036e+03 2.436342241398845943e+01 3.029750856088228760e+11 0.000000000000000000e+00 2.280317276462174219e+25
7.972445162226861343e+06 6.545573004325747206e+03 2.432094947858794498e+01 2.919740050925849609e+11 0.000000000000000000e+00 2.316102382560716867e+25
8.041173137763299979e+06 6.485707944782481718e+03 2.427937844992822036e+01 2.810915884167637939e+11 0.000000000000000000e+00 2.352179607338800731e+25
8.109901113299738616e+06 6.425348952455351537e+03 2.423859811403433184e+01 2.703278452273479309e+11 0.000000000000000000e+00 2.388540736403340410e+25
8.178629088836177252e+06 6.364507491291937185e+03 2.419849875927978999e+01 2.596828757322410583e+11 0.000000000000000000e+00 2.425177020346281489e+25
8.247357064372615889e+06 6.303190359505097149e+03 2.415897217638656969e+01 2.491568707012619934e+11 0.000000000000000000e+00 2.462079174744601825e+25
8.316085039909053594e+06 6.241359878269879118e+03 2.411991165842512430e+01 2.387501114661449585e+11 0.000000000000000000e+00 2.499237380160311122e+25
8.384813015445492230e+06 6.178981972875521933e+03 2.408121200081435731e+01 2.284629699205386963e+11 0.000000000000000000e+00 2.536641282140451788e+25
8.453540990981930867e+06 6.116024699409974346e+03 2.404276950132165780e+01 2.182959085200078125e+11 0.000000000000000000e+00 2.574279991217096787e+25
8.522268966518368572e+06 6.052459046806651713e+03 2.400448196006287915e+01 2.082494802820317993e+11 0.000000000000000000e+00 2.612142082907352215e+25
8.590996942054808140e+06 5.988258272416327600e+03 2.396624867950233551e+01 1.983243287860049438e+11 0.000000000000000000e+00 2.650215597713356444e+25
8.659724917591245845e+06 5.923399514789316527e+03 2.392797046445281239e+01 1.885211881732375488e+11 0.000000000000000000e+00 2.688488041122277544e+25
8.728452893127685413e+06 5.857863682314475227e+03 2.388954962207557031e+01 1.788408831469540405e+11 0.000000000000000000e+00 2.726946383606318865e+25
8.797180868664123118e+06 5.791595512938973116e+03 2.385088996188033406e+01 1.692843289722950134e+11 0.000000000000000000e+00 2.765577060622711735e+25
8.865908844200560823e+06 5.724531986978363420e+03 2.381189679572528561e+01 1.598525314763155212e+11 0.000000000000000000e+00 2.804365972613723625e+25
8.934636819737000391e+06 5.656677350375442074e+03 2.377247693781709259e+01 1.505465870479856873e+11 0.000000000000000000e+00 2.843298485006652560e+25
9.003364795273438096e+06 5.587971807104451727e+03 2.373253870471087978e+01 1.413676826381915283e+11 0.000000000000000000e+00 2.882359428213825833e+25
9.072092770809877664e+06 5.518325778767557495e+03 2.369199191531023985e+01 1.323170957597333679e+11 0.000000000000000000e+00 2.921533097632606880e+25
9.140820746346315369e+06 5.447727292762141587e+03 2.365074789086724394e+01 1.233961944873275757e+11 0.000000000000000000e+00 2.960803253645387112e+25
9.209548721882753074e+06 5.376101316840393338e+03 2.360871884629750284e+01 1.146064415221285858e+11 0.000000000000000000e+00 3.000153039879334290e+25
9.278276697419192642e+06 5.303358720855201682e+03 2.356579792403311302e+01 1.059495080861727905e+11 0.000000000000000000e+00 3.039562372158254872e+25
9.347004672955630347e+06 5.229473874416831677e+03 2.352188094753156378e+01 9.742712175433746338e+10 0.000000000000000000e+00 3.079010872425489129e+25
9.415732648492069915e+06 5.154326173141502295e+03 2.347686738649144189e+01 8.904113831629017639e+10 0.000000000000000000e+00 3.118477699000141249e+25
9.484460624028507620e+06 5.077810484864445243e+03 2.343065212885780824e+01 8.079360843787524414e+10 0.000000000000000000e+00 3.157940397710793953e+25
9.553188599564945325e+06 4.999854578064436282e+03 2.338312548082219777e+01 7.268677766111210632e+10 0.000000000000000000e+00 3.197374901895514928e+25
9.621916575101384893e+06 4.920317893219605139e+03 2.333417316682262310e+01 6.472308640419590759e+10 0.000000000000000000e+00 3.236755532401854258e+25
9.690644550637822598e+06 4.839055273505438890e+03 2.328367632954357802e+01 5.690516996149828339e+10 0.000000000000000000e+00 3.276054997586840124e+25
9.759372526174262166e+06 4.755927790772391745e+03 2.323151152991603041e+01 4.923585850356578827e+10 0.000000000000000000e+00 3.315244393316988687e+25
9.828100501710699871e+06 4.670737510424005450e+03 2.317754800292178530e+01 4.171824293614290619e+10 0.000000000000000000e+00 3.354292633232767478e+25
9.896828477247137576e+06 4.583251365229769362e+03 2.312164408558973960e+01 3.435574944566706085e+10 0.000000000000000000e+00 3.393165737109310301e+25
9.965556452783577144e+06 4.493225439623747661e+03 2.306364845075077241e+01 2.715213028782365417e+10 0.000000000000000000e+00 3.431827112019792772e+25
1.003428442832001485e+07 4.400336493647357202e+03 2.300339181035403158e+01 2.011168366596517181e+10 0.000000000000000000e+00 3.470235818850925447e+25
1.010301240385645442e+07 4.304197595110568727e+03 2.294068664676502678e+01 1.323926051241263199e+10 0.000000000000000000e+00 3.508346516191966903e+25
1.017174037939289212e+07 4.204324053950956113e+03 2.287532720984270540e+01 6.540264563131106377e+09 0.000000000000000000e+00 3.546109459744808691e+25
1.024046835492933169e+07 4.100096213098166118e+03 2.280708097328123785e+01 2.087581577330493927e+07 0.000000000000000000e+00 3.583468840674420415e+25
