# Radius (m)	Density (kg/m^3)	Gravity (m/s^2)	Pressure (Pa)	Temperature (K)	Mass Enclosed (kg)
0.000000000000000000e+00 2.572328736977946028e+04 0.000000000000000000e+00 3.427698968291059082e+12 0.000000000000000000e+00 0.000000000000000000e+00
7.396420393738553685e+04 2.572207658632440143e+04 5.319325654161032313e-01 3.427192913926659668e+12 0.000000000000000000e+00 4.360076607490434662e+19
1.479284078747710737e+05 2.571844478296963280e+04 1.063775065331918235e+00 3.425674979459818848e+12 0.000000000000000000e+00 3.487740595103656837e+20
2.218926118121566251e+05 2.571239359953323583e+04 1.595437146611667023e+00 3.423145850262548340e+12 0.000000000000000000e+00 1.176953039926667379e+21
2.958568157495421474e+05 2.570392577458880623e+04 2.126829468752623242e+00 3.419606670938466797e+12 0.000000000000000000e+00 2.789269973914880049e+21
3.698210196869276697e+05 2.569304512338469067e+04 2.657861729703955511e+00 3.415059036093997070e+12 0.000000000000000000e+00 5.446381314065995661e+21
4.437852236243132502e+05 2.567975655044965970e+04 3.188444768332659773e+00 3.409504995606995117e+12 0.000000000000000000e+00 9.408252069053266395e+21
5.177494275616987725e+05 2.566406604726026490e+04 3.718488379623360540e+00 3.402947053651795410e+12 0.000000000000000000e+00 1.493452684861529234e+22
5.917136314990842948e+05 2.564598070003393514e+04 4.247901636820944127e+00 3.395388171956398438e+12 0.000000000000000000e+00 2.228377860857895531e+22
6.656778354364698753e+05 2.562546015959265787e+04 4.776593469983349216e+00 3.386831771295321289e+12 0.000000000000000000e+00 3.171332346201747384e+22
7.396420393738553394e+05 2.560232292960371706e+04 5.304472665981565527e+00 3.377281731489593262e+12 0.000000000000000000e+00 4.347922067925040208e+22
8.136062433112409199e+05 2.557678888572654250e+04 5.831447868499641807e+00 3.366742391406760254e+12 0.000000000000000000e+00 5.783627268784368334e+22
8.875704472486265004e+05 2.554886965204264561e+04 6.357427578034672067e+00 3.355218548960881836e+12 0.000000000000000000e+00 7.503802507260959968e+22
9.615346511860119645e+05 2.551857789694284293e+04 6.882321906462253835e+00 3.342715433111372070e+12 0.000000000000000000e+00 9.533518924060215896e+22
1.035498855123397545e+06 2.548592730893929547e+04 7.406043228113241561e+00 3.329238693879264160e+12 0.000000000000000000e+00 1.189773373445836877e+23
1.109463059060783125e+06 2.545093270875397138e+04 7.928502151688143762e+00 3.314794448612432617e+12 0.000000000000000000e+00 1.462144886145970151e+23
1.183427262998168590e+06 2.541324495254067733e+04 8.449608943166721176e+00 3.299389251371139160e+12 0.000000000000000000e+00 1.772937876417986020e+23
1.257391466935554054e+06 2.537311013340989302e+04 8.969273543507842561e+00 3.283030092622458008e+12 0.000000000000000000e+00 2.124594803945284986e+23
1.331355670872939751e+06 2.533065312907996122e+04 9.487405568649489140e+00 3.265724399240274414e+12 0.000000000000000000e+00 2.519529142183102775e+23
1.405319874810325215e+06 2.528589323096760199e+04 1.000391430950874216e+01 3.247480034505285156e+12 0.000000000000000000e+00 2.960125378358505636e+23
1.479284078747710679e+06 2.523861438200352859e+04 1.051870873198179623e+01 3.228305298104999512e+12 0.000000000000000000e+00 3.448739013470400408e+23
1.553248282685096376e+06 2.518868829652370914e+04 1.103169747694395042e+01 3.208208926133737793e+12 0.000000000000000000e+00 3.987696562289526807e+23
1.627212486622481840e+06 2.513649534868248884e+04 1.154278886024961182e+01 3.187200091092632812e+12 0.000000000000000000e+00 4.579295553358455070e+23
1.701176690559867304e+06 2.508205941020957835e+04 1.205189087273230086e+01 3.165288401889628418e+12 0.000000000000000000e+00 5.225804528991597368e+23
1.775140894497253001e+06 2.502478361463061447e+04 1.255891118020464248e+01 3.142483903839480957e+12 0.000000000000000000e+00 5.929463045275196064e+23
1.849105098434638465e+06 2.496519353613603016e+04 1.306375712345836249e+01 3.118797078663757812e+12 0.000000000000000000e+00 6.692481672067327732e+23
1.923069302372023929e+06 2.490341121236760955e+04 1.356633571826430185e+01 3.094238844490838379e+12 0.000000000000000000e+00 7.517041992997905849e+23
1.997033506309409393e+06 2.483877951064713125e+04 1.406655379826325181e+01 3.068820485460052734e+12 0.000000000000000000e+00 8.405271667221746491e+23
2.070997710246795090e+06 2.477185974338519736e+04 1.456431999211314832e+01 3.042553442029303711e+12 0.000000000000000000e+00 9.359174223653988593e+23
2.144961914184180554e+06 2.470266361801762105e+04 1.505954407581820043e+01 3.015449922590309082e+12 0.000000000000000000e+00 1.038084532389199634e+24
2.218926118121566251e+06 2.463061263369745939e+04 1.555213539015315050e+01 2.987522564950228027e+12 0.000000000000000000e+00 1.147234521019915222e+24
2.292890322058951482e+06 2.455646974921708170e+04 1.604200281014955110e+01 2.958784375307322266e+12 0.000000000000000000e+00 1.263567661221852066e+24
2.366854525996337179e+06 2.447954883897514810e+04 1.652905474509576678e+01 2.929248728250954102e+12 0.000000000000000000e+00 1.387278474697289098e+24
2.440818729933722876e+06 2.440033168493366975e+04 1.701319913853696519e+01 2.898929366761589355e+12 0.000000000000000000e+00 1.518555731886472100e+24
2.514782933871108107e+06 2.431856654729830916e+04 1.749434346827512954e+01 2.867840402210794434e+12 0.000000000000000000e+00 1.657582451967617734e+24
2.588747137808493804e+06 2.423430914444164227e+04 1.797239474636905499e+01 2.835996314361237793e+12 0.000000000000000000e+00 1.804535902856913808e+24
2.662711341745879501e+06 2.414758832071131474e+04 1.844725951913433093e+01 2.803411951366689941e+12 0.000000000000000000e+00 1.959587601208515249e+24
2.736675545683264732e+06 2.405833081963341101e+04 1.891884386714336941e+01 2.770102529772022461e+12 0.000000000000000000e+00 2.122903312414548131e+24
2.810639749620650429e+06 2.396655268733176126e+04 1.938705340522539089e+01 2.736083634513209961e+12 0.000000000000000000e+00 2.294643050605110213e+24
2.884603953558036126e+06 2.387235055758919771e+04 1.985179328246642072e+01 2.701371218917327148e+12 0.000000000000000000e+00 2.474961078648265031e+24
2.958568157495421357e+06 2.377542581221995351e+04 2.031296818220928913e+01 2.665981604702551758e+12 0.000000000000000000e+00 2.664005908150048340e+24
3.032532361432807054e+06 2.367633329153632076e+04 2.077048232205365252e+01 2.629931481978163086e+12 0.000000000000000000e+00 2.861920299454465969e+24
3.106496565370192751e+06 2.357419493645989860e+04 2.122423945385596156e+01 2.593237909244541992e+12 0.000000000000000000e+00 3.068841261643492747e+24
3.180460769307577983e+06 2.346979922958191673e+04 2.167414286372946819e+01 2.555918313393171387e+12 0.000000000000000000e+00 3.284900052537071964e+24
3.254424973244963679e+06 2.336287666983495001e+04 2.212009537204426124e+01 2.517990489706635742e+12 0.000000000000000000e+00 3.510222178693119667e+24
3.328389177182349376e+06 2.325311863102977804e+04 2.256199933342721664e+01 2.479472601858620605e+12 0.000000000000000000e+00 3.744927395407519828e+24
3.402353381119734608e+06 2.314098405973368426e+04 2.299975663676202231e+01 2.440383181913915039e+12 0.000000000000000000e+00 3.989129706714124348e+24
3.476317585057120305e+06 2.302634570829929726e+04 2.343326870518918170e+01 2.400741130328408203e+12 0.000000000000000000e+00 4.242937365384758416e+24
3.550281788994506001e+06 2.290874445656966054e+04 2.386243647549755309e+01 2.360565714945180176e+12 0.000000000000000000e+00 4.506452795737339899e+24
3.624245992931891233e+06 2.278865057387206252e+04 2.428715677525598693e+01 2.319876346138581055e+12 0.000000000000000000e+00 4.779756309169938773e+24
3.698210196869276930e+06 2.266601184744905186e+04 2.470732930998288879e+01 2.278692797925873535e+12 0.000000000000000000e+00 5.062925773414331478e+24
3.772174400806662161e+06 2.254077819580811774e+04 2.512285608189548114e+01 2.237035311498583496e+12 0.000000000000000000e+00 5.356042137024786791e+24
3.846138604744047858e+06 2.241261600785315386e+04 2.553363733198942498e+01 2.194924433759042236e+12 0.000000000000000000e+00 5.659176300036647207e+24
3.920102808681433555e+06 2.228175180618644663e+04 2.593957154003880916e+01 2.152381017320388672e+12 0.000000000000000000e+00 5.972389113966313903e+24
3.994067012618818786e+06 2.214820344951426159e+04 2.634055542459615396e+01 2.109426220506567871e+12 0.000000000000000000e+00 6.295731381811250496e+24
4.068031216556204483e+06 2.201192736506251822e+04 2.673648394299243236e+01 2.066081507352331055e+12 0.000000000000000000e+00 6.629243858049993783e+24
4.141995420493590180e+06 2.187288362448591579e+04 2.712725029133703458e+01 2.022368647603235840e+12 0.000000000000000000e+00 6.972957248642138704e+24
4.215959624430975877e+06 2.173103286194045359e+04 2.751274590451779289e+01 1.978309716715647217e+12 0.000000000000000000e+00 7.326892211028346939e+24
4.289923828368361108e+06 2.158633796835376415e+04 2.789286045620096743e+01 1.933927095856736084e+12 0.000000000000000000e+00 7.691059354130338309e+24
4.363888032305746339e+06 2.143876806896441849e+04 2.826748185883126396e+01 1.889243471904479492e+12 0.000000000000000000e+00 8.065459238350910111e+24
4.437852236243132502e+06 2.128828983011297532e+04 2.863649626363181966e+01 1.844281837447661133e+12 0.000000000000000000e+00 8.450082375573916715e+24
4.511816440180517733e+06 2.113487501194321521e+04 2.899978806060419956e+01 1.799065490785872070e+12 0.000000000000000000e+00 8.844909229164271709e+24
4.585780644117902964e+06 2.097849753499875078e+04 2.935723987852841077e+01 1.753618035929508789e+12 0.000000000000000000e+00 9.249910213967961859e+24
4.659744848055289127e+06 2.081913480108309159e+04 2.970873258496289537e+01 1.707963382599773926e+12 0.000000000000000000e+00 9.665045696312042815e+24
4.733709051992674358e+06 2.065677074153437570e+04 3.005414528624451975e+01 1.662125746228678223e+12 0.000000000000000000e+00 1.009026599400461441e+25
4.807673255930059589e+06 2.049112184494084067e+04 3.039335532748860302e+01 1.616129647959037842e+12 0.000000000000000000e+00 1.052551137633486148e+25
4.881637459867445752e+06 2.032226554155020858e+04 3.072623829258888861e+01 1.569999914644474609e+12 0.000000000000000000e+00 1.097071206407303344e+25
4.955601663804830983e+06 2.015031420703182812e+04 3.105266737632502938e+01 1.523761743662185791e+12 0.000000000000000000e+00 1.142578453832705991e+25
5.029565867742216215e+06 1.997518197224023606e+04 3.137251232250642019e+01 1.477440762564071533e+12 0.000000000000000000e+00 1.189062305482152199e+25
5.103530071679602377e+06 1.979638998627518231e+04 3.168564082572254748e+01 1.431062736318297607e+12 0.000000000000000000e+00 1.236511506198086350e+25
5.177494275616987608e+06 1.961445143102157454e+04 3.199191593641594977e+01 1.384653793615726807e+12 0.000000000000000000e+00 1.284913330954371402e+25
5.251458479554372840e+06 1.942880738123845367e+04 3.229119589342820973e+01 1.338240443929041016e+12 0.000000000000000000e+00 1.334253506455630305e+25
5.325422683491759002e+06 1.923976023161927878e+04 3.258333412399996831e+01 1.291849577512741699e+12 0.000000000000000000e+00 1.384516211137243644e+25
5.399386887429144233e+06 1.904682369532671873e+04 3.286817924377086797e+01 1.245508465403152344e+12 0.000000000000000000e+00 1.435684075165348345e+25
5.473351091366529465e+06 1.885033210826516734e+04 3.314557723068999451e+01 1.199244672038098633e+12 0.000000000000000000e+00 1.487738267144212548e+25
5.547315295303915627e+06 1.864977862279005058e+04 3.341536873771887173e+01 1.153086137376443604e+12 0.000000000000000000e+00 1.540658167250661314e+25
5.621279499241300859e+06 9.602584932609679527e+03 3.323241140663974136e+01 1.125194315034870850e+12 0.000000000000000000e+00 1.573354349624590116e+25
5.695243703178686090e+06 9.538006253508752707e+03 3.296087760528408239e+01 1.101765994851320801e+12 0.000000000000000000e+00 1.601834785675708859e+25
5.769207907116072252e+06 9.473675588180845807e+03 3.270332338595324018e+01 1.078680970478332886e+12 0.000000000000000000e+00 1.630868058318017908e+25
5.843172111053457484e+06 9.409563309924138593e+03 3.245895136020307348e+01 1.055926735744774170e+12 0.000000000000000000e+00 1.660454273770488321e+25
5.917136314990842715e+06 9.345646293032881658e+03 3.222704515822252347e+01 1.033491962995052612e+12 0.000000000000000000e+00 1.690593406134989787e+25
5.991100518928228877e+06 9.281898631049509277e+03 3.200692001376292950e+01 1.011365867101041504e+12 0.000000000000000000e+00 1.721285196853390072e+25
6.065064722865614109e+06 9.218294493110945041e+03 3.179792223769031878e+01 9.895382039028686523e+11 0.000000000000000000e+00 1.752529149115386052e+25
6.139028926802999340e+06 9.154810282097205345e+03 3.159942921798536375e+01 9.679992702089145508e+11 0.000000000000000000e+00 1.784324527858505863e+25
6.212993130740385503e+06 9.091422652517618189e+03 3.141084941974339984e+01 9.467399037958137207e+11 0.000000000000000000e+00 1.816670359768108470e+25
6.286957334677770734e+06 9.028109193275329744e+03 3.123162238517443612e+01 9.257514834084552002e+11 0.000000000000000000e+00 1.849565433277381519e+25
6.360921538615155965e+06 8.964847895914203036e+03 3.106121873360313757e+01 9.050259287599808350e+11 0.000000000000000000e+00 1.883008298567343915e+25
6.434885742552542128e+06 8.901617736072645130e+03 3.089914016146882858e+01 8.845557005317863770e+11 0.000000000000000000e+00 1.916997267566845392e+25
6.508849946489927359e+06 8.838398917590846395e+03 3.074491944232551077e+01 8.643338003735218506e+11 0.000000000000000000e+00 1.951530413952564794e+25
6.582814150427312590e+06 8.775172685566492873e+03 3.059812042684182742e+01 8.443537709030904541e+11 0.000000000000000000e+00 1.986605573149011795e+25
6.656778354364698753e+06 8.711921068451760220e+03 3.045833804280110257e+01 8.246096957066490479e+11 0.000000000000000000e+00 2.022220342328527329e+25
6.730742558302083984e+06 8.648627837360552803e+03 3.032519825349306331e+01 8.050961986396711426e+11 0.000000000000000000e+00 2.058372080384403318e+25
6.804706762239469215e+06 8.585275353442906635e+03 3.019831643702369917e+01 7.858077769792364502e+11 0.000000000000000000e+00 2.095057849732298773e+25
6.878670966176855378e+06 8.521846915938745951e+03 3.007732351941708160e+01 7.667393355844578857e+11 0.000000000000000000e+00 2.132274324717779861e+25
6.952635170114240609e+06 8.458328509234683224e+03 2.996189341628474168e+01 7.478865665677886963e+11 0.000000000000000000e+00 2.170017861017645888e+25
7.026599374051625840e+06 8.394705846754604863e+03 2.985171127080375797e+01 7.292453890936005859e+11 0.000000000000000000e+00 2.208284497315978014e+25
7.100563577989012003e+06 8.330965711502911290e+03 2.974647345371673524e+01 7.108119493781853027e+11 0.000000000000000000e+00 2.247069955304139250e+25
7.174527781926397234e+06 8.267094930645362183e+03 2.964588756333182218e+01 6.925826206897541504e+11 0.000000000000000000e+00 2.286369639680771883e+25
7.248491985863782465e+06 8.203016247579698756e+03 2.954967242552271500e+01 6.745540033484375000e+11 0.000000000000000000e+00 2.326178638151799620e+25
7.322456189801167697e+06 8.138742041602971767e+03 2.945755809372863254e+01 6.567229247262856445e+11 0.000000000000000000e+00 2.366491721430428023e+25
7.396420393738553859e+06 8.074292491045527640e+03 2.936928584895434113e+01 6.390864392472679443e+11 0.000000000000000000e+00 2.407303343237141927e+25
7.470384597675939091e+06 8.009657158657502805e+03 2.928460819977014751e+01 6.216418283872739258e+11 0.000000000000000000e+00 2.448607640299707590e+25
7.544348801613324322e+06 7.944826147056615810e+03 2.920328888231189168e+01 6.043866006741118164e+11 0.000000000000000000e+00 2.490398432353172693e+25
7.618313005550710484e+06 7.879721187035428557e+03 2.912510286028096118e+01 5.873184916875096436e+11 0.000000000000000000e+00 2.532669222139865909e+25
7.692277209488095716e+06 7.814312330606619071e+03 2.904983632494426615e+01 5.704354640591152344e+11 0.000000000000000000e+00 2.575413195409395187e+25
7.766241413425480947e+06 7.748673595260522234e+03 2.897728669513427491e+01 5.537357074724956055e+11 0.000000000000000000e+00 2.618623220918650756e+25
7.840205617362867109e+06 7.682799232014657719e+03 2.890726261724898194e+01 5.372176386631371460e+11 0.000000000000000000e+00 2.662291850431803840e+25
7.914169821300252341e+06 7.616495227841318410e+03 2.883958396525191858e+01 5.208799014184460449e+11 0.000000000000000000e+00 2.706411318720305365e+25
7.988134025237637572e+06 7.549928101332231563e+03 2.877408184067216723e+01 5.047213665777479248e+11 0.000000000000000000e+00 2.750973543562888112e+25
8.062098229175023735e+06 7.483051126097841916e+03 2.871058047304699201e+01 4.887409951887764282e+11 0.000000000000000000e+00 2.795969406103150357e+25
8.136062433112408966e+06 7.415730638106899278e+03 2.864889210945230502e+01 4.729377370808284912e+11 0.000000000000000000e+00 2.841388915552042195e+25
8.210026637049794197e+06 7.348137142641582614e+03 2.858885998803379991e+01 4.573108443367315674e+11 0.000000000000000000e+00 2.887222858116719891e+25
8.283990840987180360e+06 7.280021937041346973e+03 2.853033106528758012e+01 4.418596999532290039e+11 0.000000000000000000e+00 2.933461446960011412e+25
8.357955044924565591e+06 7.211612676152915810e+03 2.847315540655574750e+01 4.265838136253608398e+11 0.000000000000000000e+00 2.980094295262939892e+25
8.431919248861951753e+06 7.142636131038400890e+03 2.841718618602638102e+01 4.114828217464625244e+11 0.000000000000000000e+00 3.027110416224729644e+25
8.505883452799336985e+06 7.073287595717871227e+03 2.836227968673355448e+01 3.965564874081660156e+11 0.000000000000000000e+00 3.074498223062800148e+25
8.579847656736722216e+06 7.003426645570096298e+03 2.830829530055732945e+01 3.818047004003991699e+11 0.000000000000000000e+00 3.122245529012769915e+25
8.653811860674107447e+06 6.933037471115262633e+03 2.825509552822374815e+01 3.672274772113859863e+11 0.000000000000000000e+00 3.170339547328455631e+25
8.727776064611492679e+06 6.862155899747667718e+03 2.820254597930484408e+01 3.528249610276465454e+11 0.000000000000000000e+00 3.218766891281870863e+25
8.801740268548879772e+06 6.790736105704949296e+03 2.815051537221863853e+01 3.385974217339965820e+11 0.000000000000000000e+00 3.267513574163229502e+25
8.875704472486265004e+06 6.718679260610189885e+03 2.809887553422914408e+01 3.245452559135491333e+11 0.000000000000000000e+00 3.316565009280937596e+25
8.949668676423650235e+06 6.646013891454218538e+03 2.804750140144635395e+01 3.106689868477122192e+11 0.000000000000000000e+00 3.365906009961605382e+25
9.023632880361035466e+06 6.572715073147273870e+03 2.799627101882624913e+01 2.969692645161901855e+11 0.000000000000000000e+00 3.415520789550036972e+25
9.097597084298420697e+06 6.498747528573292584e+03 2.794506554017080546e+01 2.834468655969835205e+11 0.000000000000000000e+00 3.465392961409236800e+25
9.171561288235805929e+06 6.424079047577344681e+03 2.789376922812797943e+01 2.701026934663889771e+11 0.000000000000000000e+00 3.515505538920404896e+25
9.245525492173193023e+06 6.348674000748354956e+03 2.784226945419171884e+01 2.569377781989988403e+11 0.000000000000000000e+00 3.565840935482942470e+25
9.319489696110578254e+06 6.272429007602770071e+03 2.779045669870195212e+01 2.439532765677025146e+11 0.000000000000000000e+00 3.616380964514443319e+25
9.393453900047963485e+06 6.195382148949480325e+03 2.773822455084460614e+01 2.311504720436847229e+11 0.000000000000000000e+00 3.667106839450703281e+25
9.467418103985348716e+06 6.117501051281191394e+03 2.768546469179114311e+01 2.185307883846299744e+11 0.000000000000000000e+00 3.717998502644844299e+25
9.541382307922733948e+06 6.038631603941366848e+03 2.763205035573674806e+01 2.060957414683632812e+11 0.000000000000000000e+00 3.769032816747856985e+25
9.615346511860119179e+06 5.958823173737086108e+03 2.757787075701201829e+01 1.938468437119851990e+11 0.000000000000000000e+00 3.820188186156320791e+25
9.689310715797504410e+06 5.877989027751127651e+03 2.752281491965984372e+01 1.817857941294342041e+11 0.000000000000000000e+00 3.871441763420786545e+25
9.763274919734891504e+06 5.796029447233020619e+03 2.746676883709937300e+01 1.699144941566968079e+11 0.000000000000000000e+00 3.922769034148175536e+25
9.837239123672276735e+06 5.712884330302735179e+03 2.740961547212604899e+01 1.582350476518088684e+11 0.000000000000000000e+00 3.974143817001772645e+25
9.911203327609661967e+06 5.628467460109880449e+03 2.735123475691156969e+01 1.467497608948536682e+11 0.000000000000000000e+00 4.025538263701235363e+25
9.985167531547047198e+06 5.542733995493759721e+03 2.729150359300391315e+01 1.354611425879631195e+11 0.000000000000000000e+00 4.076922859022590781e+25
1.005913173548443243e+07 5.455534534409767730e+03 2.723029585132734098e+01 1.243719038553175659e+11 0.000000000000000000e+00 4.128266420798230443e+25
1.013309593942181766e+07 5.366788315046069329e+03 2.716748237218237350e+01 1.134849582431456909e+11 0.000000000000000000e+00 4.179536099916917213e+25
1.020706014335920475e+07 5.276364200571337278e+03 2.710293096524581813e+01 1.028034217197242432e+11 0.000000000000000000e+00 4.230697380323783558e+25
1.028102434729658999e+07 5.184091614469771230e+03 2.703650640957074813e+01 9.233061267537922668e+10 0.000000000000000000e+00 4.281714079020324675e+25
1.035498855123397522e+07 5.089825337427660997e+03 2.696807016765597709e+01 8.207005891505068970e+10 0.000000000000000000e+00 4.332548283664863914e+25
1.042895275517136045e+07 4.993365053286384864e+03 2.689746566360118507e+01 7.202584341411190796e+10 0.000000000000000000e+00 4.383157167200065026e+25
1.050291695910874568e+07 4.894471525452419883e+03 2.682452810526978837e+01 6.220236618013517761e+10 0.000000000000000000e+00 4.433495105527434379e+25
1.057688116304613091e+07 4.792889192058051776e+03 2.674908115657408203e+01 5.260450135907374573e+10 0.000000000000000000e+00 4.483512774885041080e+25
1.065084536698351800e+07 4.688269831012226859e+03 2.667092946838353029e+01 4.323779164416603088e+10 0.000000000000000000e+00 4.533155496006073814e+25
1.072480957092090324e+07 4.580237916627518644e+03 2.658985867852478790e+01 3.410844827593665314e+10 0.000000000000000000e+00 4.582363234118839128e+25
1.079877377485828847e+07 4.468292741252515953e+03 2.650563532908715914e+01 2.522335350752764893e+10 0.000000000000000000e+00 4.631070580668843482e+25
1.087273797879567370e+07 4.351811078195209120e+03 2.641799519240005978e+01 1.659040728174481392e+10 0.000000000000000000e+00 4.679204159528124967e+25
1.094670218273305893e+07 4.229983676127414583e+03 2.632663112941935069e+01 8.218901890638614655e+09 0.000000000000000000e+00 4.726679878531970475e+25
1.102066638667044602e+07 4.101738630947340425e+03 2.623118095339993161e+01 1.199112093818817139e+08 0.000000000000000000e+00 4.773400229264681297e+25
