# Radius (m)	Density (kg/m^3)	Gravity (m/s^2)	Pressure (Pa)	Temperature (K)	Mass Enclosed (kg)
0.000000000000000000e+00 5.199590279927701340e+04 0.000000000000000000e+00 2.393216464304785156e+13 0.000000000000000000e+00 0.000000000000000000e+00
1.057462934261873888e+05 5.199308012444467749e+04 1.537237544043233317e+00 2.392793827782782031e+13 0.000000000000000000e+00 2.575523338596891361e+20
2.114925868523747777e+05 5.198461356786210672e+04 3.074174122234676787e+00 2.391526138006259766e+13 0.000000000000000000e+00 2.060215736604580643e+21
3.172388802785621956e+05 5.197050755005834799e+04 4.610511250799327776e+00 2.389414056856990625e+13 0.000000000000000000e+00 6.952103487780951163e+21
4.229851737047495553e+05 5.195076939611519629e+04 6.145947101054631823e+00 2.386458681112774609e+13 0.000000000000000000e+00 1.647504904653384974e+22
5.287314671309369151e+05 5.192540938931429991e+04 7.680182992149473087e+00 2.382661550479974219e+13 0.000000000000000000e+00 3.216848646650438720e+22
6.344777605571243912e+05 5.189444073455666512e+04 9.212920818607624796e+00 2.378024642116340625e+13 0.000000000000000000e+00 5.556790169256366965e+22
7.402240539833117509e+05 5.185787950847943284e+04 1.074386316968737987e+01 2.372550363162056250e+13 0.000000000000000000e+00 8.820284694803922289e+22
8.459703474094991107e+05 5.181574465899261850e+04 1.227271338718925620e+01 2.366241550670364453e+13 0.000000000000000000e+00 1.315969106431409977e+23
9.517166408356864704e+05 5.176805729120750038e+04 1.379917616279194270e+01 2.359101364690280469e+13 0.000000000000000000e+00 1.872676367662195598e+23
1.057462934261873830e+06 5.171483667195792077e+04 1.532283079032907658e+01 2.351132690027223047e+13 0.000000000000000000e+00 2.567229917896429168e+23
1.163209227688061306e+06 5.165161799542608787e+04 1.684298152161074924e+01 2.342341475142585156e+13 0.000000000000000000e+00 3.414548750937512015e+23
1.268955521114248782e+06 5.156453113654350454e+04 1.835894845492307326e+01 2.332734758923151172e+13 0.000000000000000000e+00 4.429374589338402370e+23
1.374701814540436026e+06 5.147011885208859167e+04 1.987010908046756796e+01 2.322319961145109766e+13 0.000000000000000000e+00 5.626270260563828319e+23
1.480448107966623502e+06 5.136845185669975763e+04 2.137589828036120565e+01 2.311104882474056250e+13 0.000000000000000000e+00 7.019619696990302566e+23
1.586194401392810745e+06 5.125960431785625406e+04 2.287580832863636005e+01 2.299097704464991406e+13 0.000000000000000000e+00 8.623627935906101293e+23
1.691940694818998221e+06 5.114320783509605099e+04 2.436938889124083119e+01 2.286306989562320703e+13 0.000000000000000000e+00 1.045232111951129235e+24
1.797686988245185697e+06 5.101890897290442808e+04 2.585624702603785607e+01 2.272741681099856250e+13 0.000000000000000000e+00 1.251954649491769766e+24
1.903433281671372941e+06 5.088759795112426218e+04 2.733604718280606960e+01 2.258411103300815234e+13 0.000000000000000000e+00 1.483897241414892547e+24
2.009179575097560417e+06 5.074936369766013377e+04 2.880851120323956138e+01 2.243324961277820312e+13 0.000000000000000000e+00 1.742408833414036088e+24
2.114925868523747660e+06 5.060318329548291513e+04 3.027340993400162716e+01 2.227493375565248438e+13 0.000000000000000000e+00 2.028819354785857231e+24
2.220672161949935369e+06 5.044974571260433731e+04 3.173034810600782762e+01 2.210927668223803516e+13 0.000000000000000000e+00 2.344416582410845184e+24
2.326418455376122613e+06 5.028961697462889424e+04 3.317890876956600721e+01 2.193639558228253125e+13 0.000000000000000000e+00 2.690470897484157799e+24
2.432164748802309856e+06 5.012169155393281835e+04 3.461872079419388371e+01 2.175641005534719922e+13 0.000000000000000000e+00 3.068228887535738008e+24
2.537911042228497565e+06 4.994664091898916377e+04 3.604941302536073522e+01 2.156944426350114453e+13 0.000000000000000000e+00 3.478904932774508004e+24
2.643657335654684808e+06 4.976513468484225450e+04 3.747061428448743214e+01 2.137562693132132422e+13 0.000000000000000000e+00 3.923681206088370317e+24
2.749403629080872051e+06 4.957533499522895727e+04 3.888195336894644072e+01 2.117509134589258203e+13 0.000000000000000000e+00 4.403707673044211573e+24
2.855149922507059295e+06 4.937930719119490823e+04 4.028305905206181592e+01 2.096797535680761328e+13 0.000000000000000000e+00 4.920102091887900344e+24
2.960896215933247004e+06 4.917575541756907478e+04 4.167356008310918014e+01 2.075442137616699609e+13 0.000000000000000000e+00 5.473950013544287149e+24
3.066642509359434247e+06 4.896540979924846033e+04 4.305308518731577294e+01 2.053457637857917578e+13 0.000000000000000000e+00 6.066304781617199088e+24
3.172388802785621490e+06 4.874805331806317554e+04 4.442126293375174839e+01 2.030859180771253906e+13 0.000000000000000000e+00 6.698186691590787101e+24
3.278135096211809199e+06 4.852368146740512748e+04 4.577772100407041478e+01 2.007662014181040625e+13 0.000000000000000000e+00 7.370553840158167865e+24
3.383881389637996443e+06 4.829246366939018480e+04 4.712210274066239890e+01 1.983882029098788672e+13 0.000000000000000000e+00 8.084354224877904293e+24
3.489627683064183686e+06 4.805439007446682808e+04 4.845405740042632914e+01 1.959535628259958594e+13 0.000000000000000000e+00 8.840510220168530879e+24
3.595373976490371395e+06 4.780931065675762511e+04 4.977323514440784180e+01 1.934639501307407422e+13 0.000000000000000000e+00 9.639897535819888946e+24
3.701120269916558638e+06 4.755792558646490215e+04 5.107928703779958113e+01 1.909210624791386328e+13 0.000000000000000000e+00 1.048334521699310839e+25
3.806866563342745882e+06 4.729903054324467666e+04 5.237186504994122060e+01 1.883266262169543359e+13 0.000000000000000000e+00 1.137163564422063560e+25
3.912612856768933591e+06 4.703416968434245791e+04 5.365062205431942743e+01 1.856823963806920312e+13 0.000000000000000000e+00 1.230550453340622058e+25
4.018359150195120834e+06 4.676211802255742805e+04 5.491521182856789096e+01 1.829901566975956641e+13 0.000000000000000000e+00 1.328564093582490296e+25
4.124105443621308077e+06 4.648348085385293234e+04 5.616528905446732267e+01 1.802517195856485156e+13 0.000000000000000000e+00 1.431268723812303996e+25
4.229851737047495320e+06 4.619876632299088669e+04 5.740050931794542777e+01 1.774689261535735156e+13 0.000000000000000000e+00 1.538723916231828488e+25
4.335598030473683029e+06 4.590691107754746918e+04 5.862052910907696202e+01 1.746436462008331445e+13 0.000000000000000000e+00 1.650984576579959570e+25
4.441344323899870738e+06 4.560856659138243413e+04 5.982500582208364648e+01 1.717777782176294141e+13 0.000000000000000000e+00 1.768100944132723508e+25
4.547090617326057516e+06 4.530408834230620414e+04 6.101359775533423857e+01 1.688732493849039062e+13 0.000000000000000000e+00 1.890118591703275320e+25
4.652836910752245225e+06 4.499343222989575588e+04 6.218596411134451785e+01 1.659320155743376562e+13 0.000000000000000000e+00 2.017078425641903494e+25
4.758583204178432934e+06 4.467563246910390444e+04 6.334176499677727179e+01 1.629560613483513672e+13 0.000000000000000000e+00 2.149016685836023986e+25
4.864329497604619712e+06 4.435167088805467938e+04 6.448066155684236378e+01 1.599473992909240039e+13 0.000000000000000000e+00 2.285964906697122658e+25
4.970075791030807421e+06 4.402154614256653440e+04 6.560233484678302318e+01 1.569079981345075781e+13 0.000000000000000000e+00 2.427945909332895281e+25
5.075822084456995130e+06 4.368524211877353810e+04 6.670647606321419687e+01 1.538398721028048828e+13 0.000000000000000000e+00 2.574979329475806676e+25
5.181568377883181907e+06 4.334275578546295583e+04 6.779276975055545051e+01 1.507450926734402930e+13 0.000000000000000000e+00 2.727081684409028630e+25
5.287314671309369616e+06 4.299407269702725171e+04 6.886090093594118855e+01 1.476257367959922852e+13 0.000000000000000000e+00 2.884263216838886111e+25
5.393060964735556394e+06 4.263919337553172954e+04 6.991055512922059734e+01 1.444838868919936133e+13 0.000000000000000000e+00 3.046527894894844387e+25
5.498807258161744103e+06 4.227805206773939426e+04 7.094141832295777306e+01 1.413216308549310938e+13 0.000000000000000000e+00 3.213873412129521906e+25
5.604553551587931812e+06 4.191080028497023159e+04 7.195317699243153697e+01 1.381410620502458203e+13 0.000000000000000000e+00 3.386291187518679995e+25
5.710299845014118589e+06 4.153751654313062318e+04 7.294551809563557754e+01 1.349442793153330664e+13 0.000000000000000000e+00 3.563766365461226721e+25
5.816046138440306298e+06 4.115812250318942824e+04 7.391812907327843618e+01 1.317333869595421484e+13 0.000000000000000000e+00 3.746277815779222045e+25
5.921792431866494007e+06 4.077259955863600771e+04 7.487069784878343626e+01 1.285104947641766797e+13 0.000000000000000000e+00 3.933798133717868374e+25
6.027538725292680785e+06 4.038106744967114355e+04 7.580291282828873989e+01 1.252777179824944336e+13 0.000000000000000000e+00 4.126293639945514856e+25
6.133285018718868494e+06 3.998356271765480051e+04 7.671446290064731954e+01 1.220371773397072852e+13 0.000000000000000000e+00 4.323724380553662534e+25
6.239031312145056203e+06 3.958016427110884979e+04 7.760503743742700067e+01 1.187909990329813672e+13 0.000000000000000000e+00 4.526044127056956185e+25
6.344777605571242981e+06 3.917093982514114759e+04 7.847432629291040485e+01 1.155413147314369727e+13 0.000000000000000000e+00 4.733200376393184751e+25
6.450523898997430690e+06 3.875599292859291018e+04 7.932201980409499242e+01 1.122902615761485156e+13 0.000000000000000000e+00 4.945134350923291644e+25
6.556270192423618399e+06 3.833447707528117462e+04 8.014780879069306252e+01 1.090399821801446484e+13 0.000000000000000000e+00 5.161780998431361005e+25
6.662016485849805176e+06 3.790717729882057756e+04 8.095138404333637538e+01 1.057926249600853125e+13 0.000000000000000000e+00 5.383068432518321232e+25
6.767762779275992885e+06 3.747434756384171487e+04 8.173243596127201727e+01 1.025503350189463672e+13 0.000000000000000000e+00 5.608915610732475755e+25
6.873509072702180594e+06 3.703502163134059811e+04 8.249065702165228231e+01 9.931524267546798828e+12 0.000000000000000000e+00 5.839235518904398843e+25
6.979255366128367372e+06 3.658996310229787196e+04 8.322573734635687970e+01 9.608947324518791016e+12 0.000000000000000000e+00 6.073933735076636810e+25
7.085001659554555081e+06 3.613892308095758199e+04 8.393736428441081898e+01 9.287514783452705078e+12 0.000000000000000000e+00 6.312908151572695221e+25
7.190747952980742790e+06 3.568173462917191500e+04 8.462522241198439588e+01 8.967438334078966797e+12 0.000000000000000000e+00 6.556048974997028590e+25
7.296494246406929567e+06 3.521848610980523517e+04 8.528899353741888945e+01 8.648929244458381836e+12 0.000000000000000000e+00 6.803238726558047681e+25
7.402240539833117276e+06 3.474937182660066173e+04 8.592834726837405412e+01 8.332198964917350586e+12 0.000000000000000000e+00 7.054351245921577293e+25
7.507986833259304985e+06 3.427353703656670405e+04 8.654296397783811301e+01 8.017456493314598633e+12 0.000000000000000000e+00 7.309253178460619278e+25
7.613733126685491763e+06 3.380017942815502465e+04 8.708068568230441997e+01 7.710306447523716797e+12 0.000000000000000000e+00 7.563293855834510809e+25
7.719479420111679472e+06 1.933706404187539010e+04 8.640213824662461661e+01 7.533029598501255859e+12 0.000000000000000000e+00 7.714268588920127066e+25
7.825225713537867181e+06 1.914669922832974407e+04 8.576640368832023853e+01 7.357863987798078125e+12 0.000000000000000000e+00 7.868739822062371801e+25
7.930972006964053959e+06 1.895776047864517750e+04 8.516194893669694466e+01 7.185672609211794922e+12 0.000000000000000000e+00 8.025880038663326620e+25
8.036718300390241668e+06 1.877015563099790597e+04 8.458681822509751669e+01 7.016357719718714844e+12 0.000000000000000000e+00 8.185673545120810738e+25
8.142464593816429377e+06 1.858379873956362280e+04 8.403914445691609103e+01 6.849830704988803711e+12 0.000000000000000000e+00 8.348100413237782798e+25
8.248210887242616154e+06 1.839860575245797372e+04 8.351721144969064881e+01 6.686004931104393555e+12 0.000000000000000000e+00 8.513143029898901779e+25
8.353957180668803863e+06 1.821449913537083194e+04 8.301944249608469306e+01 6.524802230085564453e+12 0.000000000000000000e+00 8.680781668565018359e+25
8.459703474094990641e+06 1.803140584973543446e+04 8.254433659463026629e+01 6.366149228997909180e+12 0.000000000000000000e+00 8.850994580268587148e+25
8.565449767521178350e+06 1.784925650734702504e+04 8.209046617826186321e+01 6.209976797279255859e+12 0.000000000000000000e+00 9.023758258471275777e+25
8.671196060947366059e+06 1.766798543388979306e+04 8.165647711431647338e+01 6.056220046739675781e+12 0.000000000000000000e+00 9.199047439063959741e+25
8.776942354373553768e+06 1.748753056863786333e+04 8.124108870453353859e+01 5.904818331561482422e+12 0.000000000000000000e+00 9.376835100366727556e+25
8.882688647799741477e+06 1.730783489448879118e+04 8.084309368505499549e+01 5.755715248299223633e+12 0.000000000000000000e+00 9.557092463128872164e+25
8.988434941225927323e+06 1.712865821362683710e+04 8.046135822642521873e+01 5.608858635879695312e+12 0.000000000000000000e+00 9.739788990528902964e+25
9.094181234652115032e+06 1.695010179879903444e+04 8.009482193359104940e+01 5.464200575601922852e+12 0.000000000000000000e+00 9.924892388174540656e+25
9.199927528078302741e+06 1.677213698991251295e+04 7.974249784590185186e+01 5.321697391137181641e+12 0.000000000000000000e+00 1.011236860410271209e+26
9.305673821504490450e+06 1.659471667887184594e+04 7.940341788608058948e+01 5.181305576119065430e+12 0.000000000000000000e+00 1.030218263953581256e+26
9.411420114930678159e+06 1.641779821383423405e+04 7.907667144611305332e+01 5.042984346204399414e+12 0.000000000000000000e+00 1.049429824826205500e+26
9.517166408356865868e+06 1.624134315270501065e+04 7.876143615547803734e+01 4.906698726560078125e+12 0.000000000000000000e+00 1.068867667492910780e+26
9.622912701783051714e+06 1.606512094479686493e+04 7.845691893321809118e+01 4.772415529209945312e+12 0.000000000000000000e+00 1.088527716737620081e+26
9.728658995209239423e+06 1.588915322011305398e+04 7.816235598701887000e+01 4.640103352968604492e+12 0.000000000000000000e+00 1.108405697664542969e+26
9.834405288635427132e+06 1.571353153948198087e+04 7.787701281320912017e+01 4.509732583441435547e+12 0.000000000000000000e+00 1.128497135698172670e+26
9.940151582061614841e+06 1.553822863903610778e+04 7.760018419676066515e+01 4.381275393024581055e+12 0.000000000000000000e+00 1.148797356583287960e+26
1.004589787548780255e+07 1.536304710483312556e+04 7.733119421128836279e+01 4.254705740904955078e+12 0.000000000000000000e+00 1.169301486384952478e+26
1.015164416891399026e+07 1.518787148948676986e+04 7.706939621905023330e+01 4.129999373060236328e+12 0.000000000000000000e+00 1.190004451488514898e+26
1.025739046234017611e+07 1.501292248191108956e+04 7.681417287094731705e+01 4.007133822258874023e+12 0.000000000000000000e+00 1.210900978599608929e+26
1.036313675576636381e+07 1.483811109067462166e+04 7.656493610652374571e+01 3.886088408060079102e+12 0.000000000000000000e+00 1.231985594744153828e+26
1.046888304919255152e+07 1.466305424407867031e+04 7.632112715396675640e+01 3.766844236813835449e+12 0.000000000000000000e+00 1.253252627268353202e+26
1.057462934261873923e+07 1.448815537910633429e+04 7.608221653010664909e+01 3.649384201660894531e+12 0.000000000000000000e+00 1.274696203838695864e+26
1.068037563604492694e+07 1.431315696318192204e+04 7.584770404041678660e+01 3.533692982532773438e+12 0.000000000000000000e+00 1.296310252441955659e+26
1.078612192947111279e+07 1.413796499118656720e+04 7.561711877901366563e+01 3.419757046151760254e+12 0.000000000000000000e+00 1.318088501385191127e+26
1.089186822289730050e+07 1.396282484931951512e+04 7.539001912865680310e+01 3.307564646030904297e+12 0.000000000000000000e+00 1.340024479295747042e+26
1.099761451632348821e+07 1.378722881443291408e+04 7.516599276074884983e+01 3.197105822474028320e+12 0.000000000000000000e+00 1.362111515121251841e+26
1.110336080974967591e+07 1.361169567361351437e+04 7.494460668217378441e+01 3.088368957514405273e+12 0.000000000000000000e+00 1.384342578367071520e+26
1.120910710317586362e+07 1.343559614384809174e+04 7.472542189652212130e+01 2.981342071241254395e+12 0.000000000000000000e+00 1.406710412791251813e+26
1.131485339660205133e+07 1.325942221055474147e+04 7.450804968613824997e+01 2.876016854453450195e+12 0.000000000000000000e+00 1.429207638455611239e+26
1.142059969002823718e+07 1.308274252747393621e+04 7.429211029427290214e+01 2.772385769744604980e+12 0.000000000000000000e+00 1.451826561591601776e+26
1.152634598345442489e+07 1.290571642269265612e+04 7.407723291522954412e+01 2.670442050814709473e+12 0.000000000000000000e+00 1.474559174563073211e+26
1.163209227688061260e+07 1.272839974126447487e+04 7.386305569436431995e+01 2.570179702470144531e+12 0.000000000000000000e+00 1.497397155866269533e+26
1.173783857030680031e+07 1.255033430410513756e+04 7.364922572808615087e+01 2.471593500623672852e+12 0.000000000000000000e+00 1.520331870129831855e+26
1.184358486373298801e+07 1.237183897081440227e+04 7.343539906385663585e+01 2.374678992294441406e+12 0.000000000000000000e+00 1.543354368114796866e+26
1.194933115715917572e+07 1.219282874383066883e+04 7.322124070019010844e+01 2.279432495607980469e+12 0.000000000000000000e+00 1.566455386714597690e+26
1.205507745058536157e+07 1.201321640461259813e+04 7.300642458665362255e+01 2.185851099796207031e+12 0.000000000000000000e+00 1.589625348955062513e+26
1.216082374401154928e+07 1.183281149981711860e+04 7.279063362386693825e+01 2.093932665197415527e+12 0.000000000000000000e+00 1.612854363994417331e+26
1.226657003743773699e+07 1.165165773365807036e+04 7.257355966350255017e+01 2.003675823256291016e+12 0.000000000000000000e+00 1.636132227123283372e+26
1.237231633086392470e+07 1.146972503274924202e+04 7.235490350828568751e+01 1.915079976523899902e+12 0.000000000000000000e+00 1.659448419764677271e+26
1.247806262429011241e+07 1.128694870947602976e+04 7.213437491199425722e+01 1.828145298657693115e+12 0.000000000000000000e+00 1.682792109474012439e+26
1.258380891771630011e+07 1.110326470760256052e+04 7.191169257945892923e+01 1.742872734421505127e+12 0.000000000000000000e+00 1.706152149939098381e+26
1.268955521114248596e+07 1.091860958830517302e+04 7.168658416656307963e+01 1.659263999685556152e+12 0.000000000000000000e+00 1.729517080980140007e+26
1.279530150456867367e+07 1.073275308845098516e+04 7.145878628024277646e+01 1.577321581426446533e+12 0.000000000000000000e+00 1.752875128549739349e+26
1.290104779799486138e+07 1.054578684339538086e+04 7.122804447666202066e+01 1.497048737706244873e+12 0.000000000000000000e+00 1.776214204692027746e+26
1.300679409142104909e+07 1.035767409224903167e+04 7.099407183848208547e+01 1.418448797811550781e+12 0.000000000000000000e+00 1.799521056191999585e+26
1.311254038484723680e+07 1.016816882895880917e+04 7.075657038807680976e+01 1.341524883101697266e+12 0.000000000000000000e+00 1.822781927693935104e+26
1.321828667827342451e+07 9.977245114433542767e+03 7.051526997765475357e+01 1.266281260906968750e+12 0.000000000000000000e+00 1.845983134652895722e+26
1.332403297169961035e+07 9.784764037433000340e+03 7.026989475143420805e+01 1.192723212669656006e+12 0.000000000000000000e+00 1.869110228029322020e+26
1.342977926512579806e+07 9.590715314934717753e+03 7.002016314564326649e+01 1.120857033944053223e+12 0.000000000000000000e+00 1.892147994289037174e+26
1.353552555855198577e+07 9.394752438487645122e+03 6.976578788851982438e+01 1.050690034396463623e+12 0.000000000000000000e+00 1.915080455403242490e+26
1.364127185197817348e+07 9.196867046391547774e+03 6.950647600031156514e+01 9.822305378051958008e+11 0.000000000000000000e+00 1.937890868848519809e+26
1.374701814540436119e+07 8.996908468538975285e+03 6.924192879327596017e+01 9.154878820605638428e+11 0.000000000000000000e+00 1.960561727606831850e+26
1.385276443883054703e+07 8.794688877083190164e+03 6.897184187168025460e+01 8.504724191648898926e+11 0.000000000000000000e+00 1.983074760165521522e+26
1.395851073225673474e+07 8.589863888283569395e+03 6.869590513180149571e+01 7.871955152324976807e+11 0.000000000000000000e+00 2.005410930517311929e+26
1.406425702568292245e+07 8.382449995304254116e+03 6.841380276192653298e+01 7.256695504897213135e+11 0.000000000000000000e+00 2.027550438160306362e+26
1.417000331910911016e+07 8.171934983436504808e+03 6.812520041141520721e+01 6.659083603494266357e+11 0.000000000000000000e+00 2.049472154934592190e+26
1.427574961253529787e+07 7.958174872774404321e+03 6.782973798268285748e+01 6.079271930738331299e+11 0.000000000000000000e+00 2.071153469917872491e+26
1.438149590596148558e+07 7.740796609431794423e+03 6.752704083991753237e+01 5.517430626795214844e+11 0.000000000000000000e+00 2.092570707179531039e+26
1.448724219938767143e+07 7.519305265731878535e+03 6.721669735224401165e+01 4.973760346768806763e+11 0.000000000000000000e+00 2.113698010153166422e+26
1.459298849281385913e+07 7.293308938080797816e+03 6.689825857645702456e+01 4.448492401129536743e+11 0.000000000000000000e+00 2.134507326752365007e+26
1.469873478624004684e+07 7.062138471278004545e+03 6.657123825702120712e+01 3.941888755714436035e+11 0.000000000000000000e+00 2.154968409370702661e+26
1.480448107966623455e+07 6.825179031325234973e+03 6.623511282607114481e+01 3.454242031727095337e+11 0.000000000000000000e+00 2.175048814881741999e+26
1.491022737309242226e+07 6.581448666779738232e+03 6.588931511631423632e+01 2.985879705418202515e+11 0.000000000000000000e+00 2.194713646814074220e+26
1.501597366651860997e+07 6.329919887387797644e+03 6.553317397649269083e+01 2.537203088398956604e+11 0.000000000000000000e+00 2.213923085952674938e+26
1.512171995994479582e+07 6.069140025751317808e+03 6.516592818462102343e+01 2.108680688935917664e+11 0.000000000000000000e+00 2.232632842983801885e+26
1.522746625337098353e+07 5.797252058384447082e+03 6.478666144341880795e+01 1.700897731392507629e+11 0.000000000000000000e+00 2.250791356532388612e+26
1.533321254679717124e+07 5.511606754126292799e+03 6.439428776298116475e+01 1.314566416893426208e+11 0.000000000000000000e+00 2.268339184945941583e+26
1.543895884022335894e+07 5.208490465189260249e+03 6.398747945642119817e+01 9.505769233387344360e+10 0.000000000000000000e+00 2.285206026610265657e+26
1.554470513364954665e+07 4.882155570757742680e+03 6.356449551602482018e+01 6.101231124100178528e+10 0.000000000000000000e+00 2.301303618275353975e+26
1.565045142707573436e+07 4.522924411514168241e+03 6.312296193280987211e+01 2.948662336558156586e+10 0.000000000000000000e+00 2.316516749864795298e+26
1.575619772050192021e+07 4.111859378781942723e+03 6.265934017948153922e+01 7.324395516166458130e+08 0.000000000000000000e+00 2.330681878074933570e+26
