# Radius (m)	Density (kg/m^3)	Gravity (m/s^2)	Pressure (Pa)	Temperature (K)	Mass Enclosed (kg)
0.000000000000000000e+00 4.364452065334457438e+04 0.000000000000000000e+00 1.534710851151384180e+13 0.000000000000000000e+00 0.000000000000000000e+00
9.892557055610798125e+04 4.364164313030354970e+04 1.207096432031413480e+00 1.534450253198176367e+13 0.000000000000000000e+00 1.769918867404737413e+20
1.978511411122159625e+05 4.363301237864952418e+04 2.413905895079798469e+00 1.533668623934530273e+13 0.000000000000000000e+00 1.415764461604225942e+21
2.967767116683239583e+05 4.361863386977831397e+04 3.620143556581652433e+00 1.532366458868049414e+13 0.000000000000000000e+00 4.777270763633110942e+21
3.957022822244319250e+05 4.359851667568177800e+04 4.825522209446501343e+00 1.530544579588163867e+13 0.000000000000000000e+00 1.132059013074920040e+22
4.946278527805398917e+05 4.357267351571898325e+04 6.029756987378624977e+00 1.528204138001873047e+13 0.000000000000000000e+00 2.210265540526109360e+22
5.935534233366479166e+05 4.354112072421013727e+04 7.232563643302368561e+00 1.525346613398955078e+13 0.000000000000000000e+00 3.817730060655991875e+22
6.924789938927558251e+05 4.350387817772066046e+04 8.433659034265533094e+00 1.521973805866564648e+13 0.000000000000000000e+00 6.059337779608952819e+22
7.914045644488638500e+05 4.346096929342859949e+04 9.632761254894138148e+00 1.518087836141383203e+13 0.000000000000000000e+00 9.039469307959857014e+22
8.903301350049718749e+05 4.341242103542528639e+04 1.082958904647662024e+01 1.513691146180231250e+13 0.000000000000000000e+00 1.286197510562112214e+23
9.892557055610797834e+05 4.335766975387769344e+04 1.202384558021141814e+01 1.508786525097795312e+13 0.000000000000000000e+00 1.762968317623315296e+23
1.088181276117187692e+06 4.329726536876668979e+04 1.321523834135712505e+01 1.503377099809199609e+13 0.000000000000000000e+00 2.344530199043438690e+23
1.187106846673295833e+06 4.323126239534142223e+04 1.440348235049562042e+01 1.497466301232025781e+13 0.000000000000000000e+00 3.041073222308890117e+23
1.286032417229403742e+06 4.315970254832840146e+04 1.558829438608461615e+01 1.491057865066853906e+13 0.000000000000000000e+00 3.862670054157678260e+23
1.384957987785511650e+06 4.308263094581560290e+04 1.676939298445768500e+01 1.484155831797262695e+13 0.000000000000000000e+00 4.819275960579420638e+23
1.483883558341619791e+06 4.299980016185899149e+04 1.794649843982426418e+01 1.476764546689829883e+13 0.000000000000000000e+00 5.920728806815340597e+23
1.582809128897727700e+06 4.291085939491845784e+04 1.911933280426962156e+01 1.468888659794131250e+13 0.000000000000000000e+00 7.176749057358260590e+23
1.681734699453835608e+06 4.281650207379618951e+04 2.028761988775488945e+01 1.460533125942741797e+13 0.000000000000000000e+00 8.596939775952614263e+23
1.780660270009943750e+06 4.271678759424647433e+04 2.145108525811704681e+01 1.451703204751234766e+13 0.000000000000000000e+00 1.019078662559444310e+24
1.879585840566051658e+06 4.261139153445713600e+04 2.260945624106893348e+01 1.442404460618182227e+13 0.000000000000000000e+00 1.196765786853138030e+24
1.978511411122159567e+06 4.249990902996188379e+04 2.376246022154630566e+01 1.432642735352744531e+13 0.000000000000000000e+00 1.393676382593132687e+24
2.077436981678267708e+06 4.238320774119318230e+04 2.490981116049428579e+01 1.422424038488690234e+13 0.000000000000000000e+00 1.610696601112036501e+24
2.176362552234375384e+06 4.226126091515610460e+04 2.605122722138411007e+01 1.411754881315616406e+13 0.000000000000000000e+00 1.848724213147322429e+24
2.275288122790483758e+06 4.213291361691778729e+04 2.718642979266263282e+01 1.400642067045032031e+13 0.000000000000000000e+00 2.108641087895474134e+24
2.374213693346591666e+06 4.199952369438111782e+04 2.831514153943928847e+01 1.389092642514370703e+13 0.000000000000000000e+00 2.391306402852634800e+24
2.473139263902699575e+06 4.186074501497979509e+04 2.943708640348616612e+01 1.377113898186988867e+13 0.000000000000000000e+00 2.697556643814617599e+24
2.572064834458807483e+06 4.171589339563175599e+04 3.055198960323797053e+01 1.364713368152167383e+13 0.000000000000000000e+00 3.028205604876900052e+24
2.670990405014915392e+06 4.156620571460491919e+04 3.165957763379201850e+01 1.351898830125111328e+13 0.000000000000000000e+00 3.384044388434625641e+24
2.769915975571023300e+06 4.141040912211612886e+04 3.275957826690826380e+01 1.338678305446949414e+13 0.000000000000000000e+00 3.765841405182606496e+24
2.868841546127131674e+06 4.124952377403364517e+04 3.385172055100927935e+01 1.325060059084733984e+13 0.000000000000000000e+00 4.174342374115317484e+24
2.967767116683239583e+06 4.108306929205203778e+04 3.493573481118023238e+01 1.311052599631441602e+13 0.000000000000000000e+00 4.610270322526898897e+24
3.066692687239347491e+06 4.091115188869127451e+04 3.601135264916896261e+01 1.296664679305973047e+13 0.000000000000000000e+00 5.074325586011158600e+24
3.165618257795455400e+06 4.073393212553253397e+04 3.707830694338588984e+01 1.281905293953152734e+13 0.000000000000000000e+00 5.567185808461570419e+24
3.264543828351563308e+06 4.055118926172275678e+04 3.813633184890408501e+01 1.266783683043728711e+13 0.000000000000000000e+00 6.089505942071276286e+24
3.363469398907671217e+06 4.036312454226004775e+04 3.918516279745921338e+01 1.251309329674373438e+13 0.000000000000000000e+00 6.641918247333077117e+24
3.462394969463779125e+06 4.016977402261868701e+04 4.022453649744959847e+01 1.235491960567683203e+13 0.000000000000000000e+00 7.225032293039448917e+24
3.561320540019887500e+06 3.997082531432090036e+04 4.125419093393615100e+01 1.219341546072177734e+13 0.000000000000000000e+00 7.839434956282526670e+24
3.660246110575995408e+06 3.976715431003736740e+04 4.227386407867607687e+01 1.202868217215316797e+13 0.000000000000000000e+00 8.485680980079026482e+24
3.759171681132103316e+06 3.955730268430168508e+04 4.328329132037416116e+01 1.186082026837396875e+13 0.000000000000000000e+00 9.164264490938824913e+24
3.858097251688211225e+06 3.934273595473531168e+04 4.428221584126217181e+01 1.168993568545076367e+13 0.000000000000000000e+00 9.875688735499996327e+24
3.957022822244319133e+06 3.912287486462699599e+04 4.527038193607129557e+01 1.151613629759687305e+13 0.000000000000000000e+00 1.062042813420070784e+25
4.055948392800427042e+06 3.889739534823552822e+04 4.624753404625733566e+01 1.133953135184583594e+13 0.000000000000000000e+00 1.139892194724386058e+25
4.154873963356535416e+06 3.866707230817241361e+04 4.721341676000071175e+01 1.116023146805141992e+13 0.000000000000000000e+00 1.221157427459710258e+25
4.253799533912642859e+06 3.843163194977535750e+04 4.816777481220647417e+01 1.097834863888761914e+13 0.000000000000000000e+00 1.305875405599279873e+25
4.352725104468750767e+06 3.819043481523838273e+04 4.911035308450431103e+01 1.079399622984865234e+13 0.000000000000000000e+00 1.394079507092808441e+25
4.451650675024859607e+06 3.794430427436452010e+04 5.004089660524853400e+01 1.060728897924896094e+13 0.000000000000000000e+00 1.485799593866481187e+25
4.550576245580967516e+06 3.769319265924685169e+04 5.095915054951806411e+01 1.041834299822322070e+13 0.000000000000000000e+00 1.581062011822956092e+25
4.649501816137075424e+06 3.743706193026731489e+04 5.186486023911646726e+01 1.022727577072632422e+13 0.000000000000000000e+00 1.679889590841367546e+25
4.748427386693183333e+06 3.717531407614314230e+04 5.275777114257192579e+01 1.003420615353339648e+13 0.000000000000000000e+00 1.782301644777321836e+25
4.847352957249291241e+06 3.690846795395412482e+04 5.363762887513724564e+01 9.839254376239783203e+12 0.000000000000000000e+00 1.888313971462900372e+25
4.946278527805399150e+06 3.663657986937541136e+04 5.450417919878987050e+01 9.642542041261058594e+12 0.000000000000000000e+00 1.997938852706657104e+25
5.045204098361507058e+06 3.635962453695268778e+04 5.535716802223186050e+01 9.444192123833023438e+12 0.000000000000000000e+00 2.111185054293621102e+25
5.144129668917614967e+06 3.607758223166396783e+04 5.619634140088990648e+01 9.244328972011699219e+12 0.000000000000000000e+00 2.228057825985293766e+25
5.243055239473722875e+06 3.579043849577954097e+04 5.702144553691532991e+01 9.043078306673341797e+12 0.000000000000000000e+00 2.348558901519651185e+25
5.341980810029830784e+06 3.549818382095903507e+04 5.783222103737325881e+01 8.840566062087388672e+12 0.000000000000000000e+00 2.472684083987980807e+25
5.440906380585938692e+06 3.520081393051767373e+04 5.862841174256746513e+01 8.636917615189884766e+12 0.000000000000000000e+00 2.600423179525392028e+25
5.539831951142046601e+06 3.489833324882153829e+04 5.940978190446361396e+01 8.432261369048031250e+12 0.000000000000000000e+00 2.731767609286739920e+25
5.638757521698154509e+06 3.459075169043023197e+04 6.017609280505434555e+01 8.226726255497591797e+12 0.000000000000000000e+00 2.866703991361214533e+25
5.737683092254263349e+06 3.427808708465808741e+04 6.092710198675583655e+01 8.020441625222497070e+12 0.000000000000000000e+00 3.005213886051201652e+25
5.836608662810371257e+06 3.396036086695104314e+04 6.166256325240777869e+01 7.813537247754860352e+12 0.000000000000000000e+00 3.147273795872275502e+25
5.935534233366479166e+06 3.363760346734152699e+04 6.238222666527342142e+01 7.606143311474962891e+12 0.000000000000000000e+00 3.292855165553207766e+25
6.034459803922587074e+06 3.330957537998905173e+04 6.308583854903952925e+01 7.398390423611259766e+12 0.000000000000000000e+00 3.441924382035963289e+25
6.133385374478694983e+06 3.297611887324880809e+04 6.377314148781640313e+01 7.190409610240381836e+12 0.000000000000000000e+00 3.594442774475698360e+25
6.232310945034802891e+06 3.263766894299344131e+04 6.444387432613788746e+01 6.982332316287133789e+12 0.000000000000000000e+00 3.750366614240765008e+25
6.331236515590910800e+06 3.229428523496883645e+04 6.509777216896134178e+01 6.774290405524492188e+12 0.000000000000000000e+00 3.909647114912707138e+25
6.430162086147018708e+06 3.194521830815081194e+04 6.573456638166767618e+01 6.566416160573609375e+12 0.000000000000000000e+00 4.072230432286261385e+25
6.529087656703126617e+06 3.159099956116576504e+04 6.635398459006131588e+01 6.358842282903810547e+12 0.000000000000000000e+00 4.238057664369360556e+25
6.628013227259234525e+06 3.123168626729358220e+04 6.695575068037022959e+01 6.151701892832593750e+12 0.000000000000000000e+00 4.407064851383128900e+25
6.726938797815342434e+06 3.086655801017703925e+04 6.753958479924592950e+01 5.945128529525634766e+12 0.000000000000000000e+00 4.579182975761882541e+25
6.825864368371450342e+06 3.049641829578038596e+04 6.810520335376342871e+01 5.739256150996777344e+12 0.000000000000000000e+00 4.754337962153134633e+25
6.924789938927558251e+06 3.012039428279773711e+04 6.865231901142131221e+01 5.534219134108044922e+12 0.000000000000000000e+00 4.932450677417588483e+25
7.023715509483667091e+06 2.973892876116231491e+04 6.918066029117235871e+01 5.330151369373008789e+12 0.000000000000000000e+00 5.113436385706192668e+25
7.122641080039774999e+06 2.935208346099766641e+04 6.968994135522227396e+01 5.127187574455537109e+12 0.000000000000000000e+00 5.297202158728861090e+25
7.221566650595882908e+06 1.630075430092717579e+04 6.985886473066094027e+01 4.952474534512063477e+12 0.000000000000000000e+00 5.458572026796897754e+25
7.320492221151990816e+06 1.615459271184999307e+04 6.931526234863426339e+01 4.840472422187836914e+12 0.000000000000000000e+00 5.565494590264911640e+25
7.419417791708098724e+06 1.600968448134012579e+04 6.879587197224861939e+01 4.730605103609442383e+12 0.000000000000000000e+00 5.674091814939982323e+25
7.518343362264206633e+06 1.586559272304409387e+04 6.830244536822317514e+01 4.622524334378039062e+12 0.000000000000000000e+00 5.784620694439617268e+25
7.617268932820314541e+06 1.572225226457525787e+04 6.783341086367993000e+01 4.516169362744522461e+12 0.000000000000000000e+00 5.897074063226620779e+25
7.716194503376422450e+06 1.557960322386102598e+04 6.738726163052776030e+01 4.411484221037505859e+12 0.000000000000000000e+00 6.011442322666185478e+25
7.815120073932530358e+06 1.543759040332975201e+04 6.696262172854950734e+01 4.308419077082727539e+12 0.000000000000000000e+00 6.127713995185200446e+25
7.914045644488638267e+06 1.529616133877685206e+04 6.655819551251690314e+01 4.206926835059067383e+12 0.000000000000000000e+00 6.245876860281572195e+25
8.012971215044746175e+06 1.515526616654859936e+04 6.617274999214393461e+01 4.106962946050886230e+12 0.000000000000000000e+00 6.365917654244291142e+25
8.111896785600854084e+06 1.501485672547004651e+04 6.580511483208684353e+01 4.008485408048028809e+12 0.000000000000000000e+00 6.487822070153429893e+25
8.210822356156961992e+06 1.487488758935376609e+04 6.545418235194418344e+01 3.911454765945821289e+12 0.000000000000000000e+00 6.611574757880143236e+25
8.309747926713070832e+06 1.473531283885914308e+04 6.511890752625674850e+01 3.815834111545072754e+12 0.000000000000000000e+00 6.737159324086667290e+25
8.408673497269177809e+06 1.459609295772008045e+04 6.479830798450763041e+01 3.721589083552076660e+12 0.000000000000000000e+00 6.864558332226319500e+25
8.507599067825285718e+06 1.445715169143851745e+04 6.449146401112213312e+01 3.628687867578605469e+12 0.000000000000000000e+00 6.993753302543503792e+25
8.606524638381393626e+06 1.431837278676100323e+04 6.419751854546791492e+01 3.537101196141916504e+12 0.000000000000000000e+00 7.124724712073701985e+25
8.705450208937501535e+06 1.417982456903556704e+04 6.391567663376825692e+01 3.446802330551996582e+12 0.000000000000000000e+00 7.257451990766503016e+25
8.804375779493609443e+06 1.404147517220760710e+04 6.364513491330946238e+01 3.357764923389047852e+12 0.000000000000000000e+00 7.391912819486350462e+25
8.903301350049719214e+06 1.390329320333630676e+04 6.338514251919036724e+01 3.269965402935098633e+12 0.000000000000000000e+00 7.528083087037384102e+25
9.002226920605827123e+06 1.376525216740333417e+04 6.313501840322894054e+01 3.183382928996181641e+12 0.000000000000000000e+00 7.665937535699728615e+25
9.101152491161935031e+06 1.362732894903213855e+04 6.289410632958020386e+01 3.097997762558368652e+12 0.000000000000000000e+00 7.805449578476233391e+25
9.200078061718042940e+06 1.348937939316894699e+04 6.266177487473621710e+01 3.013791265787772461e+12 0.000000000000000000e+00 7.946591299092457071e+25
9.299003632274150848e+06 1.335134154441684223e+04 6.243741742752605717e+01 2.930745902030550293e+12 0.000000000000000000e+00 8.089333451996681286e+25
9.397929202830258757e+06 1.321333574008837786e+04 6.222045218911587483e+01 2.848845235812899414e+12 0.000000000000000000e+00 8.233645462359896060e+25
9.496854773386366665e+06 1.307534395942972697e+04 6.201032217300882365e+01 2.768073932841058594e+12 0.000000000000000000e+00 8.379495426075812690e+25
9.595780343942474574e+06 1.293728452409266174e+04 6.180649520504512395e+01 2.688417760001310547e+12 0.000000000000000000e+00 8.526850109760855159e+25
9.694705914498582482e+06 1.279891159435208465e+04 6.160846392340200595e+01 2.609863585359978027e+12 0.000000000000000000e+00 8.675674950754165290e+25
9.793631485054690391e+06 1.266048805262841233e+04 6.141574577859376660e+01 2.532399378163426270e+12 0.000000000000000000e+00 8.825934057117599307e+25
9.892557055610798299e+06 1.252200019278723630e+04 6.122788303347171279e+01 2.456014208838062500e+12 0.000000000000000000e+00 8.977590207635731275e+25
9.991482626166906208e+06 1.238304564249428586e+04 6.104444276322422525e+01 2.380698248990334473e+12 0.000000000000000000e+00 9.130604851815849660e+25
1.009040819672301412e+07 1.224396535718523955e+04 6.086501685537668038e+01 2.306442771406733398e+12 0.000000000000000000e+00 9.284938109887959050e+25
1.018933376727912202e+07 1.210465898579291388e+04 6.068922200979152137e+01 2.233240150053792480e+12 0.000000000000000000e+00 9.440548772804780156e+25
1.028825933783522993e+07 1.196488203827853067e+04 6.051669973866822971e+01 2.161083860078084961e+12 0.000000000000000000e+00 9.597394302241749808e+25
1.038718490839133784e+07 1.182498221390008803e+04 6.034709098664043836e+01 2.089967980454664795e+12 0.000000000000000000e+00 9.755429199762622007e+25
1.048611047894744575e+07 1.168443599033583814e+04 6.017999650147380919e+01 2.019886181309756348e+12 0.000000000000000000e+00 9.914603391240543711e+25
1.058503604950355366e+07 1.154373375492941341e+04 6.001508078506635258e+01 1.950833614063926514e+12 0.000000000000000000e+00 1.007486904703795331e+26
1.068396162005966157e+07 1.140233671838142436e+04 5.985201981400249593e+01 1.882806037360126465e+12 0.000000000000000000e+00 1.023617635366563827e+26
1.078288719061576948e+07 1.126067088745719047e+04 5.969049696732954402e+01 1.815799742725723145e+12 0.000000000000000000e+00 1.039847322532294588e+26
1.088181276117187738e+07 1.111833363185753115e+04 5.953020302655769314e+01 1.749811554572496338e+12 0.000000000000000000e+00 1.056170530389779868e+26
1.098073833172798529e+07 1.097549985914809076e+04 5.937083617566005245e+01 1.684838830196641602e+12 0.000000000000000000e+00 1.072581595896667733e+26
1.107966390228409320e+07 1.083218529861303614e+04 5.921210200107258714e+01 1.620879459778768555e+12 0.000000000000000000e+00 1.089074628779463778e+26
1.117858947284020111e+07 1.068805078339384636e+04 5.905371349169417527e+01 1.557931866383901855e+12 0.000000000000000000e+00 1.105643511533529920e+26
1.127751504339630902e+07 1.054329860615364305e+04 5.889539103888657934e+01 1.495995005961479004e+12 0.000000000000000000e+00 1.122281899423084920e+26
1.137644061395241693e+07 1.039787255580712008e+04 5.873686243647445338e+01 1.435068367345354004e+12 0.000000000000000000e+00 1.138983220481204032e+26
1.147536618450852670e+07 1.025170502513133943e+04 5.857786288074533587e+01 1.375151972253793457e+12 0.000000000000000000e+00 1.155740675509819527e+26
1.157429175506463461e+07 1.010472168280508777e+04 5.841813497044966397e+01 1.316246375289481445e+12 0.000000000000000000e+00 1.172547238079720171e+26
1.167321732562074251e+07 9.956862893527155393e+03 5.825742870680075214e+01 1.258352663939514160e+12 0.000000000000000000e+00 1.189395654530551225e+26
1.177214289617685042e+07 9.808063746783125680e+03 5.809550149347482062e+01 1.201472458575401855e+12 0.000000000000000000e+00 1.206278443970815137e+26
1.187106846673295833e+07 9.658268611163446622e+03 5.793211813661096699e+01 1.145607912453070801e+12 0.000000000000000000e+00 1.223187898277871023e+26
1.196999403728906624e+07 9.507433231974242517e+03 5.776705084481118746e+01 1.090761711712861206e+12 0.000000000000000000e+00 1.240116082097934324e+26
1.206891960784517415e+07 9.355507552159324405e+03 5.760007922914036271e+01 1.036937075379527588e+12 0.000000000000000000e+00 1.257054832846077666e+26
1.216784517840128206e+07 9.202458968706861924e+03 5.743097670371633257e+01 9.841376199535998535e+11 0.000000000000000000e+00 1.273995499238859190e+26
1.226677074895738997e+07 9.048219169262887590e+03 5.725948332632548698e+01 9.323667392525427246e+11 0.000000000000000000e+00 1.290928552211615490e+26
1.236569631951349787e+07 8.892502199585298513e+03 5.708536932086805393e+01 8.816283516270655518e+11 0.000000000000000000e+00 1.307844767484652384e+26
1.246462189006960578e+07 8.735536180276731102e+03 5.690840369104743246e+01 8.319270720777840576e+11 0.000000000000000000e+00 1.324734441001393887e+26
1.256354746062571369e+07 8.576878273783704572e+03 5.672835107836248625e+01 7.832681975571735840e+11 0.000000000000000000e+00 1.341587322284214090e+26
1.266247303118182160e+07 8.416683464887315495e+03 5.654497176210750098e+01 7.356577069695687256e+11 0.000000000000000000e+00 1.358392614434437504e+26
1.276139860173792951e+07 8.254762897621263619e+03 5.635802165937224117e+01 6.891022611711633301e+11 0.000000000000000000e+00 1.375138974132339055e+26
1.286032417229403742e+07 8.090943753206724068e+03 5.616725232504190046e+01 6.436092029700103760e+11 0.000000000000000000e+00 1.391814511637144093e+26
1.295924974285014533e+07 7.925069243490798726e+03 5.597241095179711579e+01 5.991865571260224609e+11 0.000000000000000000e+00 1.408406790787028211e+26
1.305817531340625323e+07 7.757003907069651177e+03 5.577324037011398161e+01 5.558430303509716797e+11 0.000000000000000000e+00 1.424902828999117595e+26
1.315710088396236114e+07 7.586633127982395308e+03 5.556947904826404283e+01 5.135880113084888306e+11 0.000000000000000000e+00 1.441289097269488505e+26
1.325602645451846905e+07 7.413558268716189559e+03 5.536086107444091198e+01 4.724315714125686646e+11 0.000000000000000000e+00 1.457551519517060857e+26
1.335495202507457696e+07 7.237698896220212191e+03 5.514709308280085054e+01 4.323853755013381348e+11 0.000000000000000000e+00 1.473674656806650742e+26
1.345387759563068487e+07 7.058714939470644822e+03 5.492786737932423335e+01 3.934618593403287964e+11 0.000000000000000000e+00 1.489642251059717831e+26
1.355280316618679278e+07 6.876316442364815885e+03 5.470286446752286480e+01 3.556746280242787476e+11 0.000000000000000000e+00 1.505437185733642053e+26
1.365172873674290068e+07 6.690011254046796239e+03 5.447173122516205979e+01 3.190395603064829102e+11 0.000000000000000000e+00 1.521040651208504002e+26
1.375065430729900859e+07 6.499453368550291998e+03 5.423408090426062955e+01 2.835748085987932739e+11 0.000000000000000000e+00 1.536432144787085966e+26
1.384957987785511650e+07 6.304038502021287968e+03 5.398949313109089587e+01 2.493007989716190186e+11 0.000000000000000000e+00 1.551589470694870557e+26
1.394850544841122627e+07 6.103103612577269814e+03 5.373751390617869106e+01 2.162402311539256897e+11 0.000000000000000000e+00 1.566488740080042595e+26
1.404743101896733418e+07 5.895809816658808813e+03 5.347764753062772058e+01 1.844185082523690796e+11 0.000000000000000000e+00 1.581104067717498121e+26
1.414635658952344209e+07 5.681084636552344818e+03 5.320930880278801567e+01 1.538663027125191650e+11 0.000000000000000000e+00 1.595405789221998105e+26
1.424528216007955000e+07 5.457520245581061317e+03 5.293182018414161405e+01 1.246200679418672028e+11 0.000000000000000000e+00 1.609360326447072349e+26
1.434420773063565791e+07 5.223260322177311537e+03 5.264437309757873606e+01 9.672435085047514343e+10 0.000000000000000000e+00 1.622928690502155163e+26
1.444313330119176582e+07 4.975668330340313332e+03 5.234600566727036153e+01 7.023308785434132385e+10 0.000000000000000000e+00 1.636065670362656977e+26
1.454205887174787372e+07 4.710855281857365298e+03 5.203549541525089239e+01 4.521599498747948456e+10 0.000000000000000000e+00 1.648715942640297903e+26
1.464098444230398163e+07 4.422655969504103268e+03 5.171121727959449288e+01 2.176721678579129791e+10 0.000000000000000000e+00 1.660808900131616012e+26
1.473991001286008954e+07 4.100035323167527167e+03 5.137094536326090832e+01 1.720650086344909668e+07 0.000000000000000000e+00 1.672251395785510588e+26
