# Radius (m)	Density (kg/m^3)	Gravity (m/s^2)	Pressure (Pa)	Temperature (K)	Mass Enclosed (kg)
0.000000000000000000e+00 3.629466273412559531e+04 0.000000000000000000e+00 9.397919578736664062e+12 0.000000000000000000e+00 0.000000000000000000e+00
9.095440032425642130e+04 3.629252396206684352e+04 9.229368074271208089e-01 9.396396123071453125e+12 0.000000000000000000e+00 1.143967614741883781e+20
1.819088006485128426e+05 3.628610885293582396e+04 1.845677532896213613e+00 9.391826615858839844e+12 0.000000000000000000e+00 9.150728621283318170e+20
2.728632009727692930e+05 3.627542104173908592e+04 2.768027306362627282e+00 9.384213646328134766e+12 0.000000000000000000e+00 3.087841807869594305e+21
3.638176012970256852e+05 3.626046656199540303e+04 3.689790633589387969e+00 9.373561512178251953e+12 0.000000000000000000e+00 7.317472040619700388e+21
4.547720016212820774e+05 3.624125383273389889e+04 4.610773720403873455e+00 9.359876210316427734e+12 0.000000000000000000e+00 1.428717774423516722e+22
5.457264019455385860e+05 3.621779375659612560e+04 5.530777529612372234e+00 9.343165506736689453e+12 0.000000000000000000e+00 2.467888709400308744e+22
6.366808022697949782e+05 3.618994946186633024e+04 6.449602317308566590e+00 9.323438897478164062e+12 0.000000000000000000e+00 3.917157224520000681e+22
7.276352025940513704e+05 3.615766206947884348e+04 7.367049718095486810e+00 9.300707597608263672e+12 0.000000000000000000e+00 5.844091906875971338e+22
8.185896029183077626e+05 3.612112520534524811e+04 8.282922745085496530e+00 9.274984541222679688e+12 0.000000000000000000e+00 8.315932715127320189e+22
9.095440032425641548e+05 3.608035965625893732e+04 9.197026712433244100e+00 9.246284362852080078e+12 0.000000000000000000e+00 1.139956195009722958e+23
1.000498403566820663e+06 3.603538824782804295e+04 1.010918065458881543e+01 9.214623132414318359e+12 0.000000000000000000e+00 1.516115947621660618e+23
1.091452803891077172e+06 3.598623652766551822e+04 1.101918882155541901e+01 9.180018836200886719e+12 0.000000000000000000e+00 1.966693451117833298e+23
1.182407204215333564e+06 3.593293250498154521e+04 1.192685043602046946e+01 9.142491193542095703e+12 0.000000000000000000e+00 2.498256827591491647e+23
1.273361604539589956e+06 3.587520458274138218e+04 1.283196626452729561e+01 9.102061530498025391e+12 0.000000000000000000e+00 3.117298474014709121e+23
1.364316004863846349e+06 3.581296462559986685e+04 1.373433861747514761e+01 9.058752779858523438e+12 0.000000000000000000e+00 3.830235062238383325e+23
1.455270405188102741e+06 3.574662233469731291e+04 1.463377134911919164e+01 9.012589481143208984e+12 0.000000000000000000e+00 4.643407538992232320e+23
1.546224805512359133e+06 3.567621528538320854e+04 1.553006985757051339e+01 8.963597780601464844e+12 0.000000000000000000e+00 5.563081125884797984e+23
1.637179205836615525e+06 3.560177143222450104e+04 1.642304108479612168e+01 8.911805431212451172e+12 0.000000000000000000e+00 6.595445319403442652e+23
1.728133606160871917e+06 3.552243163673755771e+04 1.731249351661893954e+01 8.857241792685089844e+12 0.000000000000000000e+00 7.746613890914351799e+23
1.819088006485128310e+06 3.543910719784288085e+04 1.819823718271781132e+01 8.799937831458074219e+12 0.000000000000000000e+00 9.022624886662535389e+23
1.910042406809384935e+06 3.535184547947358806e+04 1.908008365662749739e+01 8.739926120699868164e+12 0.000000000000000000e+00 1.042944062777182652e+24
2.000996807133641327e+06 3.526013948615640402e+04 1.995784317303936817e+01 8.677240688472719727e+12 0.000000000000000000e+00 1.197291010695362041e+24
2.091951207457897719e+06 3.516403064198436914e+04 2.083130633785259178e+01 8.611916328254715820e+12 0.000000000000000000e+00 1.365858071704926484e+24
2.182905607782154344e+06 3.506409450140155968e+04 2.170028002489208063e+01 8.543990587367204102e+12 0.000000000000000000e+00 1.549217869993104757e+24
2.273860008106410503e+06 3.495972846119411406e+04 2.256457561462691430e+01 8.473502600908749023e+12 0.000000000000000000e+00 1.747934973917942772e+24
2.364814408430667128e+06 3.485103984154429054e+04 2.342400427289811660e+01 8.400492794600103516e+12 0.000000000000000000e+00 1.962558815804890727e+24
2.455768808754923288e+06 3.473865912845633284e+04 2.427837695091859871e+01 8.325002884784208008e+12 0.000000000000000000e+00 2.193623691946796671e+24
2.546723209079179913e+06 3.462140501735360158e+04 2.512750438527322316e+01 8.247075878426195312e+12 0.000000000000000000e+00 2.441648762603914553e+24
2.637677609403436072e+06 3.450041657155717257e+04 2.597119709791873987e+01 8.166756073113385742e+12 0.000000000000000000e+00 2.707138052003893755e+24
2.728632009727692697e+06 3.437510084641732101e+04 2.680926539618384297e+01 8.084089057055289062e+12 0.000000000000000000e+00 2.990580448341791171e+24
2.819586410051948857e+06 3.424559048258843541e+04 2.764151937276913173e+01 7.999121709083604492e+12 0.000000000000000000e+00 3.292449703780060467e+24
2.910540810376205482e+06 3.411207772904513695e+04 2.846776890574713548e+01 7.911902198652220703e+12 0.000000000000000000e+00 3.613204434448562285e+24
3.001495210700462107e+06 3.397415403360243363e+04 2.928782365856228509e+01 7.822479985837215820e+12 0.000000000000000000e+00 3.953288120444551896e+24
3.092449611024718266e+06 3.383233056258573197e+04 3.010149308003094859e+01 7.730905821336857422e+12 0.000000000000000000e+00 4.313129105832689395e+24
3.183404011348974891e+06 3.368612574097392644e+04 3.090858640434140625e+01 7.637231746471601562e+12 0.000000000000000000e+00 4.693140598645038632e+24
3.274358411673231050e+06 3.353590156433111406e+04 3.170891265105385415e+01 7.541511093184096680e+12 0.000000000000000000e+00 5.093720670881059694e+24
3.365312811997487675e+06 3.338157212048546353e+04 3.250228062510041127e+01 7.443798484039175781e+12 0.000000000000000000e+00 5.515252258507618572e+24
3.456267212321743835e+06 3.322288070357758261e+04 3.328849891678511597e+01 7.344149832223863281e+12 0.000000000000000000e+00 5.958103161458979636e+24
3.547221612646000460e+06 3.306057240325710154e+04 3.406737590178392594e+01 7.242622341547375977e+12 0.000000000000000000e+00 6.422626043636812626e+24
3.638176012970256619e+06 3.289340839411685738e+04 3.483871974114471470e+01 7.139274506441115234e+12 0.000000000000000000e+00 6.909158432910185664e+24
3.729130413294513244e+06 3.272251667851085949e+04 3.560233838128727513e+01 7.034166111958674805e+12 0.000000000000000000e+00 7.418022721115567405e+24
3.820084813618769869e+06 3.254767960425856290e+04 3.635804234830975190e+01 6.927357496179607422e+12 0.000000000000000000e+00 7.949514825216891409e+24
3.911039213943026029e+06 3.236819993739913843e+04 3.710565253081549741e+01 6.818908443179224609e+12 0.000000000000000000e+00 8.503887666286046495e+24
4.001993614267282654e+06 3.218489196166747570e+04 3.784498533026525990e+01 6.708881804607359375e+12 0.000000000000000000e+00 9.081406330546191090e+24
4.092948014591538813e+06 3.199769274380107527e+04 3.857585565673582551e+01 6.597341388840985352e+12 0.000000000000000000e+00 9.682314686112184079e+24
4.183902414915795438e+06 3.180597009895904557e+04 3.929807748273996992e+01 6.484351768613687500e+12 0.000000000000000000e+00 1.030683239574983404e+25
4.274856815240051597e+06 3.161012372316169785e+04 4.001146384322641580e+01 6.369978281015660156e+12 0.000000000000000000e+00 1.095515491687586810e+25
4.365811215564308688e+06 3.141029353108636133e+04 4.071582683557986826e+01 6.254287027493705078e+12 0.000000000000000000e+00 1.162745350155797488e+25
4.456765615888564847e+06 3.120642912199727289e+04 4.141097761962095802e+01 6.137344873851236328e+12 0.000000000000000000e+00 1.232387519651474870e+25
4.547720016212821007e+06 3.099848426221861882e+04 4.209672641760631251e+01 6.019219450248276367e+12 0.000000000000000000e+00 1.304454284311574749e+25
4.638674416537077166e+06 3.078616505235952354e+04 4.277288251422850607e+01 5.899979151201455078e+12 0.000000000000000000e+00 1.378955507738144991e+25
4.729628816861334257e+06 3.056962896013382488e+04 4.343925425661610973e+01 5.779693135584012695e+12 0.000000000000000000e+00 1.455898632998328966e+25
4.820583217185590416e+06 3.034897442919879541e+04 4.409564905433359172e+01 5.658431326625801758e+12 0.000000000000000000e+00 1.535288682624360827e+25
4.911537617509846576e+06 3.012417093058706814e+04 4.474187337938143827e+01 5.536264411913280273e+12 0.000000000000000000e+00 1.617128258613570017e+25
5.002492017834102735e+06 2.989519365927658509e+04 4.537773276619608964e+01 5.413263843389516602e+12 0.000000000000000000e+00 1.701417542428380198e+25
5.093446418158359826e+06 2.966201997503203165e+04 4.600303181164993305e+01 5.289501837354189453e+12 0.000000000000000000e+00 1.788154294996309033e+25
5.184400818482615985e+06 2.942463374068230769e+04 4.661757417505132395e+01 5.165051374463585938e+12 0.000000000000000000e+00 1.877333856709964752e+25
5.275355218806872144e+06 2.918302403771716490e+04 4.722116257814459317e+01 5.039986199730604492e+12 0.000000000000000000e+00 1.968949147427052596e+25
5.366309619131129235e+06 2.893718237162306468e+04 4.781359985121580536e+01 4.914380751476506836e+12 0.000000000000000000e+00 2.062990539305769738e+25
5.457264019455385394e+06 2.868710731226852658e+04 4.839469580573068441e+01 4.788309460978860352e+12 0.000000000000000000e+00 2.159444421155030602e+25
5.548218419779641554e+06 2.843241857084325238e+04 4.896424965861742606e+01 4.661847599235997070e+12 0.000000000000000000e+00 2.258294300940659875e+25
5.639172820103897713e+06 2.817337696153762954e+04 4.952205467274772843e+01 4.535071209370246094e+12 0.000000000000000000e+00 2.359520732862876018e+25
5.730127220428154804e+06 2.791005123477746383e+04 5.006790171408761836e+01 4.408056905843113281e+12 0.000000000000000000e+00 2.463101172481105292e+25
5.821081620752410963e+06 2.764246021520414797e+04 5.060159184028769630e+01 4.280881060330251953e+12 0.000000000000000000e+00 2.569010554011888042e+25
5.912036021076667123e+06 2.737023310898980708e+04 5.112289651824906400e+01 4.153622172755747070e+12 0.000000000000000000e+00 2.677219144851604912e+25
6.002990421400924213e+06 2.709333016756023426e+04 5.163159727084764228e+01 4.026358433389782715e+12 0.000000000000000000e+00 2.787694540436116501e+25
6.093944821725180373e+06 2.681218907369145018e+04 5.212749930759776618e+01 3.899166884343095703e+12 0.000000000000000000e+00 2.900402353451802259e+25
6.184899222049436532e+06 2.652601769790690742e+04 5.261038628706003806e+01 3.772126066908485352e+12 0.000000000000000000e+00 3.015303720605491242e+25
6.275853622373692691e+06 2.623539281794171256e+04 5.308002196804190476e+01 3.645315912112182617e+12 0.000000000000000000e+00 3.132355336643944579e+25
6.366808022697949782e+06 2.593976436253554130e+04 5.353617654083223698e+01 3.518816169304537598e+12 0.000000000000000000e+00 3.251510647217888496e+25
6.457762423022205941e+06 2.563956621490862017e+04 5.397861300105572013e+01 3.392707198592031250e+12 0.000000000000000000e+00 3.372719045518580427e+25
6.548716823346462101e+06 2.533395333342682716e+04 5.440709298894165613e+01 3.267069579509742676e+12 0.000000000000000000e+00 3.495926225975440509e+25
6.639671223670719191e+06 2.502352861425784067e+04 5.482136112988064269e+01 3.141985046056836914e+12 0.000000000000000000e+00 3.621072978871393896e+25
6.730625623994975351e+06 1.354302655968130057e+04 5.478614273133312196e+01 3.046460681324071289e+12 0.000000000000000000e+00 3.718569530456714931e+25
6.821580024319231510e+06 1.343256917569234429e+04 5.435021986569427810e+01 2.979515802285541504e+12 0.000000000000000000e+00 3.789357443437775734e+25
6.912534424643487670e+06 1.332265018352545303e+04 5.393653921042270838e+01 2.913633976861469727e+12 0.000000000000000000e+00 3.861464906543992899e+25
7.003488824967744760e+06 1.321322154983661676e+04 5.354375581727501299e+01 2.848777911629860840e+12 0.000000000000000000e+00 3.934888456734077503e+25
7.094443225292000920e+06 1.310423962610309900e+04 5.317065587013042460e+01 2.784914137752382324e+12 0.000000000000000000e+00 4.009623856685651711e+25
7.185397625616257079e+06 1.299566119736544351e+04 5.281608815601212825e+01 2.722010888024624023e+12 0.000000000000000000e+00 4.085666339092871324e+25
7.276352025940513238e+06 1.288744547793808670e+04 5.247895710908648681e+01 2.660038093183209961e+12 0.000000000000000000e+00 4.163010472152564933e+25
7.367306426264770329e+06 1.277955203622846966e+04 5.215822281066302679e+01 2.598967381905799316e+12 0.000000000000000000e+00 4.241650159564241654e+25
7.458260826589026488e+06 1.267194324804877397e+04 5.185290098919445967e+01 2.538772080811084961e+12 0.000000000000000000e+00 4.321578640530081678e+25
7.549215226913282648e+06 1.256458150628167641e+04 5.156206302027663924e+01 2.479427214458794434e+12 0.000000000000000000e+00 4.402788489754947436e+25
7.640169627237539738e+06 1.245743195699137141e+04 5.128483592664861135e+01 2.420909505349687500e+12 0.000000000000000000e+00 4.485271617446375871e+25
7.731124027561795898e+06 1.235046245641827409e+04 5.102040237819257129e+01 2.363197373925560059e+12 0.000000000000000000e+00 4.569019269314580151e+25
7.822078427886052057e+06 1.224364165838781628e+04 5.076800069193388509e+01 2.306270938569241699e+12 0.000000000000000000e+00 4.654022026572451396e+25
7.913032828210308217e+06 1.213694191234046593e+04 5.052692483204110374e+01 2.250112015604594727e+12 0.000000000000000000e+00 4.740269805935556949e+25
8.003987228534565307e+06 1.203033391994710473e+04 5.029650280269272145e+01 2.194703649682372559e+12 0.000000000000000000e+00 4.827751640699392933e+25
8.094941628858821467e+06 1.192379244660035329e+04 5.007604006157115606e+01 2.140028949375845703e+12 0.000000000000000000e+00 4.916455069345516296e+25
8.185896029183077626e+06 1.181721588658056498e+04 4.986493713631266189e+01 2.086073544107394775e+12 0.000000000000000000e+00 5.006367390739229338e+25
8.276850429507334717e+06 1.171059697409954242e+04 4.966262397198462963e+01 2.032823993042990234e+12 0.000000000000000000e+00 5.097475098649676662e+25
8.367804829831590876e+06 1.160396248891377036e+04 4.946855149420430564e+01 1.980267595292528076e+12 0.000000000000000000e+00 5.189763800134626909e+25
8.458759230155847967e+06 1.149729022577865544e+04 4.928219160913877772e+01 1.928392389909826172e+12 0.000000000000000000e+00 5.283218215540483071e+25
8.549713630480103195e+06 1.139056299241712622e+04 4.910303720350496803e+01 1.877187155892628906e+12 0.000000000000000000e+00 5.377822178502276471e+25
8.640668030804360285e+06 1.128375970717690689e+04 4.893060214456964019e+01 1.826641412182601562e+12 0.000000000000000000e+00 5.473558635943671065e+25
8.731622431128617376e+06 1.117682546966395967e+04 4.876442128014941346e+01 1.776745417665335693e+12 0.000000000000000000e+00 5.570409648076957424e+25
8.822576831452872604e+06 1.106959001757793703e+04 4.860405043861073437e+01 1.727490171170348389e+12 0.000000000000000000e+00 5.668356388403055313e+25
8.913531231777129695e+06 1.096221867548653972e+04 4.844906642886989800e+01 1.678867411471076172e+12 0.000000000000000000e+00 5.767379143711522282e+25
9.004485632101384923e+06 1.085469718371709314e+04 4.829906704039304088e+01 1.630869617284884766e+12 0.000000000000000000e+00 5.867457314080534766e+25
9.095440032425642014e+06 1.074697417696685807e+04 4.815367104319613389e+01 1.583490007273059570e+12 0.000000000000000000e+00 5.968569412876909561e+25
9.186394432749899104e+06 1.063881823136389721e+04 4.801251818784499648e+01 1.536722540040812500e+12 0.000000000000000000e+00 6.070693066756087502e+25
9.277348833074154332e+06 1.053046913462836892e+04 4.787526920545530373e+01 1.490561914137280762e+12 0.000000000000000000e+00 6.173805015662137760e+25
9.368303233398411423e+06 1.042190325063815180e+04 4.774160580769253670e+01 1.445003568055521484e+12 0.000000000000000000e+00 6.277881112827769008e+25
9.459257633722668514e+06 1.031279250298135594e+04 4.761122926533483479e+01 1.400043641755335693e+12 0.000000000000000000e+00 6.382896270443468149e+25
9.550212034046923742e+06 1.020345593245942655e+04 4.748381132249062375e+01 1.355677617294267578e+12 0.000000000000000000e+00 6.488822844003859986e+25
9.641166434371180832e+06 1.009369559136654061e+04 4.735904771288301873e+01 1.311901714203892334e+12 0.000000000000000000e+00 6.595633126023349149e+25
9.732120834695437923e+06 9.983491076165908453e+03 4.723666138248768931e+01 1.268713045512422119e+12 0.000000000000000000e+00 6.703298878565182032e+25
9.823075235019693151e+06 9.872909054556483170e+03 4.711638181038797768e+01 1.226109071438262207e+12 0.000000000000000000e+00 6.811790427837106135e+25
9.914029635343950242e+06 9.761766937837968726e+03 4.699794500877491998e+01 1.184087599390008057e+12 0.000000000000000000e+00 6.921076664191382102e+25
1.000498403566820547e+07 9.650191322117943855e+03 4.688109352294724630e+01 1.142646783966451172e+12 0.000000000000000000e+00 7.031125042124765673e+25
1.009593843599246256e+07 9.538059075951054183e+03 4.676557643131135933e+01 1.101785126956572021e+12 0.000000000000000000e+00 7.141901580278526586e+25
1.018689283631671965e+07 9.425330254716300260e+03 4.665114934538138414e+01 1.061501477339547119e+12 0.000000000000000000e+00 7.253370861438431395e+25
1.027784723664097488e+07 9.312113088576268638e+03 4.653757440977910420e+01 1.021795031284745361e+12 0.000000000000000000e+00 7.365496032534752921e+25
1.036880163696523197e+07 9.198141944911767496e+03 4.642462030223400404e+01 9.826653321517260742e+11 0.000000000000000000e+00 7.478238804642273689e+25
1.045975603728948906e+07 9.083530294499068987e+03 4.631206223358327634e+01 9.441122704902436523e+11 0.000000000000000000e+00 7.591559452980273897e+25
1.055071043761374429e+07 8.968263526717248169e+03 4.619968194777177928e+01 9.061360840402451172e+11 0.000000000000000000e+00 7.705416816912539151e+25
1.064166483793800138e+07 8.852276902992296527e+03 4.608726772185206499e+01 8.687373577318685303e+11 0.000000000000000000e+00 7.819768299947368197e+25
1.073261923826225847e+07 8.735504129676515731e+03 4.597461436598439377e+01 8.319170236854462891e+11 0.000000000000000000e+00 7.934569869737554020e+25
1.082357363858651370e+07 8.617852540156745818e+03 4.586152322343669852e+01 7.956763612115042725e+11 0.000000000000000000e+00 8.049776058080395870e+25
1.091452803891077079e+07 8.499351687525453599e+03 4.574780217058460607e+01 7.600169968107580566e+11 0.000000000000000000e+00 8.165339960917705278e+25
1.100548243923502788e+07 8.379952628394526982e+03 4.563326561691144434e+01 7.249409041741192627e+11 0.000000000000000000e+00 8.281213238335791449e+25
1.109643683955928311e+07 8.259552066980293603e+03 4.551773450500821383e+01 6.904504041826912842e+11 0.000000000000000000e+00 8.397346114565466420e+25
1.118739123988354020e+07 8.138105871112113164e+03 4.540102091313263344e+01 6.565480621397119141e+11 0.000000000000000000e+00 8.513684909403266166e+25
1.127834564020779543e+07 8.015597934440953395e+03 4.528291478897727274e+01 6.232363687064584961e+11 0.000000000000000000e+00 8.630171067665577192e+25
1.136930004053205252e+07 7.891997831894179399e+03 4.516323136929035087e+01 5.905181738946094971e+11 0.000000000000000000e+00 8.746748264062125871e+25
1.146025444085630961e+07 7.767098872834356371e+03 4.504178423255429209e+01 5.583967585667733154e+11 0.000000000000000000e+00 8.863356872614229437e+25
1.155120884118056484e+07 7.640951003364264579e+03 4.491838412087543020e+01 5.268758308605202637e+11 0.000000000000000000e+00 8.979933756870731344e+25
1.164216324150482193e+07 7.513366476268049155e+03 4.479283893998396593e+01 4.959595261883803711e+11 0.000000000000000000e+00 9.096412269907997826e+25
1.173311764182907902e+07 7.384358306649171936e+03 4.466495375923401667e+01 4.656524072378481445e+11 0.000000000000000000e+00 9.212722254329917898e+25
1.182407204215333425e+07 7.253769475206110656e+03 4.453453081160359517e+01 4.359594639713795166e+11 0.000000000000000000e+00 9.328790042267893049e+25
1.191502644247759134e+07 7.121456923638457738e+03 4.440136949369459529e+01 4.068861136263909912e+11 0.000000000000000000e+00 9.444538455380859576e+25
1.200598084280184843e+07 6.987294186388606249e+03 4.426526636573281337e+01 3.784382007152626343e+11 0.000000000000000000e+00 9.559886804855267966e+25
1.209693524312610365e+07 6.851171336356812390e+03 4.412601515156794107e+01 3.506219970253364868e+11 0.000000000000000000e+00 9.674750891405084617e+25
1.218788964345036075e+07 6.712990568301177518e+03 4.398340673867356543e+01 3.234442016189151001e+11 0.000000000000000000e+00 9.789043005271810733e+25
1.227884404377461597e+07 6.572405791253129792e+03 4.383722916080424881e+01 2.969119414385731812e+11 0.000000000000000000e+00 9.902671920976099292e+25
1.236979844409887306e+07 6.429328940940764369e+03 4.368724528671873486e+01 2.710334897457729492e+11 0.000000000000000000e+00 1.001553635284463550e+26
1.246075284442313015e+07 6.283513763749143436e+03 4.353320370184144394e+01 2.458177875405853577e+11 0.000000000000000000e+00 1.012752856635133484e+26
1.255170724474738538e+07 6.134580538496478766e+03 4.337484601960068176e+01 2.212744770965024414e+11 0.000000000000000000e+00 1.023853556072802218e+26
1.264266164507164247e+07 5.982293772286289823e+03 4.321188791033107179e+01 1.974146332162562561e+11 0.000000000000000000e+00 1.034843308508193184e+26
1.273361604539589956e+07 5.826242635183449238e+03 4.304401910127359798e+01 1.742507632318218384e+11 0.000000000000000000e+00 1.045708563839567842e+26
1.282457044572015479e+07 5.665906070468270627e+03 4.287090337657558337e+01 1.517968070044154358e+11 0.000000000000000000e+00 1.056434646952728252e+26
1.291552484604441188e+07 5.500705140465189288e+03 4.269217857729069010e+01 1.300681369244936218e+11 0.000000000000000000e+00 1.067005757721016048e+26
1.300647924636866897e+07 5.329943668867346787e+03 4.250744487698041496e+01 1.090820792091720428e+11 0.000000000000000000e+00 1.077404601066660686e+26
1.309743364669292420e+07 5.152663705641149136e+03 4.231623044418479651e+01 8.885946163345501709e+10 0.000000000000000000e+00 1.087611297035126621e+26
1.318838804701718129e+07 4.967646997471983923e+03 4.211799036031283805e+01 6.942482642676762390e+10 0.000000000000000000e+00 1.097603295819599572e+26
1.327934244734143838e+07 4.773259111985569689e+03 4.191207946279196506e+01 5.080771500941787720e+10 0.000000000000000000e+00 1.107354497137990406e+26
1.337029684766569361e+07 4.567208653646377570e+03 4.169772175300574446e+01 3.304413225025554657e+10 0.000000000000000000e+00 1.116834300454497694e+26
1.346125124798995070e+07 4.346053460953238755e+03 4.147394291298771662e+01 1.617976693994098663e+10 0.000000000000000000e+00 1.126005504281002217e+26
1.355220564831420779e+07 4.104343561679281265e+03 4.123942225885181756e+01 2.772263883439254761e+08 0.000000000000000000e+00 1.134819687335204551e+26
