# Radius (m)	Density (kg/m^3)	Gravity (m/s^2)	Pressure (Pa)	Temperature (K)	Mass Enclosed (kg)
0.000000000000000000e+00 1.802192000961370650e+04 0.000000000000000000e+00 1.015162794425300659e+12 1.399508717991471640e+05 0.000000000000000000e+00
5.426120872440714447e+04 1.802128731016043457e+04 2.734006419980565816e-01 1.015029109909370850e+12 1.394333847992944939e+05 1.206067778993956045e+19
1.085224174488142889e+05 1.801938942604895419e+04 5.467668352231570550e-01 1.014628101630600098e+12 1.392068825085450662e+05 9.647957550438709658e+19
1.627836261732214480e+05 1.801622699437666597e+04 8.200637785087454557e-01 1.013959904202758911e+12 1.387550571327513026e+05 3.255811218033011589e+20
2.170448348976285779e+05 1.801180108234681757e+04 1.093257087890338930e+00 1.013024743117663574e+12 1.380802563736917800e+05 7.716390689230990868e+20
2.713060436220357078e+05 1.800611318341131846e+04 1.366312500250699280e+00 1.011822933930187134e+12 1.371859746857304999e+05 1.506829018774279291e+21
3.255672523464428959e+05 1.799916521007731717e+04 1.639195529789227557e+00 1.010354880738343018e+12 1.360768212345076608e+05 2.603194779925466317e+21
3.798284610708500259e+05 1.799095948771101757e+04 1.911871916406293170e+00 1.008621074874080811e+12 1.347584780501330097e+05 4.132617693983428051e+21
4.340896697952571558e+05 1.798149875211081962e+04 2.184308566759423087e+00 1.006622094390506226e+12 1.332376484504404361e+05 6.166762600119357407e+21
4.883508785196642857e+05 1.797078621216871397e+04 2.456469661201643007e+00 1.004358617301755493e+12 1.315219967121837253e+05 8.777258225456600056e+21
5.426120872440714156e+05 1.795882550027781690e+04 2.728319361137767629e+00 1.001831411104485962e+12 1.296200813594618667e+05 1.203541983736032028e+22
5.968732959684785455e+05 1.794556066196026222e+04 2.999822226493662924e+00 9.990413313588630371e+11 1.275412816250935866e+05 1.601221641836242456e+22
6.511345046928857919e+05 1.793092514334132647e+04 3.270943215716250130e+00 9.959893216885607910e+11 1.252957215224576939e+05 2.077827066616157831e+22
7.053957134172929218e+05 1.791503852088425629e+04 3.541647685773501308e+00 9.926764137807615967e+11 1.228941826201178483e+05 2.640385899362315246e+22
7.596569221417000517e+05 1.789790616420902370e+04 3.811901392154445567e+00 9.891037273861562500e+11 1.203480000732714107e+05 3.295891152877930938e+22
8.139181308661071816e+05 1.787953386523279914e+04 4.081670488869161950e+00 9.852724703189439697e+11 1.176689740958825714e+05 4.051301211482892534e+22
8.681793395905143116e+05 1.785992783816994051e+04 4.350921528448787434e+00 9.811839384568323975e+11 1.148692769482051081e+05 4.913539831013765127e+22
9.224405483149214415e+05 1.783906952627815190e+04 4.619619555170165093e+00 9.768395269715755615e+11 1.119613580451032321e+05 5.889431280430021503e+22
9.767017570393285714e+05 1.781672461496947653e+04 4.887727047907191924e+00 9.722407280552866211e+11 1.089578589003290108e+05 6.985737421034144504e+22
1.030962965763735701e+06 1.779315124594911322e+04 5.155209098721557304e+00 9.673891006575963135e+11 1.058715315262845252e+05 8.209302306413046504e+22
1.085224174488142831e+06 1.776835742568100250e+04 5.422030677704968937e+00 9.622862925862407227e+11 1.027151035591725667e+05 9.566892783662640870e+22
1.139485383212550078e+06 1.774235159507859134e+04 5.688156551661912808e+00 9.569340410628645020e+11 9.950120401816267986e+04 1.106519494732334739e+23
1.193746591936957091e+06 1.771490737061280379e+04 5.953551284109658503e+00 9.513341727230198975e+11 9.624229369376841350e+04 1.271081413938007549e+23
1.248007800661364337e+06 1.768612867460518464e+04 6.218179235278256556e+00 9.454886036161673584e+11 9.295060450689401478e+04 1.451027494926225947e+23
1.302269009385771584e+06 1.765615022662581032e+04 6.482004562110539325e+00 9.393993392056751709e+11 8.963803142967521853e+04 1.647002121384382326e+23
1.356530218110178597e+06 1.762497022274017218e+04 6.744991218262116561e+00 9.330684743688198242e+11 8.631605573243433901e+04 1.859641601744317710e+23
1.410791426834585844e+06 1.759219521494580113e+04 7.007102954101387837e+00 9.264981933967855225e+11 8.299571302421407017e+04 2.089574169182326783e+23
1.465052635558992857e+06 1.755823725241517241e+04 7.268303316709523898e+00 9.196907699946646729e+11 7.968756546238543524e+04 2.337419981619151682e+23
1.519313844283400103e+06 1.752310812326570885e+04 7.528555649880484424e+00 9.126485672814576416e+11 7.640157856487440586e+04 2.603791121719987704e+23
1.573575053007807117e+06 1.748638129448098334e+04 7.787823094121007372e+00 9.053740377900727539e+11 7.314712262154425844e+04 2.889291596894475586e+23
1.627836261732214363e+06 1.744845085811809986e+04 8.046068586650612531e+00 8.978697234673262939e+11 6.993297906652990787e+04 3.194517339296713922e+23
1.682097470456621377e+06 1.740929771567355056e+04 8.303254861401601516e+00 8.901382556739425049e+11 6.676723983159312047e+04 3.520056205825241042e+23
1.736358679181028623e+06 1.736855158926641161e+04 8.559344449019057777e+00 8.821823551845537109e+11 6.365732805146253668e+04 3.866487978123057493e+23
1.790619887905435869e+06 1.732667042368729017e+04 8.814299676860841259e+00 8.740048321877001953e+11 6.061001370872196276e+04 4.234384362577604232e+23
1.844881096629842883e+06 1.728330551523309259e+04 9.068082668997602624e+00 8.656085862858303223e+11 5.763134529546891281e+04 4.624308990320777049e+23
1.899142305354250129e+06 1.723861451585820760e+04 9.320655646918606152e+00 8.569965884633953857e+11 5.472670731483428244e+04 5.036805916862740295e+23
1.953403514078657143e+06 1.719261513623477367e+04 9.571982176453257551e+00 8.481718311041387939e+11 5.190079494854961376e+04 5.472377274166193580e+23
2.007664722803064389e+06 1.714511002417614509e+04 9.822025022128984872e+00 8.391374540808035889e+11 4.915763504697978351e+04 5.931563356637287888e+23
2.061925931527471403e+06 1.709638946470729206e+04 1.007074637222630997e+01 8.298966919341361084e+11 4.650061613539569953e+04 6.414894323190828578e+23
2.116187140251878649e+06 1.704607270346677251e+04 1.031810795170640027e+01 8.204528651052358398e+11 4.393248243332149286e+04 6.922883855266335970e+23
2.170448348976285663e+06 1.699454922871740200e+04 1.056407102221105632e+01 8.108093799355563965e+11 4.145539533874694462e+04 7.456029156828036622e+23
2.224709557700693142e+06 1.694142765663335740e+04 1.080859638206272066e+01 8.009697286669044189e+11 3.907092124841229088e+04 8.014810954364882120e+23
2.278970766425100155e+06 1.688702321332979409e+04 1.105164436626447610e+01 7.909374894414406738e+11 3.678010258869019890e+04 8.599693496890515522e+23
2.333231975149507169e+06 1.683110902221942160e+04 1.129317484650004211e+01 7.807163263016790771e+11 3.458345548420687555e+04 9.211124555943306257e+23
2.387493183873914182e+06 1.677375057044801724e+04 1.153314723113378015e+01 7.703099891904874268e+11 3.248103168297181765e+04 9.849535425586334018e+23
2.441754392598321661e+06 1.671506229800194706e+04 1.177152046521069373e+01 7.597223139510869141e+11 3.047243896997036427e+04 1.051534092240739547e+24
2.496015601322728675e+06 1.665468245020572795e+04 1.200825303045641768e+01 7.489572223270522461e+11 2.855687892826291500e+04 1.120893938551897876e+24
2.550276810047135688e+06 1.659299854766274075e+04 1.224330294527723240e+01 7.380187219623121338e+11 2.673320409881039450e+04 1.193071267655830242e+24
2.604538018771543168e+06 1.652977992088117753e+04 1.247662776476005853e+01 7.269109064011483154e+11 2.499991886255083591e+04 1.268102617968729794e+24
2.658799227495950181e+06 1.646495633205139529e+04 1.270818458067245160e+01 7.156379550881966553e+11 2.335524558722642541e+04 1.346022880159259230e+24
2.713060436220357195e+06 1.639873106312866730e+04 1.293793002146260918e+01 7.042041333684462891e+11 2.179715293608110005e+04 1.426865297148553617e+24
2.767321644944764208e+06 1.633100144860451110e+04 1.316582025225937080e+01 6.926137924872397461e+11 2.032337580992902440e+04 1.510661464110219586e+24
2.821582853669171687e+06 1.626153184319008506e+04 1.339181097487221095e+01 6.808713695902736816e+11 1.893146637161621766e+04 1.597441328470334256e+24
2.875844062393578701e+06 1.619056879460208074e+04 1.361585742779124431e+01 6.689813877235979004e+11 1.761882852265021938e+04 1.687233189907445506e+24
2.930105271117985714e+06 1.611807226070256365e+04 1.383791438618722935e+01 6.569484558336160889e+11 1.638272668249202798e+04 1.780063700352573045e+24
2.984366479842392728e+06 1.604400269094800024e+04 1.405793616191155593e+01 6.447772687670852051e+11 1.522032478556504066e+04 1.875957863989207609e+24
3.038627688566800207e+06 1.596819790517273577e+04 1.427587660349626475e+01 6.324726072711159668e+11 1.412871732531110320e+04 1.974939037253312839e+24
3.092888897291207220e+06 1.589070606134744230e+04 1.449168909615402612e+01 6.200393379931727295e+11 1.310495546561472656e+04 2.077028928833319107e+24
3.147150106015614234e+06 1.581156168296027499e+04 1.470532656177815056e+01 6.074824134810733643e+11 1.214606072743020195e+04 2.182247599670132109e+24
3.201411314740021713e+06 1.573072893561756791e+04 1.491674045979970842e+01 5.948069027433885498e+11 1.124904519456013077e+04 2.290610821377915512e+24
3.255672523464428727e+06 1.564817375147731946e+04 1.512587941635656463e+01 5.820180053971895752e+11 1.041093317771772490e+04 2.402129838647814138e+24
3.309933732188835740e+06 1.556386234318877905e+04 1.533269159277986127e+01 5.691209905103000488e+11 9.628778009932892019e+03 2.516815678141339160e+24
3.364194940913242754e+06 1.547776166977326284e+04 1.553712468517284151e+01 5.561212130541103516e+11 8.899676184882733651e+03 2.634676919479380579e+24
3.418456149637650233e+06 1.538984088853443609e+04 1.573912592237075003e+01 5.430241139923944702e+11 8.220779700172546654e+03 2.755719686388965632e+24
3.472717358362057246e+06 1.530007002227256089e+04 1.593864098229412107e+01 5.298352403944235229e+11 7.589306699470043895e+03 2.879947414022922890e+24
3.526978567086464260e+06 1.520842074850498830e+04 1.613561213318297405e+01 5.165602814206378784e+11 7.002550586544300131e+03 3.007360374155475266e+24
3.581239775810871739e+06 1.511486609390336889e+04 1.632998348593491045e+01 5.032049697934513550e+11 6.457887627866871298e+03 3.137956576139155352e+24
3.635500984535278752e+06 1.501937965181810068e+04 1.652169807585742944e+01 4.897751334928824463e+11 5.952783057099618418e+03 3.271731075871761607e+24
3.689762193259685766e+06 1.492171310203454777e+04 1.671069758491920609e+01 4.762767008292133789e+11 5.484797067727723515e+03 3.408675915794772421e+24
3.744023401984092779e+06 1.482203312236067723e+04 1.689692164916582584e+01 4.627157149964500732e+11 5.051590290354844001e+03 3.548779948190085625e+24
3.798284610708500259e+06 1.472032028706965866e+04 1.708030208997220711e+01 4.490984583879837036e+11 4.650919907620042068e+03 3.692027345477115526e+24
3.852545819432907272e+06 1.461644833715858113e+04 1.726077372292877499e+01 4.354312315176696777e+11 4.280644130898332151e+03 3.838400033516607045e+24
3.906807028157314286e+06 1.451023251727502065e+04 1.743827049463031642e+01 4.217204320675412598e+11 3.938725525893322356e+03 3.987876414280414236e+24
3.961068236881721765e+06 1.440190100498907486e+04 1.761272362099099453e+01 4.079725935952419434e+11 3.623229857650564554e+03 4.140430873631681940e+24
4.015329445606128778e+06 1.429102900120774029e+04 1.778406158724431663e+01 3.941943855340258789e+11 3.332321774598420234e+03 4.296033781324839341e+24
4.069590654330535792e+06 1.417792470188946754e+04 1.795221014794317682e+01 3.803926131927572632e+11 3.064268491094649107e+03 4.454651491005609097e+24
4.123851863054942805e+06 1.406209956148466881e+04 1.811709249175260439e+01 3.665742152358735352e+11 2.817432684390008035e+03 4.616246221346033998e+24
4.178113071779350284e+06 6.862875638967238046e+03 1.826917218085358385e+01 3.529526973938394165e+11 2.608856282010873201e+03 4.778298780608418667e+24
4.232374280503757298e+06 6.829314631142107828e+03 1.810990441742383439e+01 3.462274128893597412e+11 2.485665634320545905e+03 4.860474172236837213e+24
4.286635489228164777e+06 6.795694380586353873e+03 1.796046622557232553e+01 3.395605410460521240e+11 2.386252104284254983e+03 4.944758289043226293e+24
4.340896697952571325e+06 6.762173027881631242e+03 1.781893914156462699e+01 3.329800397610194092e+11 2.292044269496017023e+03 5.030777278494321848e+24
4.395157906676978804e+06 6.728763583405685495e+03 1.768490194054621156e+01 3.264824514966725464e+11 2.202689070641596572e+03 5.118538372779728842e+24
4.449419115401386283e+06 6.695451325965808792e+03 1.755795957350533243e+01 3.200644731277282104e+11 2.117863915352691492e+03 5.208048931220708041e+24
4.503680324125792831e+06 6.662221679625645265e+03 1.743772909867094967e+01 3.137229619096645508e+11 2.037272973918525622e+03 5.299315360020057077e+24
4.557941532850200310e+06 6.629060950622824748e+03 1.732386767052807031e+01 3.074551339051051025e+11 1.960644617202743575e+03 5.392343160999593290e+24
4.612202741574606858e+06 6.595955678865693699e+03 1.721605282861536779e+01 3.012583679238558960e+11 1.887729017100962665e+03 5.487137392761960286e+24
4.666463950299014337e+06 6.562893474706121197e+03 1.711397584973924424e+01 2.951301624881943970e+11 1.818296053345268092e+03 5.583702608693581400e+24
4.720725159023421817e+06 6.529821803960099714e+03 1.701734174797385890e+01 2.890681358328699341e+11 1.752133537712850739e+03 5.682042856964651108e+24
4.774986367747828364e+06 6.496773727106942715e+03 1.692586927466111035e+01 2.830700259051037598e+11 1.689045680098990715e+03 5.782161680529137171e+24
4.829247576472235844e+06 6.463736686747726708e+03 1.683929091841064007e+01 2.771336903645887451e+11 1.628851194038094491e+03 5.884062117124786006e+24
4.883508785196643323e+06 6.430699381468164574e+03 1.675735290509983955e+01 2.712571065834895325e+11 1.571382160529086832e+03 5.987746699273117318e+24
4.937769993921049871e+06 6.397650615724964155e+03 1.667981519787383959e+01 2.654383716464428101e+11 1.516482908764042122e+03 6.093217454279420876e+24
4.992031202645457350e+06 6.364579361756283106e+03 1.660645149714552105e+01 2.596757023505565796e+11 1.464008942418510742e+03 6.200475904232770475e+24
5.046292411369864829e+06 6.331475597204145743e+03 1.653704924059550763e+01 2.539674352054110718e+11 1.413825971682665340e+03 6.309523066006006753e+24
5.100553620094271377e+06 6.298329122610392005e+03 1.647140960317216951e+01 2.483120264330581665e+11 1.365809036805470669e+03 6.420359451255744710e+24
5.154814828818678856e+06 6.265130398012835940e+03 1.640934749709161622e+01 2.427080519680213623e+11 1.319841720189862144e+03 6.532985066422380146e+24
5.209076037543086335e+06 6.231870769102792110e+03 1.635068900173391881e+01 2.371541927809070740e+11 1.275815432008071184e+03 6.647399291539894051e+24
5.263337246267492883e+06 6.198540722388547692e+03 1.629524627111462820e+01 2.316490976913600464e+11 1.233628778392364438e+03 6.763599717948429848e+24
5.317598454991900362e+06 6.165132125486543373e+03 1.624285592197234962e+01 2.261916018354853821e+11 1.193187018193366384e+03 6.881584048392007370e+24
5.371859663716306910e+06 6.131636772904671489e+03 1.619336670399270872e+01 2.207806382099969177e+11 1.154401513218805576e+03 7.001349552396922541e+24
5.426120872440714389e+06 6.098047294136208620e+03 1.614663228932128547e+01 2.154151947252703552e+11 1.117189239893901231e+03 7.122892726742734959e+24
5.480382081165121868e+06 6.064356165737155607e+03 1.610251127256362125e+01 2.100943142053437500e+11 1.081472359417924736e+03 7.246209295462258235e+24
5.534643289889528416e+06 6.030556047394366033e+03 1.606086717078520820e+01 2.048170943879172974e+11 1.047177830190321856e+03 7.371294209841561063e+24
5.588904498613935895e+06 5.996640634181174391e+03 1.602156842351149635e+01 1.995826879243531799e+11 1.014237051813435755e+03 7.498141648419975814e+24
5.643165707338343374e+06 5.962561471600938603e+03 1.598448839272789002e+01 1.943903023796758728e+11 9.825855730203810481e+02 7.626745016990085648e+24
5.697426916062749922e+06 5.928346019998318297e+03 1.594950536287975495e+01 1.892392002325720825e+11 9.521628653130871953e+02 7.757096948597732030e+24
5.751688124787157401e+06 5.893991474969274350e+03 1.591650254087240768e+01 1.841286988753904419e+11 9.229118451827562239e+02 7.889189303542017954e+24
5.805949333511564881e+06 5.859492672760407004e+03 1.588536805607112612e+01 1.790581706141418457e+11 8.947786750300919039e+02 8.023013169375300425e+24
5.860210542235971428e+06 5.824844129980456273e+03 1.585599496030113897e+01 1.740270426684995117e+11 8.677125699753963772e+02 8.158558860903188311e+24
5.914471750960378908e+06 5.789985538782953881e+03 1.582828122784763458e+01 1.690347971717984314e+11 8.416656299313955287e+02 8.295815920184560598e+24
5.968732959684785455e+06 5.754947165529451013e+03 1.580212975545575738e+01 1.640809711710361633e+11 8.165927306796546645e+02 8.434773116531539546e+24
6.022994168409192935e+06 5.719742546468991350e+03 1.577744836233060788e+01 1.591651566268720398e+11 7.924511247542283172e+02 8.575418446509516459e+24
6.077255377133600414e+06 5.684324966901116568e+03 1.575414979013723915e+01 1.542870004136278687e+11 7.692003136860317909e+02 8.717739133937132354e+24
6.131516585858006962e+06 5.648683304178828621e+03 1.573215170300066745e+01 1.494462043192874146e+11 7.468020473847452649e+02 8.861721629886284411e+24
6.185777794582414441e+06 5.612862644581922723e+03 1.571137637201879578e+01 1.446425231128602905e+11 7.252200823058670949e+02 9.007351545876080784e+24
6.240039003306821920e+06 5.576760613721259688e+03 1.569173635572358982e+01 1.398756709097547913e+11 7.044199860127154125e+02 9.154611056375732793e+24
6.294300212031228468e+06 5.540465681001808662e+03 1.567315124709711149e+01 1.351454121217734833e+11 6.843692411037465035e+02 9.303483289766110528e+24
6.348561420755635947e+06 5.503881478495206466e+03 1.565554916049221923e+01 1.304515838618691406e+11 6.650368644716185145e+02 9.453951650713482943e+24
6.402822629480043426e+06 5.467082041580418263e+03 1.563885957135673443e+01 1.257940549736542969e+11 6.463935275256488922e+02 9.605998089755882536e+24
6.457083838204449974e+06 5.429967041535623139e+03 1.562301331623345746e+01 1.211727260314010010e+11 6.284112731703479540e+02 9.759603103303118226e+24
6.511345046928857453e+06 5.392590923676836610e+03 1.560794259276015694e+01 1.165875293400406494e+11 6.110636367887981351e+02 9.914745733636774290e+24
6.565606255653264932e+06 5.354938405417884496e+03 1.559358095966957336e+01 1.120384289351643829e+11 5.943253575968777795e+02 1.007140356891020821e+25
6.619867464377671480e+06 5.316956034627995905e+03 1.557986333678942437e+01 1.075254205830229187e+11 5.781723956057707028e+02 1.022955274314853885e+25
6.674128673102078959e+06 5.278654201711302449e+03 1.556672600504239234e+01 1.030485317805262451e+11 5.625819373859678763e+02 1.038916793624867761e+25
6.728389881826485507e+06 5.240026689847916714e+03 1.555410660644613685e+01 9.860782175524423218e+10 5.475322255723941680e+02 1.055022237397929194e+25
6.782651090550892986e+06 5.201055374637153363e+03 1.554194414411328928e+01 9.420338146540594482e+10 5.330025072672112856e+02 1.071268782798083320e+25
6.836912299275300466e+06 5.161725274591713969e+03 1.553017898225145110e+01 8.983533359990025330e+10 5.189730058208130004e+02 1.087653461576551522e+25
6.891173507999707013e+06 5.122023089212339983e+03 1.551875284616319917e+01 8.550383257827557373e+10 5.054248644371140813e+02 1.104173160071733365e+25
6.945434716724114493e+06 5.081932422463776675e+03 1.550760882224607684e+01 8.120906455073959351e+10 4.923400917611925820e+02 1.120824619209205518e+25
6.999695925448521972e+06 5.041409551541457404e+03 1.549669135799260822e+01 7.695124739815982056e+10 4.797015296436640597e+02 1.137604434501721539e+25
7.053957134172928520e+06 5.000479517781373033e+03 1.548594626199028212e+01 7.273063073206326294e+10 4.674928238609315372e+02 1.154509056049212525e+25
7.108218342897335999e+06 4.959090327135815642e+03 1.547532070392156101e+01 6.854749589463627625e+10 4.556983120274412045e+02 1.171534788538786892e+25
7.162479551621743478e+06 4.917248016699108121e+03 1.546476321456388092e+01 6.440215595872494507e+10 4.443030579175604657e+02 1.188677791244730805e+25
7.216740760346150026e+06 4.874910849170220899e+03 1.545422368578965333e+01 6.029495572783496094e+10 4.332927710080900283e+02 1.205934078028506462e+25
7.271001969070557505e+06 4.832057573598882300e+03 1.544365337056625442e+01 5.622627173613125610e+10 4.226538137219925488e+02 1.223299517338754670e+25
7.325263177794964053e+06 4.788656466086473301e+03 1.543300488295603756e+01 5.219651224843862915e+10 4.123731569827571093e+02 1.240769832211292481e+25
7.379524386519371532e+06 4.744696769062769818e+03 1.542222118987947610e+01 4.820619953184436035e+10 4.024383488160897286e+02 1.258339655698298339e+25
7.433785595243779011e+06 4.700142462563095251e+03 1.541124482885883396e+01 4.425583004611738586e+10 3.928374722523674905e+02 1.276003542631515806e+25
7.488046803968185559e+06 4.654960398988412635e+03 1.540003001529562354e+01 4.034582198555251312e+10 3.835591436991330738e+02 1.293756866156054158e+25
7.542308012692593038e+06 4.609116193886538895e+03 1.538852892016000595e+01 3.647666005356346130e+10 3.745924853521756290e+02 1.311594499992006598e+25
7.596569221417000517e+06 4.562563515040692437e+03 1.537669165121921289e+01 3.264889563251696777e+10 3.659271031642899743e+02 1.329510816727554868e+25
7.650830430141407065e+06 4.515270299060338402e+03 1.536446625303754132e+01 2.886314678373258591e+10 3.575530734226551886e+02 1.347499687818971402e+25
7.705091638865814544e+06 4.467178902098112303e+03 1.535179870697635884e+01 2.512009824748248291e+10 3.494609132142510930e+02 1.365554483590618897e+25
7.759352847590222023e+06 4.418240530506447612e+03 1.533863293119409832e+01 2.142050144299184418e+10 3.416415816125187916e+02 1.383668073234949235e+25
7.813614056314628571e+06 4.368400328116198580e+03 1.532491078064625967e+01 1.776517446843867111e+10 3.340864556440424735e+02 1.401832824812504345e+25
7.867875265039036050e+06 4.317592416537526333e+03 1.531057204708541342e+01 1.415500210095358276e+10 3.267873161661639188e+02 1.420040605251916847e+25
7.922136473763443530e+06 4.265744436143460916e+03 1.529555445906119182e+01 1.059093579662022400e+10 3.197363422682729492e+02 1.438282780349908118e+25
7.976397682487850077e+06 4.212776525738643613e+03 1.527979368192029952e+01 7.073993690475044250e+09 3.129261018018779055e+02 1.456550214771290442e+25
8.030658891212257557e+06 4.158592461295553221e+03 1.526322331780650998e+01 3.605260596507095337e+09 3.063495439748652984e+02 1.474833272048965718e+25
8.084920099936665036e+06 4.103082993737712059e+03 1.524577490566065663e+01 1.858880076585006714e+08 3.000000000000000000e+02 1.493121814583925893e+25
