# Radius (m)	Density (kg/m^3)	Gravity (m/s^2)	Pressure (Pa)	Temperature (K)	Mass Enclosed (kg)
0.000000000000000000e+00 2.892591794508212115e+04 0.000000000000000000e+00 4.908641198553242188e+12 0.000000000000000000e+00 0.000000000000000000e+00
8.004279041561190388e+04 2.892444715911434832e+04 6.473168726535136752e-01 4.907891790328140625e+12 0.000000000000000000e+00 6.213778749344482918e+19
1.600855808312238078e+05 2.892003552030189167e+04 1.294515076686184152e+00 4.905643932050541992e+12 0.000000000000000000e+00 4.970527471171651502e+20
2.401283712468357116e+05 2.891268517565790171e+04 1.941476902993557685e+00 4.901898717686095703e+12 0.000000000000000000e+00 1.677311404114249777e+21
3.201711616624476155e+05 2.890237238631104265e+04 2.588083708655247506e+00 4.896657978099121094e+12 0.000000000000000000e+00 3.975000199104325222e+21
4.002139520780595485e+05 2.888899401284402120e+04 3.234210827028531909e+00 4.889924294369512695e+12 0.000000000000000000e+00 7.761416056350153114e+21
4.802567424936714233e+05 2.887265609953227249e+04 3.879738491351876206e+00 4.881700997171668945e+12 0.000000000000000000e+00 1.340707304996608986e+22
5.602995329092832981e+05 2.885336671395598387e+04 4.524548132193075389e+00 4.871992147128772461e+12 0.000000000000000000e+00 2.128163223326914144e+22
6.403423233248952311e+05 2.883113534492274630e+04 5.168521543687798037e+00 4.860802520204765625e+12 0.000000000000000000e+00 3.175301381996321073e+22
7.203851137405071640e+05 2.880597290178659023e+04 5.811541030733396340e+00 4.848137607361602539e+12 0.000000000000000000e+00 4.518736196036567499e+22
8.004279041561190970e+05 2.877789171444798558e+04 6.453489408988906995e+00 4.834003614559251953e+12 0.000000000000000000e+00 6.194904474140738899e+22
8.804706945717309136e+05 2.874690553335383447e+04 7.094250004875044979e+00 4.818407462755695312e+12 0.000000000000000000e+00 8.240065418663271019e+22
9.605134849873428466e+05 2.871302959196703159e+04 7.733702758867917915e+00 4.801356819349474609e+12 0.000000000000000000e+00 1.069015546494731304e+23
1.040556275402954780e+06 2.867619632061366428e+04 8.371722551351496122e+00 4.782860126629795898e+12 0.000000000000000000e+00 1.358082178005657935e+23
1.120599065818566596e+06 2.863610385171668531e+04 9.008192867143442584e+00 4.762926475003957031e+12 0.000000000000000000e+00 1.694780064049247688e+23
1.200641856234178646e+06 2.859314091813412233e+04 9.642997010267148283e+00 4.741565651527124023e+12 0.000000000000000000e+00 2.082643258674244275e+23
1.280684646649790462e+06 2.854732861148659140e+04 1.027601769638019036e+01 4.718788142782663086e+12 0.000000000000000000e+00 2.525164442711756563e+23
1.360727437065402279e+06 2.849868943035282064e+04 1.090713705277434897e+01 4.694605134882150391e+12 0.000000000000000000e+00 3.025794923775267292e+23
1.440770227481014328e+06 2.844704019398525270e+04 1.153623661837559489e+01 4.669028513465366211e+12 0.000000000000000000e+00 3.587944636260625699e+23
1.520813017896626145e+06 2.839214960720636009e+04 1.216319734374408768e+01 4.642070863700295898e+12 0.000000000000000000e+00 4.214982141346048188e+23
1.600855808312238194e+06 2.833447405021378290e+04 1.278789959107419349e+01 4.613745470283131836e+12 0.000000000000000000e+00 4.910234626992130071e+23
1.680898598727850011e+06 2.827404199738453462e+04 1.341022313419446199e+01 4.584066317438269531e+12 0.000000000000000000e+00 5.676987907941822754e+23
1.760941389143461827e+06 2.821043402332765982e+04 1.403004715856763873e+01 4.553048088918313477e+12 0.000000000000000000e+00 6.518486425720455210e+23
1.840984179559073877e+06 2.814376524699622314e+04 1.464725026129067231e+01 4.520706168004071289e+12 0.000000000000000000e+00 7.437933248635729284e+23
1.921026969974685693e+06 2.807440099901359645e+04 1.526171045109469304e+01 4.487056637504557617e+12 0.000000000000000000e+00 8.438490071777700898e+23
2.001069760390297510e+06 2.800199952228254188e+04 1.587330468182551435e+01 4.452116155078607422e+12 0.000000000000000000e+00 9.523242112138639175e+23
2.081112550805909559e+06 2.792642224766254367e+04 1.648190955805337410e+01 4.415901473224551758e+12 0.000000000000000000e+00 1.069506544370752120e+24
2.161155341221521609e+06 2.784822381303895236e+04 1.708740828280354407e+01 4.378430799062009766e+12 0.000000000000000000e+00 1.195700912059601438e+24
2.241198131637133192e+06 2.776678437433408544e+04 1.768968444993345912e+01 4.339723067571472168e+12 0.000000000000000000e+00 1.331208471457120007e+24
2.321240922052745242e+06 2.768242834170761489e+04 1.828862112365294124e+01 4.299797776160817383e+12 0.000000000000000000e+00 1.476321931934175708e+24
2.401283712468357291e+06 2.759535510623679147e+04 1.888410083852417287e+01 4.258674984665315918e+12 0.000000000000000000e+00 1.631325555055790658e+24
2.481326502883968875e+06 2.750487101214445283e+04 1.947600559946169341e+01 4.216375315347628906e+12 0.000000000000000000e+00 1.796495154581144705e+24
2.561369293299580924e+06 2.741191475106365397e+04 2.006421688173243467e+01 4.172919952897807129e+12 0.000000000000000000e+00 1.972098096463576906e+24
2.641412083715192974e+06 2.731545796589741440e+04 2.064861563095568187e+01 4.128330644433292480e+12 0.000000000000000000e+00 2.158393298850581223e+24
2.721454874130804557e+06 2.721648111616645474e+04 2.122908226310309132e+01 4.082629699498917480e+12 0.000000000000000000e+00 2.355631232083808414e+24
2.801497664546416607e+06 2.711412093995049509e+04 2.180549666449869761e+01 4.035839990066904785e+12 0.000000000000000000e+00 2.564053918699069244e+24
2.881540454962028656e+06 2.700918635289090162e+04 2.237773819181888868e+01 3.987984950536867676e+12 0.000000000000000000e+00 2.783894933426329660e+24
2.961583245377640240e+06 2.690081985627679751e+04 2.294568567209243781e+01 3.939088577735810547e+12 0.000000000000000000e+00 3.015379403189711324e+24
3.041626035793252289e+06 2.678997143472403695e+04 2.350921740270047877e+01 3.889175430918126953e+12 0.000000000000000000e+00 3.258724007107495910e+24
3.121668826208864339e+06 2.667554195337993588e+04 2.406821115137652356e+01 3.838270631765601562e+12 0.000000000000000000e+00 3.514136976492121612e+24
3.201711616624476388e+06 2.655850533680951776e+04 2.462254415620643755e+01 3.786399864387410645e+12 0.000000000000000000e+00 3.781818094850181536e+24
3.281754407040087972e+06 2.643830690316763503e+04 2.517209312562847146e+01 3.733589375320120117e+12 0.000000000000000000e+00 4.061958697882427995e+24
3.361797197455700021e+06 2.631501691063241014e+04 2.571673423843323292e+01 3.679865973527685547e+12 0.000000000000000000e+00 4.354741673483770360e+24
3.441839987871312071e+06 2.618900543573558753e+04 2.625634314376370781e+01 3.625257030401454590e+12 0.000000000000000000e+00 4.660341461743275596e+24
3.521882778286923654e+06 2.605957392055339005e+04 2.679079496111524605e+01 3.569790479760164551e+12 0.000000000000000000e+00 4.978924054944165042e+24
3.601925568702535704e+06 2.592719073436094914e+04 2.731996428033557578e+01 3.513494817849942871e+12 0.000000000000000000e+00 5.310646997563821393e+24
3.681968359118147753e+06 2.579195518716264633e+04 2.784372516162478206e+01 3.456399103344309082e+12 0.000000000000000000e+00 5.655659386273780105e+24
3.762011149533759337e+06 2.565350489977432881e+04 2.836195113553532110e+01 3.398532957344171875e+12 0.000000000000000000e+00 6.014101869939736378e+24
3.842053939949371386e+06 2.551182093221479590e+04 2.887451496342691115e+01 3.339926452660836914e+12 0.000000000000000000e+00 6.386101225394492475e+24
3.922096730364983436e+06 2.536717188736573007e+04 2.938129002117369382e+01 3.280609632985936523e+12 0.000000000000000000e+00 6.771748394170034743e+24
4.002139520780595019e+06 2.521950535204540938e+04 2.988215322187718215e+01 3.220613483888891602e+12 0.000000000000000000e+00 7.171147761170962039e+24
4.082182311196207069e+06 2.506877296468781424e+04 3.037698019033802765e+01 3.159969499944096191e+12 0.000000000000000000e+00 7.584394409160900665e+24
4.162225101611819118e+06 2.491465845953979442e+04 3.086564476020780035e+01 3.098709581637123047e+12 0.000000000000000000e+00 8.011568929478081616e+24
4.242267892027431168e+06 2.475737010615894542e+04 3.134801897398901005e+01 3.036866035364721191e+12 0.000000000000000000e+00 8.452737422035355624e+24
4.322310682443043217e+06 2.459694182254667976e+04 3.182397308303509575e+01 2.974471573434816895e+12 0.000000000000000000e+00 8.907951495320188853e+24
4.402353472858654335e+06 2.443333068069224100e+04 3.229337554755042561e+01 2.911559314066514648e+12 0.000000000000000000e+00 9.377248266394654315e+24
4.482396263274266385e+06 2.426650083159674978e+04 3.275609303659032179e+01 2.848162781390094238e+12 0.000000000000000000e+00 9.860650360895460860e+24
4.562439053689878434e+06 2.409641765314462828e+04 3.321199042806101431e+01 2.784315905447012695e+12 0.000000000000000000e+00 1.035816591303391237e+25
4.642481844105490483e+06 2.392304900727926361e+04 3.366093080871967658e+01 2.720053022189906250e+12 0.000000000000000000e+00 1.086978856559593569e+25
4.722524634521102533e+06 2.374636755931104562e+04 3.410277547417442179e+01 2.655408873482586914e+12 0.000000000000000000e+00 1.139549746994207630e+25
4.802567424936714582e+06 2.356634727099562224e+04 3.453738392888427455e+01 2.590418607100043457e+12 0.000000000000000000e+00 1.193525728600748548e+25
4.882610215352325700e+06 2.338296924827343901e+04 3.496461388615921351e+01 2.525117776728442871e+12 0.000000000000000000e+00 1.248901818230193315e+25
4.962653005767937750e+06 2.319621246164089825e+04 3.538432126816015000e+01 2.459542341965127930e+12 0.000000000000000000e+00 1.305671583590981648e+25
5.042695796183549799e+06 2.300587733608768031e+04 3.579636020589892098e+01 2.393728668318619141e+12 0.000000000000000000e+00 1.363827143249013413e+25
5.122738586599161848e+06 2.281190027694225137e+04 3.620058303923828902e+01 2.327713527208614258e+12 0.000000000000000000e+00 1.423359166627650553e+25
5.202781377014773898e+06 2.261445505778094230e+04 3.659684031689196360e+01 2.261534095965989258e+12 0.000000000000000000e+00 1.484256874007715808e+25
5.282824167430385947e+06 2.241354039620627009e+04 3.698497723673432347e+01 2.195228164567191650e+12 0.000000000000000000e+00 1.546507277148863350e+25
5.362866957845997997e+06 2.220880244113115623e+04 3.736483435254685759e+01 2.128834033709615967e+12 0.000000000000000000e+00 1.610094574126925846e+25
5.442909748261609115e+06 2.200025192103132576e+04 3.773625577715618817e+01 2.062389949627617432e+12 0.000000000000000000e+00 1.675002095052961743e+25
5.522952538677221164e+06 2.178819978348788209e+04 3.809908021513322751e+01 1.995934623414907715e+12 0.000000000000000000e+00 1.741211052284083695e+25
5.602995329092833214e+06 2.157180951455045579e+04 3.845314071782532039e+01 1.929507245498272461e+12 0.000000000000000000e+00 1.808700497813462538e+25
5.683038119508445263e+06 2.135187670398237969e+04 3.879826468335628675e+01 1.863147485637568359e+12 0.000000000000000000e+00 1.877447323270332013e+25
5.763080909924057312e+06 2.112746080990516202e+04 3.913427385662642877e+01 1.796895492925723633e+12 0.000000000000000000e+00 1.947426259919987053e+25
5.843123700339669362e+06 2.089917661696265714e+04 3.946098200883263729e+01 1.730792003764913574e+12 0.000000000000000000e+00 2.018609697942401104e+25
5.923166490755280480e+06 2.066654654449034570e+04 3.977820047992004504e+01 1.664878074336121094e+12 0.000000000000000000e+00 2.090967666889003298e+25
6.003209281170892529e+06 1.081414751556446026e+04 3.980004695614355370e+01 1.612961149173379395e+12 0.000000000000000000e+00 2.149041766925038546e+25
6.083252071586504579e+06 1.073610323650579085e+04 3.947348982240492177e+01 1.578774714906923584e+12 0.000000000000000000e+00 2.188625508628798705e+25
6.163294862002116628e+06 1.065838241730408663e+04 3.916374590044103599e+01 1.545107743210275879e+12 0.000000000000000000e+00 2.228971028221414313e+25
6.243337652417728677e+06 1.058095450213022195e+04 3.886984003876687410e+01 1.511941722095510010e+12 0.000000000000000000e+00 2.270077579326868137e+25
6.323380442833340727e+06 1.050377890798544468e+04 3.859086223550767158e+01 1.479258997109562500e+12 0.000000000000000000e+00 2.311944506293266147e+25
6.403423233248952776e+06 1.042678927320856019e+04 3.832596247459892425e+01 1.447042740818330322e+12 0.000000000000000000e+00 2.354571177169621604e+25
6.483466023664563894e+06 1.035000357839064964e+04 3.807432594627641009e+01 1.415277516445406982e+12 0.000000000000000000e+00 2.397956035354814431e+25
6.563508814080175944e+06 1.027339518970549761e+04 3.783520989219826447e+01 1.383949284420724365e+12 0.000000000000000000e+00 2.442097259315156258e+25
6.643551604495787993e+06 1.019693284810204204e+04 3.760791009864524170e+01 1.353044762391265869e+12 0.000000000000000000e+00 2.486992720528281119e+25
6.723594394911400042e+06 1.012059258240741110e+04 3.739175528411092131e+01 1.322551392515849365e+12 0.000000000000000000e+00 2.532639910674673443e+25
6.803637185327012092e+06 1.004434871998594645e+04 3.718610709930167957e+01 1.292457341465125244e+12 0.000000000000000000e+00 2.579035941637669342e+25
6.883679975742624141e+06 9.968179036431931308e+03 3.699036012713672505e+01 1.262751500421578613e+12 0.000000000000000000e+00 2.626177545503454899e+25
6.963722766158235259e+06 9.892054693674926966e+03 3.680394188274804179e+01 1.233423485079529053e+12 0.000000000000000000e+00 2.674061074561065734e+25
7.043765556573847309e+06 9.815958998232279555e+03 3.662631281348045320e+01 1.204463635645128418e+12 0.000000000000000000e+00 2.722682501302390009e+25
7.123808346989459358e+06 9.739864435029106971e+03 3.645696629889157236e+01 1.175863016836363525e+12 0.000000000000000000e+00 2.772037418422165857e+25
7.203851137405071408e+06 9.663739176562248758e+03 3.629542865075183045e+01 1.147613417883055420e+12 0.000000000000000000e+00 2.822121038817980946e+25
7.283893927820683457e+06 9.587540885843180149e+03 3.614125473760628182e+01 1.119707266745698242e+12 0.000000000000000000e+00 2.872928178023028603e+25
7.363936718236295506e+06 9.511275869094812151e+03 3.599398866874989977e+01 1.092136864107854736e+12 0.000000000000000000e+00 2.924453126806517556e+25
7.443979508651906624e+06 9.434929981933139061e+03 3.585322894525143056e+01 1.064895666849285156e+12 0.000000000000000000e+00 2.976689923575704613e+25
7.524022299067518674e+06 9.358486272440368339e+03 3.571859962999676696e+01 1.037977715930448608e+12 0.000000000000000000e+00 3.029632164489150772e+25
7.604065089483130723e+06 9.281931994088794454e+03 3.558973747224005990e+01 1.011377383065346436e+12 0.000000000000000000e+00 3.083272944027961836e+25
7.684107879898742773e+06 9.205249680350934796e+03 3.546629190760368999e+01 9.850893707215202637e+11 0.000000000000000000e+00 3.137604854995790558e+25
7.764150670314354822e+06 9.128425813589063182e+03 3.534792505807826046e+01 9.591087121200529785e+11 0.000000000000000000e+00 3.192619988518835783e+25
7.844193460729966871e+06 9.051447348939638687e+03 3.523431173202260425e+01 9.334307712355686035e+11 0.000000000000000000e+00 3.248309934045842878e+25
7.924236251145578921e+06 8.974155923353977414e+03 3.512513942416380530e+01 9.080512427962320557e+11 0.000000000000000000e+00 3.304665779348103304e+25
8.004279041561190039e+06 8.896668006633146433e+03 3.502010831559716308e+01 8.829661522837493896e+11 0.000000000000000000e+00 3.361678110519455042e+25
8.084321831976802088e+06 8.818979305666653090e+03 3.491893127378622097e+01 8.581718559333669434e+11 0.000000000000000000e+00 3.419337011976283022e+25
8.164364622392414138e+06 8.741079647998845758e+03 3.482133385256274494e+01 8.336650407338732910e+11 0.000000000000000000e+00 3.477632066457517842e+25
8.244407412808026187e+06 8.662828254718868266e+03 3.472705429212674488e+01 8.094427244275974121e+11 0.000000000000000000e+00 3.536552355024636615e+25
8.324450203223638237e+06 8.584265151482279180e+03 3.463584351904644620e+01 7.855022555104089355e+11 0.000000000000000000e+00 3.596086457061662123e+25
8.404492993639249355e+06 8.505456469799772094e+03 3.454746514625832532e+01 7.618413132317196045e+11 0.000000000000000000e+00 3.656222450275163236e+25
8.484535784054862335e+06 8.426280889908921381e+03 3.446169547306708836e+01 7.384579075944805908e+11 0.000000000000000000e+00 3.716947910694259213e+25
8.564578574470473453e+06 8.346707717449851771e+03 3.437832348514565695e+01 7.153503793551860352e+11 0.000000000000000000e+00 3.778249912670608532e+25
8.644621364886086434e+06 8.266865987043223868e+03 3.429715085453520373e+01 6.925174000238692627e+11 0.000000000000000000e+00 3.840115028878423065e+25
8.724664155301697552e+06 8.186492948749948482e+03 3.421798472779308753e+01 6.699578407795708008e+11 0.000000000000000000e+00 3.902529028806836187e+25
8.804706945717308670e+06 8.105806952138603265e+03 3.414060615362386386e+01 6.476701393243640137e+11 0.000000000000000000e+00 3.965475957759809593e+25
8.884749736132921651e+06 8.024602801011757037e+03 3.406482783232520006e+01 6.256533296118040771e+11 0.000000000000000000e+00 4.028940733153262897e+25
8.964792526548532769e+06 7.943016895991870115e+03 3.399047134651026170e+01 6.039067181216903076e+11 0.000000000000000000e+00 4.092907626533032463e+25
9.044835316964145750e+06 7.860847822618421560e+03 3.391736161158875973e+01 5.824297891333361816e+11 0.000000000000000000e+00 4.157359991930451203e+25
9.124878107379756868e+06 7.778267947940554222e+03 3.384532687576700027e+01 5.612222047255734863e+11 0.000000000000000000e+00 4.222280265862338272e+25
9.204920897795369849e+06 7.695063676426783786e+03 3.377419872004784196e+01 5.402838047767486572e+11 0.000000000000000000e+00 4.287649967331007659e+25
9.284963688210980967e+06 7.611313533005252793e+03 3.370381205823071724e+01 5.196146069647260132e+11 0.000000000000000000e+00 4.353449697824258732e+25
9.365006478626592085e+06 7.527014418485395254e+03 3.363400513691163241e+01 4.992148067668847656e+11 0.000000000000000000e+00 4.419659141315385696e+25
9.445049269042205065e+06 7.442089925881244199e+03 3.356461953548316046e+01 4.790847774601206055e+11 0.000000000000000000e+00 4.486257064263173289e+25
9.525092059457816184e+06 7.356449192421212501e+03 3.349550016613444114e+01 4.592250701208468018e+11 0.000000000000000000e+00 4.553221315611894213e+25
9.605134849873429164e+06 7.270140548541447060e+03 3.342649527385118802e+01 4.396364136249909668e+11 0.000000000000000000e+00 4.620528826791314280e+25
9.685177640289040282e+06 7.183118602532124896e+03 3.335745643641568137e+01 4.203197146479990845e+11 0.000000000000000000e+00 4.688155611716688984e+25
9.765220430704651400e+06 7.095341376327645776e+03 3.328823856440677531e+01 4.012760576648318481e+11 0.000000000000000000e+00 4.756076766788763494e+25
9.845263221120264381e+06 7.006770649622428209e+03 3.321869990119988358e+01 3.825067049499664307e+11 0.000000000000000000e+00 4.824266470893777813e+25
9.925306011535875499e+06 6.917370941042292543e+03 3.314870202296700796e+01 3.640130965773973999e+11 0.000000000000000000e+00 4.892697985403456468e+25
1.000534880195148848e+07 6.827058362278423374e+03 3.307810983867669563e+01 3.457968504206340332e+11 0.000000000000000000e+00 4.961343654175021395e+25
1.008539159236709960e+07 6.735777656128989292e+03 3.300679159009408181e+01 3.278597621527036743e+11 0.000000000000000000e+00 5.030174903551178195e+25
1.016543438278271258e+07 6.643559600099677482e+03 3.293461885178086845e+01 3.102038052461481934e+11 0.000000000000000000e+00 5.099162242360128159e+25
1.024547717319832370e+07 6.550249494833356948e+03 3.286146430389060669e+01 2.928311374462329102e+11 0.000000000000000000e+00 5.168274908669645358e+25
1.032551996361393481e+07 6.455877933070283689e+03 3.278717565494119413e+01 2.757441011973803101e+11 0.000000000000000000e+00 5.237477089414753706e+25
1.040556275402954780e+07 6.360253689432493047e+03 3.271161249424434203e+01 2.589450817435315552e+11 0.000000000000000000e+00 5.306733961549079405e+25
1.048560554444515891e+07 6.263394766560861171e+03 3.263463754789734139e+01 2.424367226808977661e+11 0.000000000000000000e+00 5.376009443371498571e+25
1.056564833486077189e+07 6.165193565547049730e+03 3.255610919663312330e+01 2.262219691847575684e+11 0.000000000000000000e+00 5.445264908959694170e+25
1.064569112527638301e+07 6.065557108923332635e+03 3.247588147582030871e+01 2.103040680094598999e+11 0.000000000000000000e+00 5.514459188170137111e+25
1.072573391569199599e+07 5.964386521264741532e+03 3.239380407546315865e+01 1.946865674884213562e+11 0.000000000000000000e+00 5.583548566638106870e+25
1.080577670610760711e+07 5.861502307056612153e+03 3.230972234020160982e+01 1.793733175341287842e+11 0.000000000000000000e+00 5.652486785777671726e+25
1.088581949652321823e+07 5.756843092562639868e+03 3.222347726931124612e+01 1.643684696381371460e+11 0.000000000000000000e+00 5.721225042781704229e+25
1.096586228693883121e+07 5.650232095916582693e+03 3.213490551670333417e+01 1.496764768710702515e+11 0.000000000000000000e+00 5.789711990621872608e+25
1.104590507735444233e+07 5.541508955225408499e+03 3.204383939092478784e+01 1.353020938826217957e+11 0.000000000000000000e+00 5.857893738048641627e+25
1.112594786777005531e+07 5.430424112495304144e+03 3.195010605186007169e+01 1.212504003586269531e+11 0.000000000000000000e+00 5.925713652396559387e+25
1.120599065818566643e+07 5.316794765890610506e+03 3.185350983681526671e+01 1.075273018445280914e+11 0.000000000000000000e+00 5.993108074391825853e+25
1.128603344860127755e+07 5.200298624287657731e+03 3.175384450742932430e+01 9.413919087882046509e+10 0.000000000000000000e+00 6.060009229865976076e+25
1.136607623901689053e+07 5.080645006901680972e+03 3.165088650006318005e+01 8.109322572698962402e+10 0.000000000000000000e+00 6.126343251345242437e+25
1.144611902943250164e+07 4.957391325630822394e+03 3.154438892623130286e+01 6.839751502505815125e+10 0.000000000000000000e+00 6.192028669135639985e+25
1.152616181984811462e+07 4.830085915792368723e+03 3.143408157260167002e+01 5.606111777958374023e+10 0.000000000000000000e+00 6.256976411322971589e+25
1.160620461026372574e+07 4.698083777185196595e+03 3.131966100430015842e+01 4.409440047441662598e+10 0.000000000000000000e+00 6.321087475007368675e+25
1.168624740067933872e+07 4.560619732822116930e+03 3.120078489324662030e+01 3.250921313972756958e+10 0.000000000000000000e+00 6.384251157487177772e+25
1.176629019109494984e+07 4.416639639040033217e+03 3.107707920596060447e+01 2.131863328542727661e+10 0.000000000000000000e+00 6.446346131138652774e+25
1.184633298151056096e+07 4.264748339816540465e+03 3.094805696270755391e+01 1.053993681597261047e+10 0.000000000000000000e+00 6.507221450680066733e+25
1.192637577192617394e+07 4.102978979737692498e+03 3.081311322411179532e+01 1.947805716884307861e+08 0.000000000000000000e+00 6.566695385316052773e+25
