# Radius (m)	Density (kg/m^3)	Gravity (m/s^2)	Pressure (Pa)	Temperature (K)	Mass Enclosed (kg)
0.000000000000000000e+00 5.568476270527110319e+04 0.000000000000000000e+00 2.828186712971492188e+13 0.000000000000000000e+00 0.000000000000000000e+00
1.082125744428108010e+05 5.568064583595791191e+04 1.684673253746862498e+00 2.827679115008975781e+13 0.000000000000000000e+00 2.955729246770741903e+20
2.164251488856216019e+05 5.566829814694456581e+04 3.368897684966751349e+00 2.826156681016505469e+13 0.000000000000000000e+00 2.364273379702450160e+21
3.246377233284324175e+05 5.564772840679855290e+04 5.052227074044841615e+00 2.823620492132840234e+13 0.000000000000000000e+00 7.977644621606621807e+21
4.328502977712432039e+05 5.561895108775731933e+04 6.734218556118926280e+00 2.820072332742591406e+13 0.000000000000000000e+00 1.890380338585457499e+22
5.410628722140539903e+05 5.558169918444773793e+04 8.414408334430261149e+00 2.815514744714546875e+13 0.000000000000000000e+00 3.690715482665341315e+22
6.492754466568648349e+05 5.553601657027227338e+04 1.009233027877661648e+01 2.809951001431814062e+13 0.000000000000000000e+00 6.374481601316449891e+22
7.574880210996755632e+05 5.548210535081269336e+04 1.176753217333290991e+01 2.803385085917869141e+13 0.000000000000000000e+00 1.011654108085882852e+23
8.657005955424864078e+05 5.542000403800814820e+04 1.343957628689874539e+01 2.795821688590428125e+13 0.000000000000000000e+00 1.509088629912726499e+23
9.739131699852972524e+05 5.534975640401625424e+04 1.510804646412832319e+01 2.787266140515856641e+13 0.000000000000000000e+00 2.147004361801627169e+23
1.082125744428107981e+06 5.527141262726800051e+04 1.677248829097267446e+01 2.777724552988644531e+13 0.000000000000000000e+00 2.942608189227929237e+23
1.190338318870918825e+06 5.518502884612933849e+04 1.843243680249112515e+01 2.767203763171289844e+13 0.000000000000000000e+00 3.912963983093033012e+23
1.298550893313729670e+06 5.509066671638170374e+04 2.008743393462762938e+01 2.755711280199293359e+13 0.000000000000000000e+00 5.074937719463601357e+23
1.406763467756540515e+06 5.498727839898757520e+04 2.173702852421079257e+01 2.743255285181155859e+13 0.000000000000000000e+00 6.445197479571563217e+23
1.514976042199351126e+06 5.487580398538534791e+04 2.338077630895386250e+01 2.729844631198379297e+13 0.000000000000000000e+00 8.040213449814110928e+23
1.623188616642161971e+06 5.475647326227403391e+04 2.501823992745472935e+01 2.715488843305466406e+13 0.000000000000000000e+00 9.876257921753716328e+23
1.731401191084972816e+06 5.462937099119194318e+04 2.664898891919591506e+01 2.700198118529921484e+13 0.000000000000000000e+00 1.196940529211810257e+24
1.839613765527783660e+06 5.449380882752066827e+04 2.827259972454459813e+01 2.683983325872248047e+13 0.000000000000000000e+00 1.433553206280026291e+24
1.947826339970594505e+06 5.434967398202336335e+04 2.988864946368997977e+01 2.666856003917623438e+13 0.000000000000000000e+00 1.699029094297728088e+24
2.056038914413405117e+06 5.419796231026646274e+04 3.149666703660765066e+01 2.648828339354698047e+13 0.000000000000000000e+00 1.994892838315785114e+24
2.164251488856215961e+06 5.403874461932755366e+04 3.309621026684541789e+01 2.629913160077940625e+13 0.000000000000000000e+00 2.322656164744457307e+24
2.272464063299026806e+06 5.387013662706283503e+04 3.468684740670789068e+01 2.610123898431142578e+13 0.000000000000000000e+00 2.683800612167259014e+24
2.380676637741837651e+06 5.369420084657731059e+04 3.626814628862166501e+01 2.589474585511292969e+13 0.000000000000000000e+00 3.079772304645650964e+24
2.488889212184648495e+06 5.351080575064054574e+04 3.783967432513534845e+01 2.567979851168579688e+13 0.000000000000000000e+00 3.511981951719043225e+24
2.597101786627459340e+06 5.331822640499979025e+04 3.940099850891954247e+01 2.545654924006388281e+13 0.000000000000000000e+00 3.981804848404790371e+24
2.705314361070270184e+06 5.311862217785247776e+04 4.095168541276686369e+01 2.522515631381301953e+13 0.000000000000000000e+00 4.490580875198196311e+24
2.813526935513081029e+06 5.291069922288057569e+04 4.249130118959190128e+01 2.498578399403102344e+13 0.000000000000000000e+00 5.039614498072510534e+24
2.921739509955891408e+06 5.269480904247908620e+04 4.401941157243126668e+01 2.473860252934769141e+13 0.000000000000000000e+00 5.630174768478924887e+24
3.029952084398702253e+06 5.247156102138206188e+04 4.553558187654513745e+01 2.448378815581123438e+13 0.000000000000000000e+00 6.263495323620422837e+24
3.138164658841513097e+06 5.223956026489408396e+04 4.704079700158603572e+01 2.422144083237800781e+13 0.000000000000000000e+00 6.940969851614308856e+24
3.246377233284323942e+06 5.200892934633999539e+04 4.853561065079669845e+01 2.395166917286949219e+13 0.000000000000000000e+00 7.663933599721254608e+24
3.354589807727134787e+06 5.182392969565604290e+04 5.001900946860651942e+01 2.367467088726772656e+13 0.000000000000000000e+00 8.433469186964488744e+24
3.462802382169945631e+06 5.162191588778965524e+04 5.149005702640393167e+01 2.339064979436533594e+13 0.000000000000000000e+00 9.250608304435826262e+24
3.571014956612756476e+06 5.135826890841058048e+04 5.294789382253645726e+01 2.309981582176553125e+13 0.000000000000000000e+00 1.011633171529567925e+25
3.679227531055567320e+06 5.108760229713193257e+04 5.439173728231064331e+01 2.280238500588208984e+13 0.000000000000000000e+00 1.103156925477304723e+25
3.787440105498378165e+06 5.080922543740102992e+04 5.582088175799213303e+01 2.249857949193937500e+13 0.000000000000000000e+00 1.199719983016552250e+25
3.895652679941189010e+06 5.052324334623091272e+04 5.723469852880563025e+01 2.218862753397232812e+13 0.000000000000000000e+00 1.301405142083928801e+25
4.003865254383999854e+06 5.023062989638368890e+04 5.863263580093487803e+01 2.187276349482647266e+13 0.000000000000000000e+00 1.408290107822911737e+25
4.112077828826810233e+06 4.992958541706633696e+04 6.001421870752270848e+01 2.155122784615790625e+13 0.000000000000000000e+00 1.520447492583837696e+25
4.220290403269621544e+06 4.962187270973299746e+04 6.137904296823961658e+01 2.122426143590484766e+13 0.000000000000000000e+00 1.637945203968672531e+25
4.328502977712431923e+06 4.930746812073212641e+04 6.272673855173999158e+01 2.089208233217050000e+13 0.000000000000000000e+00 1.760849660045353808e+25
4.436715552155243233e+06 4.898487605366382923e+04 6.405696493736364516e+01 2.055492174488230469e+13 0.000000000000000000e+00 1.889223081492023603e+25
4.544928126598053612e+06 4.865560806261763355e+04 6.536938326849065106e+01 2.021301529110603516e+13 0.000000000000000000e+00 2.023121397512321703e+25
4.653140701040863991e+06 4.831962900927643932e+04 6.666365349444495791e+01 1.986660070292338281e+13 0.000000000000000000e+00 2.162594266726766242e+25
4.761353275483675301e+06 4.797671042595485051e+04 6.793943437049424006e+01 1.951591782743194531e+13 0.000000000000000000e+00 2.307685077172750904e+25
4.869565849926485680e+06 4.762623889298862196e+04 6.919638345784996147e+01 1.916120862674526953e+13 0.000000000000000000e+00 2.458430946304540633e+25
4.977778424369296990e+06 4.726910134644275240e+04 7.043415712366741843e+01 1.880271717799278906e+13 0.000000000000000000e+00 2.614862720993281726e+25
5.085990998812107369e+06 4.690528004614067322e+04 7.165241054104565421e+01 1.844068967331987500e+13 0.000000000000000000e+00 2.777004977526990233e+25
5.194203573254918680e+06 4.653477072007649986e+04 7.285079768902751596e+01 1.807537441988780859e+13 0.000000000000000000e+00 2.944876021610562269e+25
5.302416147697729059e+06 4.615757927193959767e+04 7.402897135259962624e+01 1.770702183987380469e+13 0.000000000000000000e+00 3.118487888365763701e+25
5.410628722140540369e+06 4.577370620961462555e+04 7.518658312269243993e+01 1.733588447047097461e+13 0.000000000000000000e+00 3.297846342331243040e+25
5.518841296583350748e+06 4.538318205276835943e+04 7.632328339618014468e+01 1.696221696388837109e+13 0.000000000000000000e+00 3.482950877462516831e+25
5.627053871026162058e+06 4.498603274487851013e+04 7.743873005716639568e+01 1.658627249976162695e+13 0.000000000000000000e+00 3.673792987548382292e+25
5.735266445468972437e+06 4.458228453706724395e+04 7.853260401576014260e+01 1.620830249128798047e+13 0.000000000000000000e+00 3.870357187440324949e+25
5.843479019911782816e+06 4.417198204992163664e+04 7.960458138134845285e+01 1.582856560970439453e+13 0.000000000000000000e+00 4.072624938500773899e+25
5.951691594354594126e+06 4.375517458573063777e+04 8.065433763373081888e+01 1.544732035302845703e+13 0.000000000000000000e+00 4.280570005803004542e+25
6.059904168797404505e+06 4.333194166110784863e+04 8.168154794229585036e+01 1.506482483836540234e+13 0.000000000000000000e+00 4.494158343826400683e+25
6.168116743240215816e+06 4.290233356591237680e+04 8.268588716602127420e+01 1.468133680190808398e+13 0.000000000000000000e+00 4.713348096456470419e+25
6.276329317683026195e+06 4.246643164057587273e+04 8.366702985347394872e+01 1.429711359893699609e+13 0.000000000000000000e+00 4.938089596984827241e+25
6.384541892125837505e+06 4.202433866542748001e+04 8.462465024280980685e+01 1.391241220382025391e+13 0.000000000000000000e+00 5.168325368109209789e+25
6.492754466568647884e+06 4.157613569660343637e+04 8.555842226177388454e+01 1.352748921001361719e+13 0.000000000000000000e+00 5.403990121933462961e+25
6.600967041011459194e+06 4.112139465114571794e+04 8.646801952770037758e+01 1.314260083006046289e+13 0.000000000000000000e+00 5.645010759967555083e+25
6.709179615454269573e+06 4.066015387576747162e+04 8.735311534751254214e+01 1.275800289559181641e+13 0.000000000000000000e+00 5.891306373127561599e+25
6.817392189897080883e+06 4.019303770427797281e+04 8.821338271772276585e+01 1.237395085732631641e+13 0.000000000000000000e+00 6.142788241735683099e+25
6.925604764339891262e+06 3.971973764855245827e+04 8.904849432443255353e+01 1.199069978507025000e+13 0.000000000000000000e+00 6.399359835520222994e+25
7.033817338782701641e+06 3.923972305862064241e+04 8.985812254333249882e+01 1.160850436771752344e+13 0.000000000000000000e+00 6.660916813615609844e+25
7.142029913225512952e+06 3.875419221904574079e+04 9.064193943970232681e+01 1.122761891324967773e+13 0.000000000000000000e+00 6.927347024562387055e+25
7.250242487668323331e+06 3.826154031065374147e+04 9.139961144401105742e+01 1.084829797339863867e+13 0.000000000000000000e+00 7.198529912805304228e+25
7.358455062111134641e+06 3.776348034343688050e+04 9.213081727389200637e+01 1.047079400829463867e+13 0.000000000000000000e+00 7.474335777419932817e+25
7.466667636553945020e+06 3.725822008316159190e+04 9.283521533258543457e+01 1.009535901796319141e+13 0.000000000000000000e+00 7.754624630279798998e+25
7.574880210996756330e+06 3.674717030325911765e+04 9.351249470048551871e+01 9.722239852448785156e+12 0.000000000000000000e+00 8.039250657044960170e+25
7.683092785439566709e+06 3.622975805916123500e+04 9.416228819764435798e+01 9.351687726039375000e+12 0.000000000000000000e+00 8.328054210408448187e+25
7.791305359882378019e+06 2.090289275914397149e+04 9.434276424964690477e+01 9.034180012564375000e+12 0.000000000000000000e+00 8.580714043032155750e+25
7.899517934325188398e+06 2.068856069090846722e+04 9.363748155537219020e+01 8.822661009697480469e+12 0.000000000000000000e+00 8.754780904355565684e+25
8.007730508767999709e+06 2.047613654291104467e+04 9.296682351141141964e+01 8.614844511068328125e+12 0.000000000000000000e+00 8.931846881869650611e+25
8.115943083210810088e+06 2.026550115735262079e+04 9.232858355681098317e+01 8.410605834394875000e+12 0.000000000000000000e+00 9.111893463867911932e+25
8.224155657653620467e+06 2.005654348884480714e+04 9.172074842797587735e+01 8.209829462793250977e+12 0.000000000000000000e+00 9.294901743066232251e+25
8.332368232096431777e+06 1.984916105974149832e+04 9.114142196764272796e+01 8.012408787745308594e+12 0.000000000000000000e+00 9.480850028265848625e+25
8.440580806539243087e+06 1.964325506473924543e+04 9.058880607277900765e+01 7.818243259186166016e+12 0.000000000000000000e+00 9.669714829691849250e+25
8.548793380982052535e+06 1.943873287216001336e+04 9.006120069458306432e+01 7.627238385504203125e+12 0.000000000000000000e+00 9.861470858993171741e+25
8.657005955424863845e+06 1.923550820042995474e+04 8.955700383848402168e+01 7.439305733541052734e+12 0.000000000000000000e+00 1.005609102924262031e+26
8.765218529867675155e+06 1.903349688597400382e+04 8.907471156414189295e+01 7.254362928591616211e+12 0.000000000000000000e+00 1.025354645493683658e+26
8.873431104310486466e+06 1.883254931314902569e+04 8.861291798544752396e+01 7.072333654404056641e+12 0.000000000000000000e+00 1.045380645199632187e+26
8.981643678753295913e+06 1.863254840186784349e+04 8.817031527052260742e+01 6.893147653179799805e+12 0.000000000000000000e+00 1.065683853776542695e+26
9.089856253196107224e+06 1.843353082376736347e+04 8.774566143365328230e+01 6.716738442030693359e+12 0.000000000000000000e+00 1.086260882592037680e+26
9.198068827638918534e+06 1.823542939176565415e+04 8.733774020613657285e+01 6.543041046953267578e+12 0.000000000000000000e+00 1.107108193789467721e+26
9.306281402081727982e+06 1.803818720758181007e+04 8.694547610258481996e+01 6.372000555630923828e+12 0.000000000000000000e+00 1.128221900851118658e+26
9.414493976524539292e+06 1.784175139435638994e+04 8.656784041323651024e+01 6.203565093829052734e+12 0.000000000000000000e+00 1.149597907827858563e+26
9.522706550967350602e+06 1.764607146202632430e+04 8.620384498841654874e+01 6.037685370827829102e+12 0.000000000000000000e+00 1.171231918114852693e+26
9.630919125410161912e+06 1.745092716874369216e+04 8.585254223853630151e+01 5.874314679422196289e+12 0.000000000000000000e+00 1.193119434451565717e+26
9.739131699852971360e+06 1.725628238581569894e+04 8.551302513409351036e+01 5.713408895921875977e+12 0.000000000000000000e+00 1.215255758921759658e+26
9.847344274295782670e+06 1.706223715198261198e+04 8.518442720567236393e+01 5.554926480151353516e+12 0.000000000000000000e+00 1.237635992953496300e+26
9.955556848738593981e+06 1.686875311946005968e+04 8.486592254394348345e+01 5.398828475449896484e+12 0.000000000000000000e+00 1.260255037319134606e+26
1.006376942318140529e+07 1.667575306792419724e+04 8.455672579966389435e+01 5.245078508671544922e+12 0.000000000000000000e+00 1.283107592135332611e+26
1.017198199762421474e+07 1.648285235337298218e+04 8.425609218367708309e+01 5.093642790185112305e+12 0.000000000000000000e+00 1.306188156863046049e+26
1.028019457206702605e+07 1.629039154340942878e+04 8.396331746691291187e+01 4.944490113874179688e+12 0.000000000000000000e+00 1.329491030307530068e+26
1.038840714650983736e+07 1.609834282329692724e+04 8.367773798038770394e+01 4.797591857137109375e+12 0.000000000000000000e+00 1.353010310618337511e+26
1.049661972095264681e+07 1.590633354471105667e+04 8.339873061520420094e+01 4.652921980887036133e+12 0.000000000000000000e+00 1.376739895289319609e+26
1.060483229539545812e+07 1.571451303893635668e+04 8.312571282255154870e+01 4.510457029551861328e+12 0.000000000000000000e+00 1.400673481158626318e+26
1.071304486983826943e+07 1.552302687897905707e+04 8.285814261370535405e+01 4.370176131074268066e+12 0.000000000000000000e+00 1.424804564408705809e+26
1.082125744428108074e+07 1.533134634586751054e+04 8.259551292745197770e+01 4.232060749792989746e+12 0.000000000000000000e+00 1.449126414887961671e+26
1.092947001872389019e+07 1.513987662641477073e+04 8.233724410437194763e+01 4.096089874231519531e+12 0.000000000000000000e+00 1.473631625261050694e+26
1.103768259316670150e+07 1.494838297387181228e+04 8.208281217300068988e+01 3.962245370815457520e+12 0.000000000000000000e+00 1.498312759541262925e+26
1.114589516760951281e+07 1.475678947102428720e+04 8.183174096065373249e+01 3.830511653795323730e+12 0.000000000000000000e+00 1.523162249301484020e+26
1.125410774205232412e+07 1.456520088389797456e+04 8.158356760738328717e+01 3.700874187899773926e+12 0.000000000000000000e+00 1.548172224867333471e+26
1.136232031649513356e+07 1.437336789287131978e+04 8.133784256597827778e+01 3.573319488335603516e+12 0.000000000000000000e+00 1.573334515317163404e+26
1.147053289093794487e+07 1.418142307924662418e+04 8.109412960196434028e+01 3.447835120787738281e+12 0.000000000000000000e+00 1.598640648482060810e+26
1.157874546538075618e+07 1.398926114266588047e+04 8.085200579360378015e+01 3.324409701419249512e+12 0.000000000000000000e+00 1.624081850945844971e+26
1.168695803982356563e+07 1.379672077924034602e+04 8.061106153189564338e+01 3.203032896871344727e+12 0.000000000000000000e+00 1.649649048045068317e+26
1.179517061426637694e+07 1.360403782135960137e+04 8.037090052057564549e+01 3.083695424263364258e+12 0.000000000000000000e+00 1.675332863869017799e+26
1.190338318870918825e+07 1.341081210786182419e+04 8.013113977611622829e+01 2.966389051192791016e+12 0.000000000000000000e+00 1.701123621259713177e+26
1.201159576315199956e+07 1.321717128991901518e+04 7.989140962772651733e+01 2.851106595735243164e+12 0.000000000000000000e+00 1.727011341811907013e+26
1.211980833759480901e+07 1.302314189586813882e+04 7.965135371735236447e+01 2.737841926444480469e+12 0.000000000000000000e+00 1.752985745873085704e+26
1.222802091203762032e+07 1.282862976811268527e+04 7.941062899967630528e+01 2.626589962352393066e+12 0.000000000000000000e+00 1.779036252543469829e+26
1.233623348648043163e+07 1.263343019521050883e+04 7.916890574211755904e+01 2.517346672969013672e+12 0.000000000000000000e+00 1.805151979676012426e+26
1.244444606092324294e+07 1.243755809181397126e+04 7.892586752483209978e+01 2.410109078282513672e+12 0.000000000000000000e+00 1.831321743876400027e+26
1.255265863536605239e+07 1.224101245712640593e+04 7.868121124071255679e+01 2.304875248759200195e+12 0.000000000000000000e+00 1.857534060503052312e+26
1.266087120980886370e+07 1.204372031165510816e+04 7.843464709538828572e+01 2.201644305343515137e+12 0.000000000000000000e+00 1.883777143667123481e+26
1.276908378425167501e+07 1.184561372595086868e+04 7.818586395754839202e+01 2.100415605169667236e+12 0.000000000000000000e+00 1.910038310489431749e+26
1.287729635869448446e+07 1.164662722352816490e+04 7.793452763660775418e+01 2.001188004236535889e+12 0.000000000000000000e+00 1.936304199546033344e+26
1.298550893313729577e+07 1.144666595763672012e+04 7.768034309937021931e+01 1.903961680159624512e+12 0.000000000000000000e+00 1.962561690841195828e+26
1.309372150758010708e+07 1.124551662725669303e+04 7.742301519970392576e+01 1.808737712435108398e+12 0.000000000000000000e+00 1.988797042500442761e+26
1.320193408202291839e+07 1.104327850624296480e+04 7.716224833023311191e+01 1.715518076160571289e+12 0.000000000000000000e+00 2.014995884080016173e+26
1.331014665646572784e+07 1.083992244989981009e+04 7.689774642233814461e+01 1.624305642035010254e+12 0.000000000000000000e+00 2.041143216566877936e+26
1.341835923090853915e+07 1.063504229804977876e+04 7.662921294615549073e+01 1.535104176358826172e+12 0.000000000000000000e+00 2.067223412378709079e+26
1.352657180535135046e+07 1.042888187873024435e+04 7.635635091057771717e+01 1.447918341033836182e+12 0.000000000000000000e+00 2.093220215363908756e+26
1.363478437979416177e+07 1.022098741221144155e+04 7.607886286325353353e+01 1.362753693563266602e+12 0.000000000000000000e+00 2.119116740801595618e+26
1.374299695423697121e+07 1.001149673408700073e+04 7.579645089058777785e+01 1.279616687051754883e+12 0.000000000000000000e+00 2.144895475401607131e+26
1.385120952867978252e+07 9.800186998308581678e+03 7.550881661774134557e+01 1.198514670205345215e+12 0.000000000000000000e+00 2.170538277304500603e+26
1.395942210312259383e+07 9.586846844365394645e+03 7.521566120863131744e+01 1.119455887331496094e+12 0.000000000000000000e+00 2.196026376081551123e+26
1.406763467756540328e+07 9.371286205488144333e+03 7.491668536593084582e+01 1.042449478339076416e+12 0.000000000000000000e+00 2.221340372734752937e+26
1.417584725200821459e+07 9.153346446573366848e+03 7.461157411717130117e+01 9.675060135509978027e+11 0.000000000000000000e+00 2.246459690230377434e+26
1.428405982645102590e+07 8.932887018606867059e+03 7.429997236454678955e+01 8.946379393224344482e+11 0.000000000000000000e+00 2.271361810762748337e+26
1.439227240089383721e+07 8.709495036903517757e+03 7.398153619585100671e+01 8.238581658365319824e+11 0.000000000000000000e+00 2.296023990643220125e+26
1.450048497533664666e+07 8.483035108260661218e+03 7.365589876275946324e+01 7.551819226906987305e+11 0.000000000000000000e+00 2.320421822091758963e+26
1.460869754977945797e+07 8.253074056321660464e+03 7.332266799850557959e+01 6.886268552239189453e+11 0.000000000000000000e+00 2.344529145855198783e+26
1.471691012422226928e+07 8.019236659104604769e+03 7.298142661788068608e+01 6.242130245167597656e+11 0.000000000000000000e+00 2.368318051207237162e+26
1.482512269866508059e+07 7.781195968239167996e+03 7.263173211723400868e+01 5.619629073913664551e+11 0.000000000000000000e+00 2.391758875948438073e+26
1.493333527310789004e+07 7.538243158452798525e+03 7.227311677447265481e+01 5.019013964114640503e+11 0.000000000000000000e+00 2.414820206406231536e+26
1.504154784755070135e+07 7.289787239789926389e+03 7.190507196197458484e+01 4.440568672938553467e+11 0.000000000000000000e+00 2.437468187405825877e+26
1.514976042199351266e+07 7.035143450922470947e+03 7.152701753657372308e+01 3.884629882812370605e+11 0.000000000000000000e+00 2.459665256831728594e+26
1.525797299643632211e+07 6.773195021465045102e+03 7.113831405658436324e+01 3.351584002351423340e+11 0.000000000000000000e+00 2.481370574085093875e+26
1.536618557087913342e+07 6.502851449393831899e+03 7.073821186569421116e+01 2.841907565157178955e+11 0.000000000000000000e+00 2.502537635875921387e+26
1.547439814532194473e+07 6.222492008746673491e+03 7.032584874553428733e+01 2.356168950644686890e+11 0.000000000000000000e+00 2.523114169747349425e+26
1.558261071976475604e+07 5.929973749191130992e+03 6.990024445291587085e+01 1.895032405867230530e+11 0.000000000000000000e+00 2.543041899509614535e+26
1.569082329420756549e+07 5.622363928296077574e+03 6.946019320552863974e+01 1.459338735033366089e+11 0.000000000000000000e+00 2.562251928302294825e+26
1.579903586865037680e+07 5.295414549326733322e+03 6.900416518281494405e+01 1.050186252636992188e+11 0.000000000000000000e+00 2.580660377990175100e+26
1.590724844309318811e+07 4.942388082922925605e+03 6.853018510401687990e+01 6.690278232672541046e+10 0.000000000000000000e+00 2.598163082291158684e+26
1.601546101753599942e+07 4.551757966644061526e+03 6.803550565969266017e+01 3.179277985485223389e+10 0.000000000000000000e+00 2.614621842584024243e+26
1.612367359197880886e+07 4.099950890197299486e+03 6.751590563479983587e+01 1.211870452795791626e+07 0.000000000000000000e+00 2.629834804366851370e+26
