# Radius (m)	Density (kg/m^3)	Gravity (m/s^2)	Pressure (Pa)	Temperature (K)	Mass Enclosed (kg)
0.000000000000000000e+00 2.240291112893488025e+04 0.000000000000000000e+00 2.191787885171452881e+12 1.241906549002117515e+08 0.000000000000000000e+00
6.399199893530633562e+04 2.240203673036029795e+04 4.008148578412258911e-01 2.191500562211774170e+12 1.232699268422571421e+08 2.459173593985971405e+19
1.279839978706126712e+05 2.239941386323799088e+04 8.015735486908278640e-01 2.190638701309518311e+12 1.228399726704300493e+08 1.967196671444942848e+20
1.919759968059190142e+05 2.239504350718696514e+04 1.202219398123981486e+00 2.189202624362544434e+12 1.219847176245308518e+08 6.638489674875056947e+20
2.559679957412253425e+05 2.238890502205363373e+04 1.602695772104521854e+00 2.187192872535214600e+12 1.207133823141020685e+08 1.573320397564910764e+21
3.199599946765317000e+05 2.238094415865348856e+04 2.002945022428896937e+00 2.184610206206819824e+12 1.190395858580277860e+08 3.072238316283077067e+21
3.839519936118380283e+05 2.237122034859935593e+04 2.402908929322501219e+00 2.181455604055243408e+12 1.169810978411496431e+08 5.307402583338673766e+21
4.479439925471443566e+05 2.235973727566377056e+04 2.802531395982795992e+00 2.177730261171368652e+12 1.145595100231736600e+08 8.425230887291447149e+21
5.119359914824506850e+05 2.234649929171464464e+04 3.201755942427813473e+00 2.173435589389836182e+12 1.117998470445705056e+08 1.257200029906737352e+22
5.759279904177570716e+05 2.233151140032923649e+04 3.600526064158317219e+00 2.168573211973082764e+12 1.087301236173676103e+08 1.789336302122121245e+22
6.399199893530633999e+05 2.231477925510522618e+04 3.998785468313495794e+00 2.163144963063414551e+12 1.053808580599047989e+08 2.453429237196154470e+22
7.039119882883697283e+05 2.229630915966071188e+04 4.396478073670967213e+00 2.157152887683008301e+12 1.017845544764289111e+08 3.263908278515075855e+22
7.679039872236760566e+05 2.227610806763419532e+04 4.793548010646775381e+00 2.150599241733910889e+12 9.797516633022587001e+07 4.235134981030507289e+22
8.318959861589823849e+05 2.225418358268460725e+04 5.189939621295394545e+00 2.143486491998039551e+12 9.398755404557597637e+07 5.381403011259453302e+22
8.958879850942887133e+05 2.223045861971640261e+04 5.585597459309720847e+00 2.135817316137181641e+12 8.985695166277080774e+07 6.716938147284295195e+22
9.598799840295950416e+05 2.220478567684680456e+04 5.980463048109564639e+00 2.127594636499840088e+12 8.561846197201162577e+07 8.255793006169004232e+22
1.023871982964901370e+06 2.217739440801946330e+04 6.374476032867110398e+00 2.118821601418837646e+12 8.130656702713707089e+07 1.001195639921785742e+23
1.087863981900207698e+06 2.214829516944090574e+04 6.767579627798148145e+00 2.109501527840307129e+12 7.695463653438863158e+07 1.199944978758865382e+23
1.151855980835514143e+06 2.211749897373514250e+04 7.159716897237185407e+00 2.099637942951593018e+12 7.259453498569811881e+07 1.423214125192352964e+23
1.215847979770820355e+06 2.208501501323316916e+04 7.550830736613431071e+00 2.089234584387377197e+12 6.825627216934892535e+07 1.672374473683734637e+23
1.279839978706126800e+06 2.205041930973125636e+04 7.940863872450805161e+00 2.078295400229678467e+12 6.396771789383062720e+07 1.948782005091775451e+23
1.343831977641433012e+06 2.201414218320481814e+04 8.329758862367921068e+00 2.066824549007852783e+12 5.975438442950735986e+07 2.253777286672509630e+23
1.407823976576739457e+06 2.197619745075576066e+04 8.717458095078107760e+00 2.054826399698593506e+12 5.563916074203569442e+07 2.588685472079250635e+23
1.471815975512045668e+06 2.193659959503597202e+04 9.103903790389388462e+00 2.042305531725931396e+12 5.164222010260709375e+07 2.954816301362582441e+23
1.535807974447352113e+06 2.189485433610297332e+04 9.489037999204494866e+00 2.029266734961233643e+12 4.778098267451494932e+07 3.353464100970368934e+23
1.599799973382658325e+06 2.185144278104921250e+04 9.872802603520861808e+00 2.015715009723205566e+12 4.407012769963513315e+07 3.785907783747740820e+23
1.663791972317964770e+06 2.180640480464948632e+04 1.025513931643062904e+01 2.001655566777888916e+12 4.052154341801895201e+07 4.253410848937112072e+23
1.727783971253270982e+06 2.175941863005190680e+04 1.063598968212063767e+01 1.987093827338663086e+12 3.714444777439831942e+07 4.757221382178164158e+23
1.791775970188577427e+06 2.171055535791075818e+04 1.101529507587243728e+01 1.972035423066244629e+12 3.394554388629561663e+07 5.298572055507859124e+23
1.855767969123883639e+06 2.166009940676074621e+04 1.139299670406227349e+01 1.956486196068687256e+12 3.092913082743146271e+07 5.878680127360425504e+23
1.919759968059190083e+06 2.160767600325308740e+04 1.176903373951718734e+01 1.940452150625664062e+12 2.809727153645536304e+07 6.498712527056246690e+23
1.983751966994496295e+06 2.155340048274189758e+04 1.214334443357143911e+01 1.923939428382363770e+12 2.545003319359271973e+07 7.159790057405734904e+23
2.047743965929802740e+06 2.149757274202363260e+04 1.251587207794973367e+01 1.906954460439740723e+12 2.298566162836354971e+07 7.863095609851213953e+23
2.111735964865108952e+06 2.143953495587046200e+04 1.288655959678251328e+01 1.889503869706205078e+12 2.070079768082620949e+07 8.609784533527507512e+23
2.175727963800415397e+06 2.137990595950439456e+04 1.325534935999619535e+01 1.871594466883187012e+12 1.859073798080131039e+07 9.400981376239985177e+23
2.239719962735721841e+06 2.131838967291383960e+04 1.362218318331314570e+01 1.853233250465136230e+12 1.664959509446636774e+07 1.023777988446455979e+24
2.303711961671028286e+06 2.125496251168957679e+04 1.398700232825169998e+01 1.834427406739522949e+12 1.487054722007947043e+07 1.112124300334768205e+24
2.367703960606334265e+06 2.118986304594278408e+04 1.434974750212614758e+01 1.815184309786836426e+12 1.324602986086177453e+07 1.205240287670634189e+24
2.431695959541640710e+06 2.112265140171861640e+04 1.471035885804675125e+01 1.795511521480586182e+12 1.176791683863437362e+07 1.303226084702808990e+24
2.495687958476947155e+06 2.105387080011025682e+04 1.506877599491972397e+01 1.775416791487301270e+12 1.042771096248502471e+07 1.406178745547099445e+24
2.559679957412253600e+06 2.098289027789365355e+04 1.542493795744724494e+01 1.754908057266530762e+12 9.216677610259175301e+06 1.514192244186368455e+24
2.623671956347559579e+06 2.091033367016475677e+04 1.577878323612744893e+01 1.733993444070843750e+12 8.126010126905712299e+06 1.627357474470531235e+24
2.687663955282866023e+06 2.083561337141986587e+04 1.613024976725444404e+01 1.712681264945828857e+12 7.146926798072227277e+06 1.745762250116559605e+24
2.751655954218172468e+06 2.075919760846865393e+04 1.647927493291829038e+01 1.690980020730094482e+12 6.270797941229098476e+06 1.869491304708478232e+24
2.815647953153478913e+06 2.068077222165200510e+04 1.682579556100500895e+01 1.668898400055269043e+12 5.489215686419603415e+06 1.998626291697365436e+24
2.879639952088784892e+06 2.060041905672838766e+04 1.716974792519658521e+01 1.646445279346000977e+12 4.794078097424945794e+06 2.133245784401354531e+24
2.943631951024091337e+06 2.051833084081700508e+04 1.751106774497096907e+01 1.623629722819958008e+12 4.177638891229278874e+06 2.273425276005633292e+24
3.007623949959397782e+06 2.043396955922827328e+04 1.784969018560206422e+01 1.600460982487827881e+12 3.632550331485528965e+06 2.419237179562443948e+24
3.071615948894704226e+06 2.034789132747422263e+04 1.818554985815974234e+01 1.576948498153318604e+12 3.151900046875293367e+06 2.570750827991081312e+24
3.135607947830010671e+06 2.025983743306151155e+04 1.851858081950983248e+01 1.553101897413157471e+12 2.729217353865550365e+06 2.728032474077896261e+24
3.199599946765316650e+06 2.016962905034843789e+04 1.884871657231412101e+01 1.528930995657092041e+12 2.358491476612656377e+06 2.891145290476291717e+24
3.263591945700623095e+06 2.007759244352383394e+04 1.917589006503037297e+01 1.504445796067889160e+12 2.034170613040220225e+06 3.060149369706727745e+24
3.327583944635929540e+06 1.998365077387380006e+04 1.950003369191229297e+01 1.479656489621335693e+12 1.751150896987383952e+06 3.235101724156716718e+24
3.391575943571235985e+06 1.988737687132512656e+04 1.982107931285304758e+01 1.454573431991157959e+12 1.504768820875593927e+06 3.416053183673559981e+24
3.455567942506541964e+06 1.978917234252864000e+04 2.013896045164747406e+01 1.429207040266007080e+12 1.290785496337143471e+06 3.603040710331235729e+24
3.519559941441848408e+06 1.968899199346917885e+04 2.045361235694283408e+01 1.403567949487525146e+12 1.105361396556341555e+06 3.796109845599901616e+24
3.583551940377154853e+06 1.958679106597076316e+04 2.076496886104403927e+01 1.377666984718523682e+12 9.450364552863980643e+05 3.995302340570051775e+24
3.647543939312461298e+06 1.948238713361315604e+04 2.107296221311734286e+01 1.351515150889635986e+12 8.067066202140185051e+05 4.200654300929276655e+24
3.711535938247767277e+06 1.937577775298224151e+04 2.137752307919032901e+01 1.325123632799316406e+12 6.875986949666063301e+05 4.412196186962264634e+24
3.775527937183073722e+06 1.926706157931804046e+04 2.167858054215191643e+01 1.298503795113841309e+12 5.852438326859915396e+05 4.629952813550803628e+24
3.839519936118380167e+06 1.915620162199773040e+04 2.197606210175235830e+01 1.271667182367308105e+12 4.974520321619181195e+05 4.853943350173775721e+24
3.903511935053686611e+06 1.904315568201343558e+04 2.226989367460324587e+01 1.244625518961636475e+12 4.222880005859062076e+05 5.084181320907158240e+24
3.967503933988992590e+06 1.892788830444694759e+04 2.255999959417749423e+01 1.217390709166567383e+12 3.580474288287147065e+05 5.320674604424028588e+24
4.031495932924299035e+06 1.881036468136802432e+04 2.284630261080936720e+01 1.189974837119662598e+12 3.032342690657990752e+05 5.563425433994561558e+24
4.095487931859605480e+06 1.869054971204348112e+04 2.312872389169445597e+01 1.162390166826306641e+12 2.565393609434310347e+05 5.812430397486027185e+24
4.159479930794911925e+06 1.856841800793352741e+04 2.340718302088968272e+01 1.134649142159705322e+12 2.168204942427592177e+05 6.067680437362791822e+24
4.223471929730217904e+06 1.844393515584493434e+04 2.368159799931331122e+01 1.106764386860885742e+12 1.830839557242462761e+05 6.329160850686318138e+24
4.287463928665524349e+06 1.831707341368973721e+04 2.395188524474493974e+01 1.078748704538696045e+12 1.544675958954587986e+05 6.596851289115169414e+24
4.351455927600830793e+06 1.818780638232789352e+04 2.421795959182549041e+01 1.050615078669807373e+12 1.302253650693392119e+05 6.870725758905004174e+24
4.415447926536137238e+06 1.805606171065154922e+04 2.447973429205723050e+01 1.022376672598711060e+12 1.097133035332779109e+05 7.150752620908576185e+24
4.479439925471443683e+06 1.792161017284257832e+04 2.473712101380375827e+01 9.940468295377208252e+11 9.237695023306010989e+04 7.436894590575738752e+24
4.543431924406750128e+06 1.778464810780706466e+04 2.499002984229001001e+01 9.656390725669716797e+11 7.774000026858085766e+04 7.729108737953439349e+24
4.607423923342056572e+06 1.764516056950781785e+04 2.523836927960224585e+01 9.371671046344204102e+11 6.539400673403550172e+04 8.027346487685723915e+24
4.671415922277362086e+06 1.750291373300846681e+04 2.548204660242134523e+01 9.086448837683472900e+11 5.498954330587435106e+04 8.331548918750129682e+24
4.735407921212668531e+06 1.735781913954775519e+04 2.572096093639697045e+01 8.800867866115859375e+11 4.622834214449848514e+04 8.641643556572260270e+24
4.799399920147974975e+06 1.721012814660641743e+04 2.595501077378518318e+01 8.515072381826455078e+11 3.885620533303517732e+04 8.957554425258482673e+24
4.863391919083281420e+06 1.705922086585114448e+04 2.618410032254094943e+01 8.229206107552927246e+11 3.265684301843358844e+04 9.279200372618300272e+24
4.927383918018587865e+06 8.619463004295164865e+03 2.635683265265554454e+01 7.959604224349835205e+11 2.784273238400837363e+04 9.587824060650236401e+24
4.991375916953894310e+06 8.571528568101626661e+03 2.613670067176271061e+01 7.816567528189942627e+11 2.513417787028615203e+04 9.756311954520477027e+24
5.055367915889200754e+06 8.524091824903407542e+03 2.593220941354497455e+01 7.674157469538431396e+11 2.303547620418294173e+04 9.929775085561560510e+24
5.119359914824507199e+06 8.476855210469544545e+03 2.573853292675724447e+01 7.533617633473369141e+11 2.113660738503870743e+04 1.010670216133569630e+25
5.183351913759813644e+06 8.429797410929466423e+03 2.555508550678831980e+01 7.394876537077537842e+11 1.941592385292036124e+04 1.028710277932145694e+25
5.247343912695119157e+06 8.382842223322071732e+03 2.538130858311399507e+01 7.257868984001578369e+11 1.785447666847491564e+04 1.047098278395796198e+25
5.311335911630425602e+06 8.335956901550067414e+03 2.521667626050495414e+01 7.122529620433710938e+11 1.643559283546041843e+04 1.065835106004273006e+25
5.375327910565732047e+06 8.289196251958925131e+03 2.506071433807602133e+01 6.988799811044185791e+11 1.514456452103871015e+04 1.084921507849699261e+25
5.439319909501038492e+06 8.242542061582716997e+03 2.491297290161952205e+01 6.856625126265677490e+11 1.396838297072892237e+04 1.104358015795449373e+25
5.503311908436344936e+06 8.195976376815258845e+03 2.477302164363716486e+01 6.725953757051308594e+11 1.289552515424407648e+04 1.124145044841086260e+25
5.567303907371651381e+06 8.149481403829500778e+03 2.464044986334001308e+01 6.596736514874648438e+11 1.191576664853643342e+04 1.144282893122363276e+25
5.631295906306957826e+06 8.102985588194641423e+03 2.451486646664850255e+01 6.468926831729711914e+11 1.102001974938977582e+04 1.164771741911222284e+25
5.695287905242264271e+06 8.056489250409302258e+03 2.439589996619243450e+01 6.342480760130960693e+11 1.020019502141045086e+04 1.185611655615794939e+25
5.759279904177569784e+06 8.010019673047431752e+03 2.428319848131097913e+01 6.217356973113308105e+11 9.449074891413190926e+03 1.206802581780401619e+25
5.823271903112876229e+06 7.963561076637475708e+03 2.417642973805266848e+01 6.093516764232105713e+11 8.760207294093932433e+03 1.228344351085553352e+25
5.887263902048182674e+06 7.917098141972996018e+03 2.407528106917540711e+01 5.970924047563159180e+11 8.127817519378612815e+03 1.250236677347949032e+25
5.951255900983489119e+06 7.870616176474115491e+03 2.397945941414646143e+01 5.849545357702716064e+11 7.546729611341099371e+03 1.272479157520477987e+25
6.015247899918795563e+06 7.824101065300184928e+03 2.388869131914247745e+01 5.729349849767475586e+11 7.012297226917927219e+03 1.295071271692218056e+25
6.079239898854102008e+06 7.777538677552288391e+03 2.380271990058690790e+01 5.610308961238085938e+11 6.520343312583250736e+03 1.318012372891841556e+25
6.143231897789408453e+06 7.730914858984102466e+03 2.372127353257387838e+01 5.492393049864519653e+11 6.067107511709226856e+03 1.341301583672982990e+25
6.207223896724714898e+06 7.684192110623009285e+03 2.364411485816580694e+01 5.375576952949383545e+11 5.649200476651115423e+03 1.364937961045438817e+25
6.271215895660021342e+06 7.637376091107638786e+03 2.357102361434008131e+01 5.259837816237758179e+11 5.263563433177207116e+03 1.388920434068479385e+25
6.335207894595326856e+06 7.590469395541749691e+03 2.350178671288158583e+01 5.145153958791640625e+11 4.907431151161538764e+03 1.413247770040120986e+25
6.399199893530633301e+06 7.543460209298276823e+03 2.343619824038271560e+01 5.031504872989937744e+11 4.578300723521995678e+03 1.437918574497126718e+25
6.463191892465939745e+06 7.496336844096398636e+03 2.337405945824337650e+01 4.918871224528475342e+11 4.273904524900573961e+03 1.462931291215004545e+25
6.527183891401246190e+06 7.449088271452847948e+03 2.331517880267098874e+01 4.807234852419993286e+11 3.992185860595420309e+03 1.488284202208009025e+25
6.591175890336552635e+06 7.401704005387127836e+03 2.325937188468047623e+01 4.696578768994144897e+11 3.731277269027309558e+03 1.513975427729140657e+25
6.655167889271859080e+06 7.354173029602205133e+03 2.320646149009427717e+01 4.586887159897499390e+11 3.489481280002629319e+03 1.540002926270145885e+25
6.719159888207165524e+06 7.306485821260374905e+03 2.315627757954234056e+01 4.478145384093538818e+11 3.265253332504544233e+03 1.566364494561517099e+25
6.783151887142471969e+06 7.258632772184953865e+03 2.310865728846211553e+01 4.370339973862662354e+11 3.057186550220647405e+03 1.593057767572492632e+25
6.847143886077777483e+06 7.210592094572422866e+03 2.306344492709857263e+01 4.263458634802182617e+11 2.863998254452420497e+03 1.620080218511056333e+25
6.911135885013083927e+06 7.162332584596950255e+03 2.302049198050418610e+01 4.157490245826324463e+11 2.684518107895389676e+03 1.647429158823939284e+25
6.975127883948390372e+06 7.113873111023987803e+03 2.297965710853894450e+01 4.052424859166230469e+11 2.517677241760252400e+03 1.675101738196617866e+25
7.039119882883696817e+06 7.065206195550097618e+03 2.294080614587034006e+01 3.948253700369956055e+11 2.362497961681918241e+03 1.703094944553314190e+25
7.103111881819003262e+06 7.016324484034736088e+03 2.290381210197337580e+01 3.844969168302474365e+11 2.218085419089994502e+03 1.731405604056996313e+25
7.167103880754309706e+06 6.967221478981637119e+03 2.286855516113057263e+01 3.742564835145668945e+11 2.083619989571207952e+03 1.760030381109379094e+25
7.231095879689616151e+06 6.917891228226095336e+03 2.283492268243195511e+01 3.641035446398339844e+11 1.958350321434636271e+03 1.788965778350922264e+25
7.295087878624922596e+06 6.868284985874690392e+03 2.280280234651959148e+01 3.540376129712008667e+11 1.841587215322693282e+03 1.818207982054813427e+25
7.359079877560229041e+06 6.818374820969898792e+03 2.277206762951318098e+01 3.440580562902088623e+11 1.732698400739949648e+03 1.847752673845590397e+25
7.423071876495534554e+06 6.768214164980321584e+03 2.274261353780397243e+01 3.341645086497486572e+11 1.631103090558187660e+03 1.877595858977603487e+25
7.487063875430840999e+06 6.717798165162879741e+03 2.271433910196348194e+01 3.243566867878665161e+11 1.536266693440699100e+03 1.907733312382954365e+25
7.551055874366147444e+06 6.667029951563306895e+03 2.268714539731971058e+01 3.146343680358275757e+11 1.447697376160744170e+03 1.938160527383309658e+25
7.615047873301453888e+06 6.615948325505888533e+03 2.266093554395713028e+01 3.049973903181152954e+11 1.364942920418422545e+03 1.968872715689903962e+25
7.679039872236760333e+06 6.564595569030267143e+03 2.263561470671668374e+01 2.954456521524312744e+11 1.287586322490113389e+03 1.999864807403538118e+25
7.743031871172066778e+06 6.512821688759220706e+03 2.261109009519579160e+01 2.859791126496958008e+11 1.215242922632914997e+03 2.031131451014579863e+25
7.807023870107373223e+06 6.460747452258170597e+03 2.258727096374834176e+01 2.765977915140473633e+11 1.147558535142973824e+03 2.062667013402963395e+25
7.871015869042679667e+06 6.408276224119441395e+03 2.256406861148469645e+01 2.673017690428428650e+11 1.084205685196399600e+03 2.094465579838190665e+25
7.935007867977985181e+06 6.355444282388184547e+03 2.254139638227170295e+01 2.580911861266578369e+11 1.024882175369298920e+03 2.126520953979329228e+25
7.998999866913291626e+06 6.302184071153685181e+03 2.251916966473266513e+01 2.489662442492856445e+11 9.693086426862661256e+02 2.158826657875014391e+25
8.062991865848598070e+06 6.248565669154802890e+03 2.249730589224736832e+01 2.399272054877386475e+11 9.172268888606552082e+02 2.191375931963447494e+25
8.126983864783904515e+06 6.194433941706321093e+03 2.247572454295207223e+01 2.309743925122473145e+11 8.683978477773138138e+02 2.224161735072397200e+25
8.190975863719210960e+06 6.139892385580893460e+03 2.245434713973951091e+01 2.221081885862605286e+11 8.226006726065526209e+02 2.257176744419198206e+25
8.254967862654517405e+06 6.084904072070932671e+03 2.243309725025888568e+01 2.133290375664456482e+11 7.796304270213443033e+02 2.290413355610752529e+25
8.318959861589823849e+06 6.029402725005708817e+03 2.241190048691587577e+01 2.046374439026882935e+11 7.392972392085947604e+02 2.323863682643528654e+25
8.382951860525130294e+06 5.973378457089709627e+03 2.239068450687263834e+01 1.960339726380925903e+11 7.014253062971820327e+02 2.357519557903562812e+25
8.446943859460435808e+06 5.916832714262276568e+03 2.236937901204779422e+01 1.875192494089812012e+11 6.658515438642285744e+02 2.391372532166455984e+25
8.510935858395742252e+06 5.859737243392948585e+03 2.234791574911644219e+01 1.790939604448945923e+11 6.324245250386951511e+02 2.425413874597378189e+25
8.574927857331048697e+06 5.802066607374237719e+03 2.232622850951015536e+01 1.707588525685923157e+11 6.010036780431798888e+02 2.459634572751065051e+25
8.638919856266355142e+06 5.743799628628972641e+03 2.230425179614635312e+01 1.625147363564374695e+11 5.714584555559745240e+02 2.494025186820601516e+25
8.702911855201661587e+06 5.684878574112446586e+03 2.228190607683112390e+01 1.543624856523022156e+11 5.436675776740247557e+02 2.528574414805125053e+25
8.766903854136968032e+06 5.625283319756192213e+03 2.225912073840650152e+01 1.463029536923957520e+11 5.175184075769112724e+02 2.563271746418686197e+25
8.830895853072274476e+06 5.565024983952874209e+03 2.223582835914942279e+01 1.383370608874747925e+11 4.929061704998333084e+02 2.598106462817964177e+25
8.894887852007580921e+06 5.503993199893002384e+03 2.221196024475785791e+01 1.304658143388677368e+11 4.697333325529649528e+02 2.633067103708014456e+25
8.958879850942887366e+06 5.442223326487744998e+03 2.218744642835080683e+01 1.226903078384749603e+11 4.479092662573673351e+02 2.668141467342264432e+25
9.022871849878193811e+06 5.379625317239853757e+03 2.216221567046828866e+01 1.150117218687686462e+11 4.273495061912996107e+02 2.703316610522516021e+25
9.086863848813500255e+06 5.316160295913321534e+03 2.213619545907135944e+01 1.074313236027928314e+11 4.079754841042183671e+02 2.738578848598944790e+25
9.150855847748806700e+06 5.251793366455956857e+03 2.210931200954209785e+01 9.995046690416339111e+10 3.897140319624270433e+02 2.773913755470100394e+25
9.214847846684113145e+06 5.186435603545176491e+03 2.208149026468361242e+01 9.257059232706803894e+10 3.724969730798973728e+02 2.809306163582906144e+25
9.278839845619419590e+06 5.120079707569881066e+03 2.205265389472004145e+01 8.529322711626640320e+10 3.562608213368501993e+02 2.844740163932659004e+25
9.342831844554724172e+06 5.052608349956512029e+03 2.202272529729654593e+01 7.811998520709005737e+10 3.409463495281957535e+02 2.880199106063028737e+25
9.406823843490030617e+06 4.983978610534057225e+03 2.199162559747931667e+01 7.105256722544189453e+10 3.264984162182085470e+02 2.915665598066062195e+25
9.470815842425337061e+06 4.914082690885446937e+03 2.195927464775557780e+01 6.409276048779724121e+10 3.128656009764827672e+02 2.951121506582176881e+25
9.534807841360643506e+06 4.842840204339704542e+03 2.192559102803356907e+01 5.724243900120310974e+10 3.000000000000000000e+02 2.986547956800164812e+25
