# Radius (m)	Density (kg/m^3)	Gravity (m/s^2)	Pressure (Pa)	Temperature (K)	Mass Enclosed (kg)
0.000000000000000000e+00 5.640010837075406744e+04 0.000000000000000000e+00 2.916785022808002734e+13 0.000000000000000000e+00 0.000000000000000000e+00
1.086159637505197461e+05 5.639590524432719394e+04 1.712675250018329320e+00 2.916260410278486328e+13 0.000000000000000000e+00 3.027302235255413801e+20
2.172319275010394922e+05 5.638329886918106058e+04 3.424890586852845864e+00 2.914686947650487891e+13 0.000000000000000000e+00 2.421522235500644008e+21
3.258478912515592529e+05 5.636229826984959072e+04 5.136188567660047610e+00 2.912065761319714844e+13 0.000000000000000000e+00 8.170798161609714827e+21
4.344638550020789844e+05 5.633291842409786477e+04 6.846108911330664348e+00 2.908398720733437500e+13 0.000000000000000000e+00 1.936143383478814114e+22
5.430798187525987159e+05 5.629518034925530810e+04 8.554195412333539750e+00 2.903688449166150391e+13 0.000000000000000000e+00 3.780055878047329000e+22
6.516957825031185057e+05 5.624911096267805988e+04 1.025999283108490445e+01 2.897938306303205859e+13 0.000000000000000000e+00 6.528787330106103169e+22
7.603117462536381790e+05 5.619474304200321785e+04 1.196304763895356515e+01 2.891152383279955859e+13 0.000000000000000000e+00 1.036144533512175705e+23
8.689277100041579688e+05 5.613204655701607408e+04 1.366290651039512305e+01 2.883335505546689453e+13 0.000000000000000000e+00 1.545623632630808859e+23
9.775436737546777586e+05 5.606033207564303302e+04 1.535908104854288680e+01 2.874493319443950000e+13 0.000000000000000000e+00 2.198974265958144965e+23
1.086159637505197432e+06 5.598035354612125957e+04 1.705110564301406839e+01 2.864632200340591797e+13 0.000000000000000000e+00 3.013822267852865426e+23
1.194775601255717222e+06 5.589216819856581424e+04 1.873853176777349461e+01 2.853759204542658203e+13 0.000000000000000000e+00 4.007645377963111492e+23
1.303391565006237011e+06 5.579583897073540720e+04 2.042091117473301765e+01 2.841882092091977344e+13 0.000000000000000000e+00 5.197717306020294820e+23
1.412007528756756801e+06 5.569143450803228188e+04 2.209779589375153108e+01 2.829009326766162500e+13 0.000000000000000000e+00 6.601107731839097472e+23
1.520623492507276358e+06 5.557870497429984971e+04 2.376873823263496277e+01 2.815150076078610156e+13 0.000000000000000000e+00 8.234682305317468562e+23
1.629239456257796148e+06 5.545689110669637739e+04 2.543329077713628195e+01 2.800314211278503516e+13 0.000000000000000000e+00 1.011510264643664069e+24
1.737855420008315938e+06 5.532714531439734128e+04 2.709100639095549212e+01 2.784512307350808594e+13 0.000000000000000000e+00 1.225882634526109775e+24
1.846471383758835727e+06 5.518956020438017731e+04 2.874143821573963109e+01 2.767755643016276953e+13 0.000000000000000000e+00 1.468210696193861784e+24
1.955087347509355517e+06 5.504381168758659624e+04 3.038409758030228147e+01 2.750056382826892969e+13 0.000000000000000000e+00 1.740080851500809450e+24
2.063703311259875074e+06 5.488896679294467322e+04 3.201833281392298147e+01 2.731428150249216406e+13 0.000000000000000000e+00 2.042982403689604138e+24
2.172319275010394864e+06 5.472650826313323341e+04 3.364378686799350504e+01 2.711883978098412891e+13 0.000000000000000000e+00 2.378497321735892444e+24
2.280935238760914654e+06 5.455653726937048486e+04 3.526014310222549852e+01 2.691437250116360156e+13 0.000000000000000000e+00 2.748186923566288421e+24
2.389551202511434443e+06 5.437698988846140855e+04 3.686707449289167471e+01 2.670101911057098828e+13 0.000000000000000000e+00 3.153569654467244912e+24
2.498167166261954233e+06 5.419008648106530018e+04 3.846424363282576309e+01 2.647892466686830859e+13 0.000000000000000000e+00 3.596121087085051942e+24
2.606783130012474023e+06 5.399538394157559378e+04 4.005130273142253827e+01 2.624823983783920312e+13 0.000000000000000000e+00 4.077273921425835104e+24
2.715399093762993813e+06 5.379165039907691971e+04 4.162789361463782711e+01 2.600912090138892969e+13 0.000000000000000000e+00 4.598417984855561468e+24
2.824015057513513602e+06 5.358086878005805193e+04 4.319364772498846605e+01 2.576172974554435938e+13 0.000000000000000000e+00 5.160900232100030452e+24
2.932631021264032926e+06 5.336108537226208136e+04 4.474818612155235087e+01 2.550623386845400000e+13 0.000000000000000000e+00 5.766024745244878654e+24
3.041246985014552716e+06 5.313384748121703160e+04 4.629111947996841536e+01 2.524280637838795312e+13 0.000000000000000000e+00 6.415052733735588445e+24
3.149862948765072506e+06 5.289833351721851068e+04 4.782204809243661714e+01 2.497162599373796094e+13 0.000000000000000000e+00 7.109202534377469709e+24
3.258478912515592296e+06 5.265487205324954266e+04 4.934056186771798025e+01 2.469287704301736719e+13 0.000000000000000000e+00 7.849649611335675956e+24
3.367094876266112085e+06 5.240343364601810754e+04 5.084624033113454544e+01 2.440674946486114453e+13 0.000000000000000000e+00 8.637526556135189285e+24
3.475710840016631875e+06 5.214405118546450103e+04 5.233865262456937728e+01 2.411343880802588672e+13 0.000000000000000000e+00 9.473923087660841861e+24
3.584326803767151665e+06 5.191641362650517840e+04 5.381735750646660676e+01 2.381314623138980078e+13 0.000000000000000000e+00 1.035988605215729122e+25
3.692942767517671455e+06 5.171133141024247743e+04 5.528190335183139581e+01 2.350607850395270703e+13 0.000000000000000000e+00 1.129641942322904388e+25
3.801558731268191244e+06 5.144224188805087761e+04 5.673182815222992303e+01 2.319244800483605469e+13 0.000000000000000000e+00 1.228448430184042960e+25
3.910174695018711034e+06 5.115182364197370771e+04 5.816665951578945482e+01 2.287247272328291016e+13 0.000000000000000000e+00 1.332499891631562390e+25
4.018790658769230824e+06 5.085302159386879794e+04 5.958591466719823160e+01 2.254637625865795312e+13 0.000000000000000000e+00 1.441883862233864269e+25
4.127406622519750148e+06 5.054710345681683975e+04 6.098910044770558869e+01 2.221438782044748828e+13 0.000000000000000000e+00 1.556683590295332726e+25
4.236022586270269938e+06 5.023437032183328120e+04 6.237551585595171844e+01 2.187675851950175781e+13 0.000000000000000000e+00 1.676964695661331257e+25
4.344638550020789728e+06 4.991322773669974413e+04 6.374440995933341725e+01 2.153375674893230469e+13 0.000000000000000000e+00 1.802776111023331251e+25
4.453254513771309517e+06 4.958530627120613644e+04 6.509543444254327937e+01 2.118562664060055469e+13 0.000000000000000000e+00 1.934181224362244452e+25
4.561870477521829307e+06 4.925056912512265262e+04 6.642824640038000439e+01 2.083261373162450000e+13 0.000000000000000000e+00 2.071237238868561108e+25
4.670486441272349097e+06 4.890837460697839560e+04 6.774250199452004040e+01 2.047496543062056641e+13 0.000000000000000000e+00 2.213994799228800146e+25
4.779102405022868887e+06 4.855880273271781334e+04 6.903785645351756273e+01 2.011293101770361328e+13 0.000000000000000000e+00 2.362497991625508310e+25
4.887718368773388676e+06 4.820244324681787839e+04 7.031396407280445260e+01 1.974676164448692188e+13 0.000000000000000000e+00 2.516784343737259941e+25
4.996334332523908466e+06 4.783927981051782990e+04 7.157047821469036819e+01 1.937671033408221875e+13 0.000000000000000000e+00 2.676884824738659134e+25
5.104950296274428256e+06 4.746930746875156183e+04 7.280705130836267358e+01 1.900303198109966406e+13 0.000000000000000000e+00 2.842823845300337152e+25
5.213566260024948046e+06 4.709246340703673923e+04 7.402333484988646717e+01 1.862598335164783594e+13 0.000000000000000000e+00 3.014619257588953722e+25
5.322182223775467835e+06 4.670836674765184580e+04 7.521897940220458167e+01 1.824582308333375781e+13 0.000000000000000000e+00 3.192282355267197029e+25
5.430798187525987625e+06 4.631760379368033318e+04 7.639363459513761256e+01 1.786281168526288672e+13 0.000000000000000000e+00 3.375817873493783290e+25
5.539414151276507415e+06 4.592018211778382101e+04 7.754694912538383278e+01 1.747721153803910547e+13 0.000000000000000000e+00 3.565223988923457182e+25
5.648030115027027205e+06 4.551613937098372844e+04 7.867857075651932064e+01 1.708928689376473047e+13 0.000000000000000000e+00 3.760492319706990984e+25
5.756646078777546994e+06 4.510551868959389685e+04 7.978814631899780352e+01 1.669930387604051758e+13 0.000000000000000000e+00 3.961607925491185865e+25
5.865262042528065853e+06 4.468836504382349813e+04 8.087532409796719435e+01 1.630752922736675586e+13 0.000000000000000000e+00 4.168548305389061982e+25
5.973878006278585643e+06 4.426472717848457978e+04 8.193977945779742811e+01 1.591422465403351367e+13 0.000000000000000000e+00 4.381280555627414167e+25
6.082493970029105432e+06 4.383466383931849850e+04 8.298119971706290698e+01 1.551965723342891602e+13 0.000000000000000000e+00 4.599770685904916942e+25
6.191109933779625222e+06 4.339812521826472221e+04 8.399926942981912248e+01 1.512409454322468945e+13 0.000000000000000000e+00 4.823977401614793833e+25
6.299725897530145012e+06 4.295480746966625156e+04 8.499367085320031379e+01 1.472780351735901758e+13 0.000000000000000000e+00 5.053851012273678744e+25
6.408341861280664802e+06 4.250518877219404385e+04 8.596408394741941095e+01 1.433105044603653711e+13 0.000000000000000000e+00 5.289333431521621112e+25
6.516957825031184591e+06 4.204938808323227568e+04 8.691018637576809169e+01 1.393410097572833789e+13 0.000000000000000000e+00 5.530358177122079893e+25
6.625573788781704381e+06 4.158750244058002136e+04 8.783165350461675303e+01 1.353722010917196680e+13 0.000000000000000000e+00 5.776850370961926140e+25
6.734189752532224171e+06 4.111909018920057861e+04 8.872815840341449700e+01 1.314067220537141992e+13 0.000000000000000000e+00 6.028726739051443003e+25
6.842805716282743961e+06 4.064410283874314337e+04 8.959937184468915916e+01 1.274472097959714844e+13 0.000000000000000000e+00 6.285895611524329163e+25
6.951421680033263750e+06 4.016330743503400299e+04 9.044496230404725168e+01 1.234962950338606250e+13 0.000000000000000000e+00 6.548256922637691105e+25
7.060037643783783540e+06 3.967591508780288859e+04 9.126459596017409126e+01 1.195566020454151562e+13 0.000000000000000000e+00 6.815702210772049127e+25
7.168653607534303330e+06 3.918225346885478939e+04 9.205793669483362862e+01 1.156307486713332422e+13 0.000000000000000000e+00 7.088114618431335625e+25
7.277269571284823120e+06 3.868248049750368227e+04 9.282464609286857637e+01 1.117213463149775391e+13 0.000000000000000000e+00 7.365368892242895089e+25
7.385885535035342909e+06 3.817616672400153038e+04 9.356438344220038061e+01 1.078309999423752734e+13 0.000000000000000000e+00 7.647331382957484108e+25
7.494501498785862699e+06 3.766356096350537700e+04 9.427680564800466811e+01 1.039623084031561914e+13 0.000000000000000000e+00 7.933860005385247776e+25
7.603117462536382489e+06 3.714492072731762892e+04 9.496156423933265955e+01 1.001178750852639648e+13 0.000000000000000000e+00 8.224801709177532781e+25
7.711733426286902279e+06 3.661921238555635500e+04 9.561832329172482048e+01 9.630026036055109375e+12 0.000000000000000000e+00 8.519994628997154269e+25
7.820349390037422068e+06 2.117002217097130051e+04 9.582223130956882073e+01 9.300228376402945312e+12 0.000000000000000000e+00 8.780369144702825417e+25
7.928965353787941858e+06 2.095102060816657468e+04 9.510740653262547539e+01 9.081846319397263672e+12 0.000000000000000000e+00 8.958629246203933815e+25
8.037581317538461648e+06 2.073401440564200675e+04 9.442752729232556419e+01 8.867302391036431641e+12 0.000000000000000000e+00 9.139944855647132534e+25
8.146197281288980506e+06 2.051887571874686546e+04 9.378034091305576680e+01 8.656463667529060547e+12 0.000000000000000000e+00 9.324298191436816166e+25
8.254813245039500296e+06 2.030549360371919465e+04 9.316381150529807087e+01 8.449214317573231445e+12 0.000000000000000000e+00 9.511667435362648308e+25
8.363429208790020086e+06 2.009376174369540240e+04 9.257605836866021320e+01 8.245445846180340820e+12 0.000000000000000000e+00 9.702030074221565396e+25
8.472045172540539876e+06 1.988358086233356153e+04 9.201528768391362689e+01 8.045055328086111328e+12 0.000000000000000000e+00 9.895361721847668921e+25
8.580661136291060597e+06 1.967485416650491243e+04 9.147979251299342707e+01 7.847945407750589844e+12 0.000000000000000000e+00 1.009163611911221168e+26
8.689277100041579455e+06 1.946749067598485999e+04 9.096795279899848197e+01 7.654024299358158203e+12 0.000000000000000000e+00 1.029082513392360467e+26
8.797893063792100176e+06 1.926140544679418235e+04 9.047823536619127083e+01 7.463205786817513672e+12 0.000000000000000000e+00 1.049289876122742392e+26
8.906509027542619035e+06 1.905651587659525103e+04 9.000919391999805441e+01 7.275409223761693359e+12 0.000000000000000000e+00 1.069782512300638991e+26
9.015124991293139756e+06 1.885274751972279773e+04 8.955946904700873290e+01 7.090559533548050781e+12 0.000000000000000000e+00 1.090557046828039677e+26
9.123740955043658614e+06 1.864992435230724368e+04 8.912778821497695958e+01 6.908587209258276367e+12 0.000000000000000000e+00 1.111609917310647963e+26
9.232356918794179335e+06 1.844795139139999083e+04 8.871296577282001294e+01 6.729428313698375000e+12 0.000000000000000000e+00 1.132937374057884553e+26
9.340972882544698194e+06 1.824688604502878297e+04 8.831390295061896722e+01 6.553024479398694336e+12 0.000000000000000000e+00 1.154535480082884425e+26
9.449588846295217052e+06 1.804667340207569941e+04 8.792958785961849344e+01 6.379322908613898438e+12 0.000000000000000000e+00 1.176400111102499923e+26
9.558204810045737773e+06 1.784725928367291272e+04 8.755900593537883481e+01 6.208270546362295898e+12 0.000000000000000000e+00 1.198526954178633030e+26
9.666820773796256632e+06 1.764859041253933538e+04 8.720115843364349928e+01 6.039815880608873047e+12 0.000000000000000000e+00 1.220911441925595715e+26
9.775436737546777353e+06 1.745044581975509209e+04 8.685516906975554718e+01 5.873915722060473633e+12 0.000000000000000000e+00 1.243548758907663861e+26
9.884052701297296211e+06 1.725277200748906398e+04 8.652019379764327311e+01 5.710529031855827148e+12 0.000000000000000000e+00 1.266433868946189510e+26
9.992668665047816932e+06 1.705569806054858782e+04 8.619542063389216935e+01 5.549616909831164062e+12 0.000000000000000000e+00 1.289561515145882798e+26
1.010128462879833579e+07 1.685918885180260258e+04 8.588006965774501111e+01 5.391142594520244141e+12 0.000000000000000000e+00 1.312926219894808175e+26
1.020990059254885651e+07 1.666303709578146663e+04 8.557339301110179974e+01 5.235071463154328125e+12 0.000000000000000000e+00 1.336522284864388531e+26
1.031851655629937537e+07 1.646709330851089908e+04 8.527467489851983373e+01 5.081371031662201172e+12 0.000000000000000000e+00 1.360343791009401070e+26
1.042713252004989609e+07 1.627159944531025394e+04 8.498323158721360926e+01 4.930010954670153320e+12 0.000000000000000000e+00 1.384384598567981089e+26
1.053574848380041495e+07 1.607645407425047415e+04 8.469841140705490545e+01 4.780963025502000000e+12 0.000000000000000000e+00 1.408638347061618546e+26
1.064436444755093567e+07 1.588124275467756161e+04 8.441959475057274176e+01 4.634201176179059570e+12 0.000000000000000000e+00 1.433098455295161320e+26
1.075298041130145453e+07 1.568639284780089656e+04 8.414619407295342057e+01 4.489701477420175781e+12 0.000000000000000000e+00 1.457758121356811776e+26
1.086159637505197525e+07 1.549162368439379134e+04 8.387765389204044197e+01 4.347442138641695801e+12 0.000000000000000000e+00 1.482610322618130718e+26
1.097021233880249411e+07 1.529682863392321087e+04 8.361345078833460320e+01 4.207403507957491211e+12 0.000000000000000000e+00 1.507647815734033266e+26
1.107882830255301483e+07 1.510227163513192500e+04 8.335309340499394182e+01 4.069568072178939453e+12 0.000000000000000000e+00 1.532863136642792116e+26
1.118744426630353369e+07 1.490739605412057426e+04 8.309612244783373569e+01 3.933920456814939941e+12 0.000000000000000000e+00 1.558248600566035656e+26
1.129606023005405441e+07 1.471277350172390652e+04 8.284208841526192657e+01 3.800446527736781250e+12 0.000000000000000000e+00 1.583796150420992991e+26
1.140467619380457327e+07 1.451770179526491484e+04 8.259048419954220321e+01 3.669130253887145508e+12 0.000000000000000000e+00 1.609497019748371442e+26
1.151329215755509399e+07 1.432274592928397396e+04 8.234087734599010844e+01 3.539958770527922852e+12 0.000000000000000000e+00 1.635342675367025000e+26
1.162190812130561285e+07 1.412738368619733956e+04 8.209285403084831501e+01 3.412920512735403320e+12 0.000000000000000000e+00 1.661324294162593797e+26
1.173052408505613171e+07 1.393185547470489473e+04 8.184601020037274566e+01 3.288004880373013184e+12 0.000000000000000000e+00 1.687432695393768979e+26
1.183914004880665243e+07 1.373613654194031187e+04 8.159995157083255890e+01 3.165202238091324707e+12 0.000000000000000000e+00 1.713658340692289617e+26
1.194775601255717129e+07 1.353982028637842086e+04 8.135429362851017743e+01 3.044503915328060547e+12 0.000000000000000000e+00 1.739991334062941673e+26
1.205637197630769201e+07 1.334322017755435809e+04 8.110866162970121707e+01 2.925902206308081055e+12 0.000000000000000000e+00 1.766421421883561093e+26
1.216498794005821086e+07 1.314623775222005679e+04 8.086269060071457204e+01 2.809390370043398438e+12 0.000000000000000000e+00 1.792937992905030718e+26
1.227360390380873159e+07 1.294870881212519816e+04 8.061602533787237235e+01 2.694962630333161133e+12 0.000000000000000000e+00 1.819530078251283715e+26
1.238221986755925044e+07 1.275049688448251254e+04 8.036832040750999795e+01 2.582614175763672852e+12 0.000000000000000000e+00 1.846186351419299802e+26
1.249083583130977117e+07 1.255169407424265228e+04 8.011924014597605037e+01 2.472341159708372070e+12 0.000000000000000000e+00 1.872895128279108680e+26
1.259945179506029002e+07 1.235221874458000457e+04 7.986845865963238111e+01 2.364140700327849121e+12 0.000000000000000000e+00 1.899644367073786601e+26
1.270806775881081074e+07 1.215199768684433730e+04 7.961565982485409165e+01 2.258010880569834961e+12 0.000000000000000000e+00 1.926421668419460142e+26
1.281668372256132960e+07 1.195096145415089086e+04 7.936053728802950502e+01 2.153950748169208740e+12 0.000000000000000000e+00 1.953214275305302089e+26
1.292529968631185032e+07 1.174904852187158394e+04 7.910279446556020844e+01 2.051960315647990479e+12 0.000000000000000000e+00 1.980009073093536585e+26
1.303391565006236918e+07 1.154620344613923589e+04 7.884214454386102489e+01 1.952040560315350098e+12 0.000000000000000000e+00 2.006792589519432604e+26
1.314253161381288990e+07 1.134218395085472912e+04 7.857831047935999891e+01 1.854193424267595703e+12 0.000000000000000000e+00 2.033550994691311168e+26
1.325114757756340876e+07 1.113703048078824213e+04 7.831099928377406627e+01 1.758420933047383789e+12 0.000000000000000000e+00 2.060269569813570549e+26
1.335976354131392948e+07 1.093076240127461642e+04 7.803988572086709041e+01 1.664724200319692871e+12 0.000000000000000000e+00 2.086932571772846299e+26
1.346837950506444834e+07 1.072303468244634314e+04 7.776467827505193497e+01 1.573106203206981445e+12 0.000000000000000000e+00 2.113524450179944364e+26
1.357699546881496906e+07 1.051396122709015617e+04 7.748508167132223434e+01 1.483571058956395996e+12 0.000000000000000000e+00 2.140028860195871569e+26
1.368561143256548792e+07 1.030319761124331490e+04 7.720079577860083475e+01 1.396123993348409180e+12 0.000000000000000000e+00 2.166428637479953490e+26
1.379422739631600864e+07 1.009082687470411838e+04 7.691151560973978007e+01 1.310771340696808350e+12 0.000000000000000000e+00 2.192705798189836178e+26
1.390284336006652750e+07 9.876622698118251719e+03 7.661693132152035446e+01 1.227520543848706543e+12 0.000000000000000000e+00 2.218841538981483405e+26
1.401145932381704636e+07 9.660375112014793558e+03 7.631672821465303969e+01 1.146380154184532715e+12 0.000000000000000000e+00 2.244816237009179759e+26
1.412007528756756708e+07 9.441899336334092368e+03 7.601058673377752939e+01 1.067359831618036865e+12 0.000000000000000000e+00 2.270609449925529268e+26
1.422869125131808594e+07 9.221027704340953278e+03 7.569818246746277168e+01 9.904703445962928467e+11 0.000000000000000000e+00 2.296199915881453341e+26
1.433730721506860666e+07 8.997624945863371977e+03 7.537918614820686969e+01 9.157235700996895752e+11 0.000000000000000000e+00 2.321565553526195575e+26
1.444592317881912552e+07 8.771278337361574813e+03 7.505325592735700013e+01 8.431328284433657227e+11 0.000000000000000000e+00 2.346683128419063180e+26
1.455453914256964624e+07 8.541839090383888106e+03 7.472001198023497182e+01 7.727136767635727539e+11 0.000000000000000000e+00 2.371527309161194553e+26
1.466315510632016510e+07 8.308868521526728728e+03 7.437906765972365974e+01 7.044829375724449463e+11 0.000000000000000000e+00 2.396071975707284657e+26
1.477177107007068582e+07 8.071988197815120657e+03 7.403000320013421742e+01 6.384605543306678467e+11 0.000000000000000000e+00 2.420288840724436061e+26
1.488038703382120468e+07 7.830853967913179076e+03 7.367236258003289606e+01 5.746697567409128418e+11 0.000000000000000000e+00 2.444147303027339704e+26
1.498900299757172540e+07 7.584786373509847181e+03 7.330565352224088826e+01 5.131370607478282471e+11 0.000000000000000000e+00 2.467614447578279363e+26
1.509761896132224426e+07 7.333130265495359708e+03 7.292934749383451276e+01 4.538922685380484619e+11 0.000000000000000000e+00 2.490655045487126493e+26
1.520623492507276498e+07 7.075227656540308999e+03 7.254287960606532693e+01 3.969684759003510742e+11 0.000000000000000000e+00 2.513231549708409383e+26
1.531485088882328384e+07 6.809955553941761536e+03 7.214559927154388674e+01 3.424055826678074341e+11 0.000000000000000000e+00 2.535302005115834425e+26
1.542346685257380456e+07 6.536173039227206573e+03 7.173675798031544559e+01 2.902511288895839233e+11 0.000000000000000000e+00 2.556819492237269935e+26
1.553208281632432342e+07 6.252232132920520598e+03 7.131548414910105294e+01 2.405628812197607422e+11 0.000000000000000000e+00 2.577730771633923705e+26
1.564069878007484414e+07 5.955941109422299633e+03 7.088074441530821446e+01 1.934118290165500488e+11 0.000000000000000000e+00 2.597974569683556868e+26
1.574931474382536300e+07 5.644361495790464687e+03 7.043132111125204631e+01 1.488839451026286316e+11 0.000000000000000000e+00 2.617480613107334514e+26
1.585793070757588372e+07 5.313098084953491707e+03 6.996567635869585899e+01 1.070907481397674255e+11 0.000000000000000000e+00 2.636163777771293828e+26
1.596654667132640257e+07 4.955264300098759122e+03 6.948176198024474104e+01 6.818483643737632751e+10 0.000000000000000000e+00 2.653915751484745470e+26
1.607516263507692330e+07 4.559022670545617984e+03 6.897677622732612690e+01 3.237955622698129272e+10 0.000000000000000000e+00 2.670594572119956385e+26
1.618377859882744215e+07 4.099932982463915323e+03 6.844638918559429897e+01 1.103968113691139221e+07 0.000000000000000000e+00 2.685992014194517680e+26
