# Radius (m)	Density (kg/m^3)	Gravity (m/s^2)	Pressure (Pa)	Temperature (K)	Mass Enclosed (kg)
0.000000000000000000e+00 4.830353002482850570e+04 0.000000000000000000e+00 1.985013720857435547e+13 0.000000000000000000e+00 0.000000000000000000e+00
1.029278660630413651e+05 4.830015098612864676e+04 1.389998918876105272e+00 1.984668166237390625e+13 0.000000000000000000e+00 2.206350792804095754e+20
2.058557321260827302e+05 4.829001613541527331e+04 2.779647299402265848e+00 1.983631734045113281e+13 0.000000000000000000e+00 1.764857469792581059e+21
3.087835981891240808e+05 4.827313228761608480e+04 4.168597034552076863e+00 1.981905121203596484e+13 0.000000000000000000e+00 5.955149257486802878e+21
4.117114642521654605e+05 4.824951074314856669e+04 5.556497138533890379e+00 1.979489483340759766e+13 0.000000000000000000e+00 1.411150990860346406e+22
5.146393303152068402e+05 4.821916735870722914e+04 6.942999910006777853e+00 1.976386442028457422e+13 0.000000000000000000e+00 2.755131698943708312e+22
6.175671963782481616e+05 4.818212246780618443e+04 8.327758234438698892e+00 1.972598076656825781e+13 0.000000000000000000e+00 4.758731682204967397e+22
7.204950624412895413e+05 4.813840081996012304e+04 9.710426421837329514e+00 1.968126918214676953e+13 0.000000000000000000e+00 7.552593530528025333e+22
8.234229285043309210e+05 4.808803158049295598e+04 1.109066023181373239e+01 1.962975949269929297e+13 0.000000000000000000e+00 1.126672685358862177e+23
9.263507945673723007e+05 4.803104827278345329e+04 1.246811424354992148e+01 1.957148598063406250e+13 0.000000000000000000e+00 1.603027713224872873e+23
1.029278660630413680e+06 4.796748895082750823e+04 1.384243595133109217e+01 1.950648756155773438e+13 0.000000000000000000e+00 2.197143918203217925e+23
1.132206526693454944e+06 4.789671403114015993e+04 1.521327860240717023e+01 1.943480796503136719e+13 0.000000000000000000e+00 2.921814146690869635e+23
1.235134392756496323e+06 4.781929553221643437e+04 1.658029704314677133e+01 1.935649522168129297e+13 0.000000000000000000e+00 3.789689982971548921e+23
1.338062258819537703e+06 4.773537133917775645e+04 1.794314721804513013e+01 1.927160163834311328e+13 0.000000000000000000e+00 4.813275011482605291e+23
1.440990124882579083e+06 4.764499738895359042e+04 1.930148616972412867e+01 1.918018379806168750e+13 0.000000000000000000e+00 6.004924816815027252e+23
1.543917990945620462e+06 4.754823384585305757e+04 2.065497203893225731e+01 1.908230256009115625e+13 0.000000000000000000e+00 7.376846983713426202e+23
1.646845857008661842e+06 4.744431211613721098e+04 2.200326406454465200e+01 1.897802305989491797e+13 0.000000000000000000e+00 8.941101097076055217e+23
1.749773723071703222e+06 4.733376377594955557e+04 2.334602258356306237e+01 1.886741470914564844e+13 0.000000000000000000e+00 1.070959874195479832e+24
1.852701589134744601e+06 4.721696366682935331e+04 2.468290903111588719e+01 1.875055119572528125e+13 0.000000000000000000e+00 1.269410350355516242e+24
1.955629455197785981e+06 4.709398939148713544e+04 2.601358480369680493e+01 1.862751016447053516e+13 0.000000000000000000e+00 1.490618876749733016e+24
2.058557321260827361e+06 4.696356728564207151e+04 2.733770204018347272e+01 1.849837107771716797e+13 0.000000000000000000e+00 1.735692077337971641e+24
2.161485187323868740e+06 4.682699776075317641e+04 2.865492448708007700e+01 1.836322105069839453e+13 0.000000000000000000e+00 2.005758891503491565e+24
2.264413053386909887e+06 4.668444664094787731e+04 2.996492055969111590e+01 1.822215160120798438e+13 0.000000000000000000e+00 2.301932913519497969e+24
2.367340919449951500e+06 4.653465130513170152e+04 3.126735983937398089e+01 1.807525753667892188e+13 0.000000000000000000e+00 2.625298357845305770e+24
2.470268785512992647e+06 4.637872490126870980e+04 3.256191307353896036e+01 1.792263695418338672e+13 0.000000000000000000e+00 2.976910059126329967e+24
2.573196651576034259e+06 4.621684263968068990e+04 3.384825217564925026e+01 1.776439124043277344e+13 0.000000000000000000e+00 3.357793472194099590e+24
2.676124517639075406e+06 4.604766996954652132e+04 3.512605022522091502e+01 1.760062507177767188e+13 0.000000000000000000e+00 3.768944672066244287e+24
2.779052383702117018e+06 4.587290612506121397e+04 3.639498146782297283e+01 1.743144641420788281e+13 0.000000000000000000e+00 4.211330353946504517e+24
2.881980249765158165e+06 4.569127779964373622e+04 3.765472131507728193e+01 1.725696652335240625e+13 0.000000000000000000e+00 4.685887833224721891e+24
2.984908115828199778e+06 4.550361921294537024e+04 3.890494634465864010e+01 1.707729994447944336e+13 0.000000000000000000e+00 5.193525045476853130e+24
3.087835981891240925e+06 4.530962187337543583e+04 4.014533430029470651e+01 1.689256451249641211e+13 0.000000000000000000e+00 5.735120546464949661e+24
3.190763847954282537e+06 4.510929687348276639e+04 4.137556409176607986e+01 1.670288135194991797e+13 0.000000000000000000e+00 6.311523512137183392e+24
3.293691714017323684e+06 4.490284649941971293e+04 4.259531579490623443e+01 1.650837487702578711e+13 0.000000000000000000e+00 6.923553738627820936e+24
3.396619580080364831e+06 4.469012019280869572e+04 4.380427065160154143e+01 1.630917279154903516e+13 0.000000000000000000e+00 7.572001642257239723e+24
3.499547446143406443e+06 4.447117276465894247e+04 4.500211106979126896e+01 1.610540608898389258e+13 0.000000000000000000e+00 8.257628259531929070e+24
3.602475312206447590e+06 4.424635303118686716e+04 4.618852062346759624e+01 1.589720905243378711e+13 0.000000000000000000e+00 8.981165247144473001e+24
3.705403178269489203e+06 4.401490636399599316e+04 4.736318405267559228e+01 1.568471925464135547e+13 0.000000000000000000e+00 9.743314881973573873e+24
3.808331044332530349e+06 4.377809463641958428e+04 4.852578718623411191e+01 1.546807750496711523e+13 0.000000000000000000e+00 1.054474943489036836e+25
3.911258910395571962e+06 4.353444860986803542e+04 4.967601315423753050e+01 1.524742364773894922e+13 0.000000000000000000e+00 1.138605978212488687e+25
4.014186776458613109e+06 4.328512830396491336e+04 5.081355591280901507e+01 1.502290182938058594e+13 0.000000000000000000e+00 1.226781544046646846e+25
4.117114642521654721e+06 4.303026265371464251e+04 5.193811577238319188e+01 1.479466066921899023e+13 0.000000000000000000e+00 1.319057351391475387e+25
4.220042508584695868e+06 4.276852930391994596e+04 5.304939392414829058e+01 1.456285039012354492e+13 0.000000000000000000e+00 1.415484616733743242e+25
4.322970374647737481e+06 4.250127429507872148e+04 5.414709244004620103e+01 1.432762281850604102e+13 0.000000000000000000e+00 1.516110062647028707e+25
4.425898240710779093e+06 4.222844024412620638e+04 5.523091427277245202e+01 1.408913138432069531e+13 0.000000000000000000e+00 1.620975917791716437e+25
4.528826106773819774e+06 4.194940434657932201e+04 5.630056325577618992e+01 1.384753112106413867e+13 0.000000000000000000e+00 1.730119916914997018e+25
4.631753972836861387e+06 4.166431555569084594e+04 5.735574410326024974e+01 1.360297866577541016e+13 0.000000000000000000e+00 1.843575300850872117e+25
4.734681838899902999e+06 4.137360771294003644e+04 5.839616241018106280e+01 1.335563225903597656e+13 0.000000000000000000e+00 1.961370816520147187e+25
4.837609704962944612e+06 4.107724517977205687e+04 5.942152465224872060e+01 1.310565174496971484e+13 0.000000000000000000e+00 2.083530716930436615e+25
4.940537571025985293e+06 4.077519671409331204e+04 6.043153818592695359e+01 1.285319857124292383e+13 0.000000000000000000e+00 2.210074761176159429e+25
5.043465437089026906e+06 4.046731893118822336e+04 6.142591124843314532e+01 1.259843578906430664e+13 0.000000000000000000e+00 2.341018214438547888e+25
5.146393303152068518e+06 4.015340427354324493e+04 6.240435295773828273e+01 1.234152805318499414e+13 0.000000000000000000e+00 2.476371847985635889e+25
5.249321169215109199e+06 3.983386805936950987e+04 6.336657331256703429e+01 1.208264162189853320e+13 0.000000000000000000e+00 2.616141939172266260e+25
5.352249035278150812e+06 3.950868218256102409e+04 6.431228319239770030e+01 1.182194435704087891e+13 0.000000000000000000e+00 2.760330271440090769e+25
5.455176901341192424e+06 3.917786490568112640e+04 6.524119435746220574e+01 1.155960572399041016e+13 0.000000000000000000e+00 2.908934134317566254e+25
5.558104767404234037e+06 3.884143118561895972e+04 6.615300437909968423e+01 1.129579567408622852e+13 0.000000000000000000e+00 3.061942937931238318e+25
5.661032633467274718e+06 3.849937825986987446e+04 6.704741011235458359e+01 1.103068414597438281e+13 0.000000000000000000e+00 3.219339186067483742e+25
5.763960499530316330e+06 3.815173693405698577e+04 6.792414580360862431e+01 1.076444348701821875e+13 0.000000000000000000e+00 3.381106933184043839e+25
5.866888365593357943e+06 3.779852962612954434e+04 6.878294294475490744e+01 1.049724633031838672e+13 0.000000000000000000e+00 3.547224167435132883e+25
5.969816231656399556e+06 3.743975949172354740e+04 6.962352932673046269e+01 1.022926553740254297e+13 0.000000000000000000e+00 3.717662617689378300e+25
6.072744097719440237e+06 3.707500250560713175e+04 7.044562903951621990e+01 9.960674198225363281e+12 0.000000000000000000e+00 3.892387753529814647e+25
6.175671963782481849e+06 3.670471708961001423e+04 7.124896247213702338e+01 9.691645631168521484e+12 0.000000000000000000e+00 4.071358785253893500e+25
6.278599829845523462e+06 3.632896523411148519e+04 7.203324631266157496e+01 9.422353383040707031e+12 0.000000000000000000e+00 4.254528663873468414e+25
6.381527695908565074e+06 3.594781828016848885e+04 7.279819354820253352e+01 9.152971229077621094e+12 0.000000000000000000e+00 4.441844081114808668e+25
6.484455561971605755e+06 3.556086492968900711e+04 7.354351346491642971e+01 8.883673172941974609e+12 0.000000000000000000e+00 4.633245469418588103e+25
6.587383428034647368e+06 3.516802821830414177e+04 7.426891164800369438e+01 8.614633446723486328e+12 0.000000000000000000e+00 4.828667001939900580e+25
6.690311294097688980e+06 3.476995669000752969e+04 7.497408998170865857e+01 8.346026510938886719e+12 0.000000000000000000e+00 5.028036592548239362e+25
6.793239160160729662e+06 3.436586091871479584e+04 7.565874664931956772e+01 8.078027054531917969e+12 0.000000000000000000e+00 5.231275895827512581e+25
6.896167026223771274e+06 3.395615438643588277e+04 7.632257613316856748e+01 7.810809994873328125e+12 0.000000000000000000e+00 5.438300307076042376e+25
6.999094892286812887e+06 3.354070203517589835e+04 7.696526921463168947e+01 7.544550477760879883e+12 0.000000000000000000e+00 5.649018962306553727e+25
7.102022758349854499e+06 3.311942689594626427e+04 7.758651297412887970e+01 7.279423877419345703e+12 0.000000000000000000e+00 5.863334738246186480e+25
7.204950624412895180e+06 3.269213373337872326e+04 7.818600125714267790e+01 7.015605058322122070e+12 0.000000000000000000e+00 6.081144593325812537e+25
7.307878490475936793e+06 3.225930533351154372e+04 7.876346309276102886e+01 6.753266177581842773e+12 0.000000000000000000e+00 6.302338807228133038e+25
7.410806356538978405e+06 3.181993679652726132e+04 7.931856519761446123e+01 6.492582887349623047e+12 0.000000000000000000e+00 6.526796739444021713e+25
7.513734222602020018e+06 1.797033091499815782e+04 7.902552591462067255e+01 6.313450433220776367e+12 0.000000000000000000e+00 6.684568220290032263e+25
7.616662088665060699e+06 1.780072724315870801e+04 7.842741771763719782e+01 6.168517694528862305e+12 0.000000000000000000e+00 6.816973430939927063e+25
7.719589954728102311e+06 1.763227706306569235e+04 7.785912413281056388e+01 6.026018169841763672e+12 0.000000000000000000e+00 6.951720204801319427e+25
7.822517820791143924e+06 1.746486981950126938e+04 7.731879524609388454e+01 5.885870792125034180e+12 0.000000000000000000e+00 7.088796437058053842e+25
7.925445686854185537e+06 1.729844588933280465e+04 7.680469666651377736e+01 5.747999229891379883e+12 0.000000000000000000e+00 7.228189195596082312e+25
8.028373552917226218e+06 1.713293532730094375e+04 7.631519632278154575e+01 5.612331539730213867e+12 0.000000000000000000e+00 7.369884594943769042e+25
8.131301418980267830e+06 1.696827310748951277e+04 7.584880218856724809e+01 5.478803106598862305e+12 0.000000000000000000e+00 7.513866949701503019e+25
8.234229285043309443e+06 1.680439775982340507e+04 7.540409801332772588e+01 5.347353154774509766e+12 0.000000000000000000e+00 7.660119066109154665e+25
8.337157151106350124e+06 1.664124822126521030e+04 7.497973614829449218e+01 5.217924346393959961e+12 0.000000000000000000e+00 7.808622288062101182e+25
8.440085017169391736e+06 1.647876867619112454e+04 7.457443754647376011e+01 5.090462781453629883e+12 0.000000000000000000e+00 7.959356497111235143e+25
8.543012883232433349e+06 1.631690432591723220e+04 7.418699176264641437e+01 4.964917997809558594e+12 0.000000000000000000e+00 8.112300112462949887e+25
8.645940749295474961e+06 1.615560350297964578e+04 7.381625695336803972e+01 4.841242971177402344e+12 0.000000000000000000e+00 8.267430090979157560e+25
8.748868615358516574e+06 1.599481982631465507e+04 7.346115987696887828e+01 4.719394115132434570e+12 0.000000000000000000e+00 8.424721927177268500e+25
8.851796481421558186e+06 1.583450794656825019e+04 7.312069589355387222e+01 4.599331281109548828e+12 0.000000000000000000e+00 8.584149653230213567e+25
8.954724347484597936e+06 1.567462790717329335e+04 7.279392896500267796e+01 4.481017758403257812e+12 0.000000000000000000e+00 8.745685838966421812e+25
9.057652213547639549e+06 1.551513111404284064e+04 7.247997603471991113e+01 4.364419302645502441e+12 0.000000000000000000e+00 8.909301762187116251e+25
9.160580079610681161e+06 1.535576040730873137e+04 7.217795006299074601e+01 4.249500591058085449e+12 0.000000000000000000e+00 9.074968056652989634e+25
9.263507945673722774e+06 1.519669342782671993e+04 7.188706830315628338e+01 4.136232279847715332e+12 0.000000000000000000e+00 9.242653162851979953e+25
9.366435811736764386e+06 1.503789984488411574e+04 7.160658649653530006e+01 4.024587182094840332e+12 0.000000000000000000e+00 9.412323693741132688e+25
9.469363677799805999e+06 1.487935137552037122e+04 7.133578737873962439e+01 3.914539563731387695e+12 0.000000000000000000e+00 9.583944545097901640e+25
9.572291543862847611e+06 1.472101858380714111e+04 7.107398067967400834e+01 3.806065143540762695e+12 0.000000000000000000e+00 9.757478895520166113e+25
9.675219409925889224e+06 1.456260761928485590e+04 7.082050312353622701e+01 3.699141093157851074e+12 0.000000000000000000e+00 9.932888206426218883e+25
9.778147275988928974e+06 1.440427748184433949e+04 7.057471842881707857e+01 3.593746037069019531e+12 0.000000000000000000e+00 1.011013222205476276e+26
9.881075142051970586e+06 1.424607641728917588e+04 7.033601730830029908e+01 3.489860052612107422e+12 0.000000000000000000e+00 1.028916896946493638e+26
9.984003008115012199e+06 1.408796694633220977e+04 7.010381746906264766e+01 3.387464669976440430e+12 0.000000000000000000e+00 1.046995475853627638e+26
1.008693087417805381e+07 1.392954064744651987e+04 6.987756361247384973e+01 3.286542872202820312e+12 0.000000000000000000e+00 1.065244418196874660e+26
1.018985874024109542e+07 1.377117142486846569e+04 6.965672743419666801e+01 3.187079095183527832e+12 0.000000000000000000e+00 1.083659011528272609e+26
1.029278660630413704e+07 1.361282672083712714e+04 6.944080762418681729e+01 3.089059227662324219e+12 0.000000000000000000e+00 1.102234371681900739e+26
1.039571447236717865e+07 1.345404125625829693e+04 6.922932986669300703e+01 2.992470611234449707e+12 0.000000000000000000e+00 1.120965442773880506e+26
1.049864233843021840e+07 1.329526662031016713e+04 6.902184684025695560e+01 2.897302040346624512e+12 0.000000000000000000e+00 1.139846997202374719e+26
1.060157020449326001e+07 1.313620571107220894e+04 6.881793821771337605e+01 2.803543762297043945e+12 0.000000000000000000e+00 1.158873635647588389e+26
1.070449807055630162e+07 1.297687311279502319e+04 6.861721066618993348e+01 2.711187477235386230e+12 0.000000000000000000e+00 1.178039787071767704e+26
1.080742593661934324e+07 1.281732196153770565e+04 6.841928085378097535e+01 2.620225552572235840e+12 0.000000000000000000e+00 1.197339625584032869e+26
1.091035380268238485e+07 1.265734044911921228e+04 6.822371896613881859e+01 2.530648317576435547e+12 0.000000000000000000e+00 1.216766877228988169e+26
1.101328166874542646e+07 1.249706670606973239e+04 6.803015433005276691e+01 2.442448959951271973e+12 0.000000000000000000e+00 1.236315354914802076e+26
1.111620953480846807e+07 1.233635797918172102e+04 6.783823191699080724e+01 2.355621666215607422e+12 0.000000000000000000e+00 1.255978635486580500e+26
1.121913740087150969e+07 1.217515717120191039e+04 6.764760473914878958e+01 2.270161277718651855e+12 0.000000000000000000e+00 1.275750016649183458e+26
1.132206526693454944e+07 1.201363050445139379e+04 6.745793384945038440e+01 2.186063290639959473e+12 0.000000000000000000e+00 1.295622516967225081e+26
1.142499313299759105e+07 1.185135681239121914e+04 6.726888834154708263e+01 2.103323855989428711e+12 0.000000000000000000e+00 1.315588875865075844e+26
1.152792099906063266e+07 1.168858848171746286e+04 6.708014534981822408e+01 2.021939779607306641e+12 0.000000000000000000e+00 1.335641553626858957e+26
1.163084886512367427e+07 1.152527724689958814e+04 6.689139004937098321e+01 1.941908522164186523e+12 0.000000000000000000e+00 1.355772731396453117e+26
1.173377673118671589e+07 1.136131358890927731e+04 6.670231565604035495e+01 1.863228199161006348e+12 0.000000000000000000e+00 1.375974311177491477e+26
1.183670459724975750e+07 1.119650447613119286e+04 6.651262342638918312e+01 1.785897580929049561e+12 0.000000000000000000e+00 1.396237915833361814e+26
1.193963246331279911e+07 1.103096682202696502e+04 6.632202265770814620e+01 1.709916092629947266e+12 0.000000000000000000e+00 1.416554889087206362e+26
1.204256032937583886e+07 1.086463302027616373e+04 6.613023068801572890e+01 1.635283814255676758e+12 0.000000000000000000e+00 1.436916295521921808e+26
1.214548819543888047e+07 1.069743313568887970e+04 6.593697289605830747e+01 1.562001480628557129e+12 0.000000000000000000e+00 1.457312920580160496e+26
1.224841606150192209e+07 1.052930868630586338e+04 6.574198270131002175e+01 1.490070481401258057e+12 0.000000000000000000e+00 1.477735270564328025e+26
1.235134392756496370e+07 1.036019941266908427e+04 6.554500156397288890e+01 1.419492861056793213e+12 0.000000000000000000e+00 1.498173572636585306e+26
1.245427179362800531e+07 1.019006144558846427e+04 6.534577898497676074e+01 1.350271318908522949e+12 0.000000000000000000e+00 1.518617774818847703e+26
1.255719965969104692e+07 1.001866923851521642e+04 6.514407250597930954e+01 1.282409209100152588e+12 0.000000000000000000e+00 1.539057545992785209e+26
1.266012752575408854e+07 9.846076073432661360e+03 6.493963987148350725e+01 1.215910458696816895e+12 0.000000000000000000e+00 1.559482111201410936e+26
1.276305539181713015e+07 9.672287935608728731e+03 6.473219240969386590e+01 1.150778717518790039e+12 0.000000000000000000e+00 1.579879397743106024e+26
1.286598325788016990e+07 9.496972347958046157e+03 6.452147123540254370e+01 1.087018108229824951e+12 0.000000000000000000e+00 1.600237657093675926e+26
1.296891112394321151e+07 9.320290419658736937e+03 6.430722104987299304e+01 1.024633679051754150e+12 0.000000000000000000e+00 1.620544667030189922e+26
1.307183899000625312e+07 9.141847665905706890e+03 6.408918092374298681e+01 9.636313636809299316e+11 0.000000000000000000e+00 1.640787518688903136e+26
1.317476685606929474e+07 8.961746729353446426e+03 6.386708429702463974e+01 9.040179812882194824e+11 0.000000000000000000e+00 1.660952616565257559e+26
1.327769472213233635e+07 8.779789557621457789e+03 6.364065897910439418e+01 8.458012365190067139e+11 0.000000000000000000e+00 1.681025678513883086e+26
1.338062258819537796e+07 8.595796396623743931e+03 6.340962714874301298e+01 7.889897194931909180e+11 0.000000000000000000e+00 1.700991735748595106e+26
1.348355045425841957e+07 8.409606552546334569e+03 6.317370535407556531e+01 7.335929058051885986e+11 0.000000000000000000e+00 1.720835132842396910e+26
1.358647832032145932e+07 8.221082037743650289e+03 6.293260451261147637e+01 6.796211565239326172e+11 0.000000000000000000e+00 1.740539527727478315e+26
1.368940618638450094e+07 8.029939448378087036e+03 6.268602991123445634e+01 6.270857181928695068e+11 0.000000000000000000e+00 1.760087891695216696e+26
1.379233405244754255e+07 7.836020365301423226e+03 6.243367907555918350e+01 5.759988184109211426e+11 0.000000000000000000e+00 1.779462421659549541e+26
1.389526191851058416e+07 7.638922216906306858e+03 6.217521613668399283e+01 5.263745694779031982e+11 0.000000000000000000e+00 1.798643544435331105e+26
1.399818978457362577e+07 7.438434012368024923e+03 6.191029997503620308e+01 4.782276609095158081e+11 0.000000000000000000e+00 1.817611123237509632e+26
1.410111765063666739e+07 7.234055668698014415e+03 6.163856104524401047e+01 4.315751235812148438e+11 0.000000000000000000e+00 1.836343368598299679e+26
1.420404551669970900e+07 7.025491816771407684e+03 6.135959209293793037e+01 3.864368271346669922e+11 0.000000000000000000e+00 1.854816439439253462e+26
1.430697338276275061e+07 6.812123607847344829e+03 6.107294815475076888e+01 3.428354799777496948e+11 0.000000000000000000e+00 1.873004443071263261e+26
1.440990124882579036e+07 6.593365301194131462e+03 6.077814655831766544e+01 3.007966292845520020e+11 0.000000000000000000e+00 1.890879435194557640e+26
1.451282911488883197e+07 6.368346121903781750e+03 6.047466692227601470e+01 2.603486609953712769e+11 0.000000000000000000e+00 1.908411419898706259e+26
1.461575698095187359e+07 6.136135586208416498e+03 6.016192246475670657e+01 2.215245225197951050e+11 0.000000000000000000e+00 1.925567205934852852e+26
1.471868484701491520e+07 5.895440952536542682e+03 5.983922303124207787e+01 1.843639755471850586e+11 0.000000000000000000e+00 1.942308946131033664e+26
1.482161271307795681e+07 5.644592518499708603e+03 5.950575931160582144e+01 1.489151331979465942e+11 0.000000000000000000e+00 1.958593395351045366e+26
1.492454057914099842e+07 5.381308096256636418e+03 5.916055945481559775e+01 1.152372977859404907e+11 0.000000000000000000e+00 1.974370126557340384e+26
1.502746844520404004e+07 5.102312764585176410e+03 5.880246141265475757e+01 8.340278427369416809e+10 0.000000000000000000e+00 1.989580468358162965e+26
1.513039631126707979e+07 4.802676288438855408e+03 5.842995132168032058e+01 5.350769733539879608e+10 0.000000000000000000e+00 2.004151217639947105e+26
1.523332417733012140e+07 4.474285718268996789e+03 5.804098523809880561e+01 2.568415533268038177e+10 0.000000000000000000e+00 2.017987618215589195e+26
1.533625204339316301e+07 4.101820081299185404e+03 5.763262537079400971e+01 1.248256367785491943e+08 0.000000000000000000e+00 2.030959353131443619e+26
