# Radius (m)	Density (kg/m^3)	Gravity (m/s^2)	Pressure (Pa)	Temperature (K)	Mass Enclosed (kg)
0.000000000000000000e+00 4.044753397786438290e+04 0.000000000000000000e+00 1.258214587552747656e+13 0.000000000000000000e+00 0.000000000000000000e+00
9.572796998985810205e+04 4.044497204226764734e+04 1.082518295159182520e+00 1.258005004040708203e+13 0.000000000000000000e+00 1.486302566295368172e+20
1.914559399797162041e+05 4.043728778973019507e+04 2.164789344979632268e+00 1.257376380652886719e+13 0.000000000000000000e+00 1.188903105966111457e+21
2.871839099695743062e+05 4.042448590062253061e+04 3.246567701056918942e+00 1.256329100274978125e+13 0.000000000000000000e+00 4.011799637042984387e+21
3.829118799594324082e+05 4.040657413770016137e+04 4.327606115059561276e+00 1.254863797952439453e+13 0.000000000000000000e+00 9.506803482953322070e+21
4.786398499492905103e+05 4.038356337321130559e+04 5.407658894061388111e+00 1.252981363108082422e+13 0.000000000000000000e+00 1.856151395869140399e+22
5.743678199391486123e+05 4.035546758722567756e+04 6.486481090233588098e+00 1.250682939405360156e+13 0.000000000000000000e+00 3.206131726582029274e+22
6.700957899290067144e+05 4.032230378955538617e+04 7.563828613408634105e+00 1.247969918360971484e+13 0.000000000000000000e+00 5.088750217529220347e+22
7.658237599188648164e+05 4.028409201566821139e+04 8.639458479801255919e+00 1.244843939010535547e+13 0.000000000000000000e+00 7.591711960509731727e+22
8.615517299087229185e+05 4.024085532668753876e+04 9.713128812008442026e+00 1.241306887908593555e+13 0.000000000000000000e+00 1.080229826202637162e+23
9.572796998985810205e+05 4.019261963568159263e+04 1.078460032706518490e+01 1.237360884917899219e+13 0.000000000000000000e+00 1.480708379401693000e+23
1.053007669888439123e+06 4.013941401840370963e+04 1.185362950341746391e+01 1.233008308630052734e+13 0.000000000000000000e+00 1.969218852918262927e+23
1.148735639878297225e+06 4.008098900542115734e+04 1.291996764351485005e+01 1.228251811517000195e+13 0.000000000000000000e+00 2.554346327569247534e+23
1.244463609868155327e+06 4.001722292311723868e+04 1.398336770567283160e+01 1.223094279901730664e+13 0.000000000000000000e+00 3.244578379643814035e+23
1.340191579858013429e+06 3.994853714962348022e+04 1.504358436250944742e+01 1.217538833565465039e+13 0.000000000000000000e+00 4.048304375210617822e+23
1.435919549847871531e+06 3.987497314332712267e+04 1.610037400094527982e+01 1.211588825747655859e+13 0.000000000000000000e+00 4.973815470117798103e+23
1.531647519837729633e+06 3.979657524901880242e+04 1.715349472220345817e+01 1.205247843145987109e+13 0.000000000000000000e+00 6.029304609992980583e+23
1.627375489827587735e+06 3.971285561581441289e+04 1.820270634180966951e+01 1.198519705916374805e+13 0.000000000000000000e+00 7.222866530243283171e+23
1.723103459817445837e+06 3.962391828687841189e+04 1.924777038959213371e+01 1.191408467672966992e+13 0.000000000000000000e+00 8.562497756055297862e+23
1.818831429807303939e+06 3.953024328793894529e+04 2.028845010968162654e+01 1.183918415488143164e+13 0.000000000000000000e+00 1.005609660239512093e+24
1.914559399797162041e+06 3.943188715541122656e+04 2.132451046051146903e+01 1.176054069892514453e+13 0.000000000000000000e+00 1.171146317400831469e+24
2.010287369787020143e+06 3.932789119628908520e+04 2.235571019935534309e+01 1.167820095817581641e+13 0.000000000000000000e+00 1.353615380759022936e+24
2.106015339776878245e+06 3.921911433348488208e+04 2.338179399277797188e+01 1.159221324584926172e+13 0.000000000000000000e+00 1.553746072286760842e+24
2.201743309766736347e+06 3.910579006854398176e+04 2.440252404486078319e+01 1.150263082876027344e+13 0.000000000000000000e+00 1.772294176474404894e+24
2.297471279756594449e+06 3.898693862256230204e+04 2.541766404202939356e+01 1.140950891620836328e+13 0.000000000000000000e+00 2.009997653626594718e+24
2.393199249746452551e+06 3.886332365712717001e+04 2.642697814388714406e+01 1.131290451721865430e+13 0.000000000000000000e+00 2.267574434043003937e+24
2.488927219736310653e+06 3.873521920938316907e+04 2.743023098321510389e+01 1.121287644054188867e+13 0.000000000000000000e+00 2.545722418018341779e+24
2.584655189726168755e+06 3.860138332968665054e+04 2.842718766597207036e+01 1.110948529465441406e+13 0.000000000000000000e+00 2.845119475842350932e+24
2.680383159716026857e+06 3.846327487069049675e+04 2.941761377129456889e+01 1.100279348775820117e+13 0.000000000000000000e+00 3.166423447799810226e+24
2.776111129705884960e+06 3.831989896536673768e+04 3.040127535149684235e+01 1.089286522778083008e+13 0.000000000000000000e+00 3.510272144170530877e+24
2.871839099695743062e+06 3.817180170452504535e+04 3.137793893207087592e+01 1.077976652237549219e+13 0.000000000000000000e+00 3.877283345229360780e+24
2.967567069685601164e+06 3.801885394479610841e+04 3.234737151168637581e+01 1.066356517892100000e+13 0.000000000000000000e+00 4.268054801246182900e+24
3.063295039675459266e+06 3.786090292167478765e+04 3.330934056219077632e+01 1.054433080452177344e+13 0.000000000000000000e+00 4.683164232485912051e+24
3.159023009665317368e+06 3.769827392246204545e+04 3.426361402860923988e+01 1.042213480600784766e+13 0.000000000000000000e+00 5.123169329208501872e+24
3.254750979655175470e+06 3.753065286193223437e+04 3.520996032914464280e+01 1.029705038993487500e+13 0.000000000000000000e+00 5.588607751668933557e+24
3.350478949645033572e+06 3.735826328122440464e+04 3.614814835517761082e+01 1.016915256258411719e+13 0.000000000000000000e+00 6.079997130117233034e+24
3.446206919634891674e+06 3.718115989794436609e+04 3.707794747126649071e+01 1.003851812996245312e+13 0.000000000000000000e+00 6.597835064798453246e+24
3.541934889624749776e+06 3.699895156922155002e+04 3.799912751514735021e+01 9.905225697802373047e+12 0.000000000000000000e+00 7.142599125952683814e+24
3.637662859614607878e+06 3.681254924906531232e+04 3.891145879773397809e+01 9.769355671561984375e+12 0.000000000000000000e+00 7.714746853815048896e+24
3.733390829604465980e+06 3.662055035892697924e+04 3.981471210311791253e+01 9.630990256425003906e+12 0.000000000000000000e+00 8.314715758615709327e+24
3.829118799594324082e+06 3.642423366498629912e+04 4.070865868856839143e+01 9.490213457300767578e+12 0.000000000000000000e+00 8.942923320579856179e+24
3.924846769584182184e+06 3.622333292176933173e+04 4.159307026648749428e+01 9.347111075657484375e+12 0.000000000000000000e+00 9.599766920193691886e+24
4.020574739574040286e+06 3.601713008614710998e+04 4.246771008574447137e+01 9.201768834883519531e+12 0.000000000000000000e+00 1.028558220472993832e+25
4.116302709563898388e+06 3.580652822511030536e+04 4.333234871672424049e+01 9.054274106083335938e+12 0.000000000000000000e+00 1.100068246230481071e+25
4.212030679553756490e+06 3.559146402788958221e+04 4.418676626670867336e+01 8.904716813440824219e+12 0.000000000000000000e+00 1.174538338414091407e+25
4.307758649543615058e+06 3.537112906590749481e+04 4.503074212224969841e+01 8.753187846839099609e+12 0.000000000000000000e+00 1.251996891283505828e+25
4.403486619533472694e+06 3.514617361834627809e+04 4.586405494916927239e+01 8.599779061860505859e+12 0.000000000000000000e+00 1.332469124235823883e+25
4.499214589523330331e+06 3.491667669523423683e+04 4.668648269255943717e+01 8.444583279786607422e+12 0.000000000000000000e+00 1.415977081805567753e+25
4.594942559513188899e+06 3.468258990416083543e+04 4.749780257678227002e+01 8.287694287598190430e+12 0.000000000000000000e+00 1.502539633664679684e+25
4.690670529503047466e+06 3.444385488565028209e+04 4.829779110546988363e+01 8.129206837975269531e+12 0.000000000000000000e+00 1.592172474622520477e+25
4.786398499492905103e+06 3.420000808810712624e+04 4.908622406152444739e+01 7.969216649297083984e+12 0.000000000000000000e+00 1.684888124625871205e+25
4.882126469482762739e+06 3.395154328163711762e+04 4.986287650711819452e+01 7.807820405642092773e+12 0.000000000000000000e+00 1.780695928758934939e+25
4.977854439472621307e+06 3.369843096334788424e+04 5.062752278369340075e+01 7.645115756787978516e+12 0.000000000000000000e+00 1.879602057243335450e+25
5.073582409462479874e+06 3.344064697936605080e+04 5.137993651196239142e+01 7.481201318211653320e+12 0.000000000000000000e+00 1.981609505438114639e+25
5.169310379452337511e+06 3.317817020004619553e+04 5.211989059190753437e+01 7.316176671089250000e+12 0.000000000000000000e+00 2.086718093839734035e+25
5.265038349442195147e+06 3.291098703380112420e+04 5.284715720278126128e+01 7.150142362296126953e+12 0.000000000000000000e+00 2.194924468082078236e+25
5.360766319432053715e+06 3.263908911464722769e+04 5.356150780310604631e+01 6.983199904406863281e+12 0.000000000000000000e+00 2.306222098936451900e+25
5.456494289421912283e+06 3.236247358631093812e+04 5.426271313067442748e+01 6.815451775695263672e+12 0.000000000000000000e+00 2.420601282311577595e+25
5.552222259411769919e+06 3.208114531777477532e+04 5.495054291824965986e+01 6.647001397588123047e+12 0.000000000000000000e+00 2.538048838084948501e+25
5.647950229401627555e+06 3.179511168810885647e+04 5.562476768833354868e+01 6.477952484276431641e+12 0.000000000000000000e+00 2.658546314175665478e+25
5.743678199391486123e+06 3.150436459814848786e+04 5.628516123549984229e+01 6.308408855302759766e+12 0.000000000000000000e+00 2.782072311306661255e+25
5.839406169381344691e+06 3.120841738384677956e+04 5.693149318767434863e+01 6.138475069397029297e+12 0.000000000000000000e+00 2.908601633759984201e+25
5.935134139371202327e+06 3.090773959169516093e+04 5.756352827031926722e+01 5.968256460807504883e+12 0.000000000000000000e+00 3.038105012815289106e+25
6.030862109361059964e+06 3.060236782489345933e+04 5.818103295730144708e+01 5.797858639146877930e+12 0.000000000000000000e+00 3.170549329699511616e+25
6.126590079350918531e+06 3.029234121212476020e+04 5.878378677230341509e+01 5.627386496279882812e+12 0.000000000000000000e+00 3.305898355772953687e+25
6.222318049340777099e+06 2.997684071741747175e+04 5.937154955473059914e+01 5.456946567454938477e+12 0.000000000000000000e+00 3.444110630362320737e+25
6.318046019330634736e+06 2.965661984179305000e+04 5.994405349501242597e+01 5.286647639543397461e+12 0.000000000000000000e+00 3.585138789427550695e+25
6.413773989320492372e+06 2.933155635795689159e+04 6.050101899219046686e+01 5.116599631059408203e+12 0.000000000000000000e+00 3.728930473857030128e+25
6.509501959310350940e+06 2.900102122705317743e+04 6.104222469239291371e+01 4.946908504928500000e+12 0.000000000000000000e+00 3.875432411279971629e+25
6.605229929300209507e+06 2.866578195254234743e+04 6.156742087202525937e+01 4.777682186963112305e+12 0.000000000000000000e+00 4.024585263389734002e+25
6.700957899290067144e+06 2.832487122322806317e+04 6.207634716056066537e+01 4.609029367544455078e+12 0.000000000000000000e+00 4.176324394179509774e+25
6.796685869279924780e+06 2.797892435873847717e+04 6.256873785761890616e+01 4.441059131513252930e+12 0.000000000000000000e+00 4.330580164028054311e+25
6.892413839269783348e+06 2.762767116192908725e+04 6.304431451339034709e+01 4.273881474843473145e+12 0.000000000000000000e+00 4.487277313868475843e+25
6.988141809259641916e+06 2.726957684366062313e+04 6.350886684190854226e+01 4.107145785079104980e+12 0.000000000000000000e+00 4.646780745855574509e+25
7.083869779249499552e+06 1.502134806240509351e+04 6.303401756081489538e+01 4.013021340823085449e+12 0.000000000000000000e+00 4.739258709612681292e+25
7.179597749239357188e+06 1.489176189382671510e+04 6.254926342227896185e+01 3.923116125860538574e+12 0.000000000000000000e+00 4.830773947073119718e+25
7.275325719229215756e+06 1.476285624315330278e+04 6.208897169738396826e+01 3.834657802202653320e+12 0.000000000000000000e+00 4.923950646710531216e+25
7.371053689219074324e+06 1.463457635986730384e+04 6.165166734522717462e+01 3.747597727604702148e+12 0.000000000000000000e+00 5.018782578775095758e+25
7.466781659208931960e+06 1.450686943820729175e+04 6.123597142146289940e+01 3.661890922827662109e+12 0.000000000000000000e+00 5.115262386968098015e+25
7.562509629198789597e+06 1.437968619296187535e+04 6.084057881713023619e+01 3.577494926088099609e+12 0.000000000000000000e+00 5.213381952516375078e+25
7.658237599188648164e+06 1.425297797162231109e+04 6.046425819551868841e+01 3.494369785551842773e+12 0.000000000000000000e+00 5.313132398361905870e+25
7.753965569178506732e+06 1.412669887503664722e+04 6.010585199216817642e+01 3.412478059333981934e+12 0.000000000000000000e+00 5.414504089161810288e+25
7.849693539168364368e+06 1.400080609430120603e+04 5.976427641486901621e+01 3.331784815498869629e+12 0.000000000000000000e+00 5.517486631288350064e+25
7.945421509158222005e+06 1.387525612971237570e+04 5.943852144366194068e+01 3.252257632060118652e+12 0.000000000000000000e+00 5.622068872828933056e+25
8.041149479148080572e+06 1.375001133363277040e+04 5.912762243054724109e+01 3.173866084226117676e+12 0.000000000000000000e+00 5.728238498329076121e+25
8.136877449137939140e+06 1.362503518997507490e+04 5.883063624558479177e+01 3.096581733563116699e+12 0.000000000000000000e+00 5.835981359165893101e+25
8.232605419127796777e+06 1.350029120016643719e+04 5.854673877346695576e+01 3.020379592649910645e+12 0.000000000000000000e+00 5.945283035431690956e+25
8.328333389117654413e+06 1.337563695061824728e+04 5.827514151392764319e+01 2.945236018914327148e+12 0.000000000000000000e+00 6.056128078942717950e+25
8.424061359107512981e+06 1.325113114097481957e+04 5.801508680193437328e+01 2.871128613317425781e+12 0.000000000000000000e+00 6.168499956133395306e+25
8.519789329097371548e+06 1.312675546405750356e+04 5.776584780768830996e+01 2.798036220353500488e+12 0.000000000000000000e+00 6.282381048056320643e+25
8.615517299087230116e+06 1.300247978252601024e+04 5.752672853662422625e+01 2.725938928050076660e+12 0.000000000000000000e+00 6.397752650382269694e+25
8.711245269077086821e+06 1.287827831331629204e+04 5.729706382941053278e+01 2.654818067967913086e+12 0.000000000000000000e+00 6.514594973400191152e+25
8.806973239066945389e+06 1.275412502719698205e+04 5.707621936194925638e+01 2.584656215200999023e+12 0.000000000000000000e+00 6.632887142017219554e+25
8.902701209056803957e+06 1.262999781802799771e+04 5.686359164537605437e+01 2.515437188376556641e+12 0.000000000000000000e+00 6.752607195758657243e+25
8.998429179046660662e+06 1.250570982054273554e+04 5.665860802606020741e+01 2.447146049655044434e+12 0.000000000000000000e+00 6.873732088767984676e+25
9.094157149036519229e+06 1.238131575869081280e+04 5.646072668560460528e+01 2.379769104730146484e+12 0.000000000000000000e+00 6.996237689806864718e+25
9.189885119026377797e+06 1.225687152247163613e+04 5.626943664084578955e+01 2.313293902828785156e+12 0.000000000000000000e+00 7.120098782255131475e+25
9.285613089016236365e+06 1.213236205215015798e+04 5.608425774385391094e+01 2.247709236711112793e+12 0.000000000000000000e+00 7.245289064110796311e+25
9.381341059006094933e+06 1.200766239310990932e+04 5.590474068193274348e+01 2.183005142670514648e+12 0.000000000000000000e+00 7.371781147990049559e+25
9.477069028995951638e+06 1.188265481192952939e+04 5.573046697761969170e+01 2.119172900533609619e+12 0.000000000000000000e+00 7.499546561127253654e+25
9.572796998985810205e+06 1.175752944688261778e+04 5.556103296358487853e+01 2.056204454081149658e+12 0.000000000000000000e+00 7.628555400511147114e+25
9.668524968975668773e+06 1.163224695729073937e+04 5.539599230250553319e+01 1.994090308409574463e+12 0.000000000000000000e+00 7.758775384644695666e+25
9.764252938965525478e+06 1.150646516805449028e+04 5.523496188497773574e+01 1.932823362848691406e+12 0.000000000000000000e+00 7.890174205831652151e+25
9.859980908955384046e+06 1.138052648006474556e+04 5.507757730851705702e+01 1.872397340550729492e+12 0.000000000000000000e+00 8.022718174676340366e+25
9.955708878945242614e+06 1.125424772190289514e+04 5.492348445774734955e+01 1.812806486103101562e+12 0.000000000000000000e+00 8.156372016057359154e+25
1.005143684893510118e+07 1.112752856543425514e+04 5.477233950440072618e+01 1.754045565528398438e+12 0.000000000000000000e+00 8.291098869127590990e+25
1.014716481892495975e+07 1.100056805604014153e+04 5.462380890731753880e+01 1.696109866284391846e+12 0.000000000000000000e+00 8.426860287314201985e+25
1.024289278891481645e+07 1.087298690552938933e+04 5.447756941244642803e+01 1.638995197264034180e+12 0.000000000000000000e+00 8.563616238318629856e+25
1.033862075890467502e+07 1.074514797571791860e+04 5.433330805284428777e+01 1.582697888795454102e+12 0.000000000000000000e+00 8.701325104116607981e+25
1.043434872889453359e+07 1.061663494799864566e+04 5.419072214867627224e+01 1.527214792641963867e+12 0.000000000000000000e+00 8.839943680958136192e+25
1.053007669888439029e+07 1.048773326607424315e+04 5.404951930721580311e+01 1.472543282002055664e+12 0.000000000000000000e+00 8.979427179367501392e+25
1.062580466887424886e+07 1.035823633794876878e+04 5.390941742284455529e+01 1.418681251509397949e+12 0.000000000000000000e+00 9.119729224143275834e+25
1.072153263886410743e+07 1.022810652271380241e+04 5.377014467705247824e+01 1.365627117232843262e+12 0.000000000000000000e+00 9.260801854358305097e+25
1.081726060885396600e+07 1.009744679144788097e+04 5.363143953843777467e+01 1.313379816676421875e+12 0.000000000000000000e+00 9.402595523359718396e+25
1.091298857884382457e+07 9.966091663690847781e+03 5.349305076270691472e+01 1.261938808779344238e+12 0.000000000000000000e+00 9.545059098768925142e+25
1.100871654883368127e+07 9.833956480405040566e+03 5.335473739267462889e+01 1.211304073916002930e+12 0.000000000000000000e+00 9.688139862481614945e+25
1.110444451882353984e+07 9.701119699309696443e+03 5.321626875826390801e+01 1.161476113895966309e+12 0.000000000000000000e+00 9.831783510667764485e+25
1.120017248881339841e+07 9.567520498561389104e+03 5.307742447650601036e+01 1.112455951963985352e+12 0.000000000000000000e+00 9.975934153771622049e+25
1.129590045880325511e+07 9.433089400251432380e+03 5.293797520292743997e+01 1.064244889707940063e+12 0.000000000000000000e+00 1.012053159950204389e+26
1.139162842879311368e+07 9.297769299549448988e+03 5.279766944473109191e+01 1.016843966694403687e+12 0.000000000000000000e+00 1.026551111786193390e+26
1.148735639878297225e+07 9.161503889900501235e+03 5.265628856399073499e+01 9.702547603652124023e+11 0.000000000000000000e+00 1.041081070198030192e+26
1.158308436877283081e+07 9.024241897099900598e+03 5.251361487405538497e+01 9.244793210925396729e+11 0.000000000000000000e+00 1.055636507049843044e+26
1.167881233876268938e+07 8.885937463215952448e+03 5.236943047793982231e+01 8.795201626195108643e+11 0.000000000000000000e+00 1.070210548112830260e+26
1.177454030875254609e+07 8.746550560276507895e+03 5.222351726832456364e+01 8.353802620602033691e+11 0.000000000000000000e+00 1.084795973065259196e+26
1.187026827874240465e+07 8.605958348633837886e+03 5.207565692755588316e+01 7.920630598996433105e+11 0.000000000000000000e+00 1.099385215492468133e+26
1.196599624873226322e+07 8.464037989645989001e+03 5.192563092764582677e+01 7.495724599938107910e+11 0.000000000000000000e+00 1.113970362886864047e+26
1.206172421872211993e+07 8.320908445040560764e+03 5.177322053027218374e+01 7.079128295696375732e+11 0.000000000000000000e+00 1.128543156647923293e+26
1.215745218871197850e+07 8.176179404441830229e+03 5.161820678677847951e+01 6.670889992250039062e+11 0.000000000000000000e+00 1.143094992082193501e+26
1.225318015870183706e+07 8.030015991860802387e+03 5.146037053817401130e+01 6.271062629287441406e+11 0.000000000000000000e+00 1.157616918403290477e+26
1.234890812869169563e+07 7.882237864658451144e+03 5.129949241513383384e+01 5.879703780206433105e+11 0.000000000000000000e+00 1.172099638731900441e+26
1.244463609868155420e+07 7.732671165055469828e+03 5.113535283799874520e+01 5.496875652114376221e+11 0.000000000000000000e+00 1.186533510095778991e+26
1.254036406867141090e+07 7.581184170816404730e+03 5.096773201677530096e+01 5.122645085828153076e+11 0.000000000000000000e+00 1.200908543429751626e+26
1.263609203866126947e+07 7.427621647570618734e+03 5.079640966098367727e+01 4.757083619926056519e+11 0.000000000000000000e+00 1.215214394698483286e+26
1.273182000865112804e+07 7.271877741142041486e+03 5.062113781069860607e+01 4.400272773743982544e+11 0.000000000000000000e+00 1.229439568729791660e+26
1.282754797864098474e+07 7.113747403229894189e+03 5.044165958984132914e+01 4.052299798140651245e+11 0.000000000000000000e+00 1.243572030682361590e+26
1.292327594863084331e+07 6.953013458789693686e+03 5.025771437487390614e+01 3.713260508985016479e+11 0.000000000000000000e+00 1.257599217567563503e+26
1.301900391862070188e+07 6.789353330977302903e+03 5.006902312176919168e+01 3.383263215014562988e+11 0.000000000000000000e+00 1.271507561097989077e+26
1.311473188861056045e+07 6.622495775221646909e+03 4.987528836601086368e+01 3.062428717835280762e+11 0.000000000000000000e+00 1.285282487687451762e+26
1.321045985860041901e+07 6.452203076340816551e+03 4.967619422259338791e+01 2.750890311921669922e+11 0.000000000000000000e+00 1.298908418450986258e+26
1.330618782859027572e+07 6.277945875689232707e+03 4.947140638602205343e+01 2.448793784616748047e+11 0.000000000000000000e+00 1.312368769204848865e+26
1.340191579858013429e+07 6.099267349021601149e+03 4.926056907815857500e+01 2.156299016774799194e+11 0.000000000000000000e+00 1.325645840022258782e+26
1.349764376856999286e+07 5.915622344961149793e+03 4.904327551416101016e+01 1.873594424956373901e+11 0.000000000000000000e+00 1.338719788364592494e+26
1.359337173855984956e+07 5.726229365156395943e+03 4.881908785015139784e+01 1.600886155489285278e+11 0.000000000000000000e+00 1.351569385400270821e+26
1.368909970854970813e+07 5.530188311584503026e+03 4.858749096358992148e+01 1.338424949392542572e+11 0.000000000000000000e+00 1.364170260738513091e+26
1.378482767853956670e+07 5.326299888254681719e+03 4.834788134602723630e+01 1.086512244353309784e+11 0.000000000000000000e+00 1.376494490921777758e+26
1.388055564852942526e+07 5.112988415498160975e+03 4.809956710310453332e+01 8.455001747268829346e+10 0.000000000000000000e+00 1.388510599425761881e+26
1.397628361851928383e+07 4.888050583330852533e+03 4.784175163203900638e+01 6.158002310375483704e+10 0.000000000000000000e+00 1.400183006979023877e+26
1.407201158850914054e+07 4.648296799147112324e+03 4.757340430526532060e+01 3.979526226915650177e+10 0.000000000000000000e+00 1.411467624748131061e+26
1.416773955849899910e+07 4.388828376467476119e+03 4.729318592848156300e+01 1.926695578835783386e+10 0.000000000000000000e+00 1.422309209547786564e+26
1.426346752848885767e+07 4.101291244146445024e+03 4.699927792306256435e+01 9.292280006236648560e+07 0.000000000000000000e+00 1.432635610695935435e+26
