# Radius (m)	Density (kg/m^3)	Gravity (m/s^2)	Pressure (Pa)	Temperature (K)	Mass Enclosed (kg)
0.000000000000000000e+00 4.124608212354884745e+04 0.000000000000000000e+00 1.324768738310323047e+13 0.000000000000000000e+00 0.000000000000000000e+00
9.656597228419706516e+04 4.124346210599195911e+04 1.113553584764367610e+00 1.324546965196808984e+13 0.000000000000000000e+00 1.555799521902578237e+20
1.931319445683941303e+05 4.123560364741235389e+04 2.226852101790585792e+00 1.323881780789155664e+13 0.000000000000000000e+00 1.244494080128772997e+21
2.896979168525912100e+05 4.122251154803352256e+04 3.339642365612599750e+00 1.322773591405446484e+13 0.000000000000000000e+00 4.199380598900693402e+21
3.862638891367882607e+05 4.120419374970460194e+04 4.451670885304832126e+00 1.321223069288734766e+13 0.000000000000000000e+00 9.951305807471776367e+21
4.828298614209853113e+05 4.118066138756660803e+04 5.562684416567649670e+00 1.319231156980375781e+13 0.000000000000000000e+00 1.942939798389030650e+22
5.793958337051824201e+05 4.115173246225589537e+04 6.672418014603470837e+00 1.316799081388811914e+13 0.000000000000000000e+00 3.356033106418099605e+22
6.759618059893794125e+05 4.111743071145701106e+04 7.780610610364306012e+00 1.313928337369472070e+13 0.000000000000000000e+00 5.326643644306900910e+22
7.725277782735765213e+05 4.107790847683722677e+04 8.887006480340247094e+00 1.310620686418040234e+13 0.000000000000000000e+00 7.946558441895428201e+22
8.690937505577736301e+05 4.103318999204922875e+04 9.991355246559445291e+00 1.306878156670454102e+13 0.000000000000000000e+00 1.130711841939113304e+23
9.656597228419706225e+05 4.098330253416505002e+04 1.109341400449707926e+01 1.302703030969122266e+13 0.000000000000000000e+00 1.549886626633238173e+23
1.062225695126167731e+06 4.092827648146718275e+04 1.219293398187336130e+01 1.298097851699513281e+13 0.000000000000000000e+00 2.061199125773138442e+23
1.158791667410364840e+06 4.086814545519191597e+04 1.328965901984466846e+01 1.293065432652783008e+13 0.000000000000000000e+00 2.673632494059956627e+23
1.255357639694561949e+06 4.080285885553788103e+04 1.438333353418613036e+01 1.287608844672839062e+13 0.000000000000000000e+00 3.396065846083065290e+23
1.351923611978758825e+06 4.073183082668777206e+04 1.547370252736458340e+01 1.281731415625581445e+13 0.000000000000000000e+00 4.237274140220674686e+23
1.448489584262955934e+06 4.065576030668863677e+04 1.656051158853860983e+01 1.275436730398901953e+13 0.000000000000000000e+00 5.205928178639837793e+23
1.545055556547153043e+06 4.057469372456306883e+04 1.764350689355849866e+01 1.268728630902684375e+13 0.000000000000000000e+00 6.310594607296441253e+23
1.641621528831350151e+06 4.048868061541378847e+04 1.872243520496625990e+01 1.261611216068804883e+13 0.000000000000000000e+00 7.559735915935212755e+23
1.738187501115547260e+06 4.039710112332738936e+04 1.979704387199563698e+01 1.254088841851131836e+13 0.000000000000000000e+00 8.961710438089720364e+23
1.834753473399744136e+06 4.030025428744705277e+04 2.086708083057208185e+01 1.246166121225525000e+13 0.000000000000000000e+00 1.052477235108235708e+24
1.931319445683941245e+06 4.019857317294051609e+04 2.193229460331279057e+01 1.237847924189836523e+13 0.000000000000000000e+00 1.225707167602438650e+24
2.027885417968138354e+06 4.009196063787750609e+04 2.299243886006287596e+01 1.229139219669112891e+13 0.000000000000000000e+00 1.416648148995375635e+24
2.124451390252335463e+06 3.997952494304554421e+04 2.404727143991374660e+01 1.220045189899228906e+13 0.000000000000000000e+00 1.626073157774058912e+24
2.221017362536532339e+06 3.986239545243204338e+04 2.509654429548178456e+01 1.210571516292618359e+13 0.000000000000000000e+00 1.854769507827024084e+24
2.317583334820729680e+06 3.974042479655898933e+04 2.614001004289479013e+01 1.200724078532414258e+13 0.000000000000000000e+00 2.103504309453437064e+24
2.414149307104926556e+06 3.961266840182516898e+04 2.717742205302339187e+01 1.190508950970794531e+13 0.000000000000000000e+00 2.373024067346197945e+24
2.510715279389123898e+06 3.948039186619433167e+04 2.820853445148108563e+01 1.179932402628980273e+13 0.000000000000000000e+00 2.664054680591951462e+24
2.607281251673320774e+06 3.934282866423636005e+04 2.923310211862420260e+01 1.169000897197237109e+13 0.000000000000000000e+00 2.977301442671075991e+24
2.703847223957517650e+06 3.920013598447675031e+04 3.025088068955193066e+01 1.157721093034875000e+13 0.000000000000000000e+00 3.313449041457692941e+24
2.800413196241714992e+06 3.905282459405677218e+04 3.126162655410630720e+01 1.146099843170247461e+13 0.000000000000000000e+00 3.673161559219662999e+24
2.896979168525911868e+06 3.889984015301700856e+04 3.226509685687221207e+01 1.134144195300752344e+13 0.000000000000000000e+00 4.057082472618582637e+24
2.993545140810109209e+06 3.874264615418255562e+04 3.326104949717738180e+01 1.121861391792831641e+13 0.000000000000000000e+00 4.465834652709792168e+24
3.090111113094306085e+06 3.857951133072895755e+04 3.424924312909238466e+01 1.109258869681971289e+13 0.000000000000000000e+00 4.900020364942362859e+24
3.186677085378502961e+06 3.841231661472759151e+04 3.522943716143065274e+01 1.096344260672701562e+13 0.000000000000000000e+00 5.360221269159113038e+24
3.283243057662700303e+06 3.823922193938108103e+04 3.620139175774848184e+01 1.083125391138596484e+13 0.000000000000000000e+00 5.846998419596601652e+24
3.379809029946897179e+06 3.806195689994147688e+04 3.716486783634496760e+01 1.069610282122274609e+13 0.000000000000000000e+00 6.360892264885115381e+24
3.476375002231094521e+06 3.787910535591720691e+04 3.811962707026211206e+01 1.055807149335397852e+13 0.000000000000000000e+00 6.902422648048693335e+24
3.572940974515291397e+06 3.769171997416843078e+04 3.906543188728472416e+01 1.041724403158673242e+13 0.000000000000000000e+00 7.472088806505101285e+24
3.669506946799488273e+06 3.749937054885787074e+04 4.000204546994046950e+01 1.027370648641850977e+13 0.000000000000000000e+00 8.070369372065854208e+24
3.766072919083685614e+06 3.730185769639939826e+04 4.092923175549989168e+01 1.012754685503725977e+13 0.000000000000000000e+00 8.697722370936202332e+24
3.862638891367882490e+06 3.709993807826413831e+04 4.184675265086075768e+01 9.978854646445078125e+12 0.000000000000000000e+00 9.354576155922288804e+24
3.959204863652079832e+06 3.689264651556168974e+04 4.275436009386330483e+01 9.827719014874248047e+12 0.000000000000000000e+00 1.004129092787164114e+25
4.055770835936276708e+06 3.668055437078603427e+04 4.365182479978302865e+01 9.674232589777972656e+12 0.000000000000000000e+00 1.075824185150286637e+25
4.152336808220473584e+06 3.646393031068719574e+04 4.453891976735420855e+01 9.518489532600857422e+12 0.000000000000000000e+00 1.150578054510507255e+25
4.248902780504670925e+06 3.624224903829266259e+04 4.541541710951886301e+01 9.360585099110980469e+12 0.000000000000000000e+00 1.228422602570370725e+25
4.345468752788867801e+06 3.601549209468634217e+04 4.628108805342674970e+01 9.200615639399900391e+12 0.000000000000000000e+00 1.309386470906053608e+25
4.442034725073064677e+06 3.578411557760423602e+04 4.713570294043538667e+01 9.038678597882644531e+12 0.000000000000000000e+00 1.393495040967366416e+25
4.538600697357262485e+06 3.554806808264633582e+04 4.797903122611003823e+01 8.874872513297714844e+12 0.000000000000000000e+00 1.480770434077753613e+25
4.635166669641459361e+06 3.530730254809749022e+04 4.881084148022370783e+01 8.709297018707092773e+12 0.000000000000000000e+00 1.571231511434290609e+25
4.731732641925656237e+06 3.506124358154047513e+04 4.963090138675714513e+01 8.542052841496229492e+12 0.000000000000000000e+00 1.664893874107688267e+25
4.828298614209853113e+06 3.481047169364470756e+04 5.043897774389884603e+01 8.373241803374049805e+12 0.000000000000000000e+00 1.761769863042289470e+25
4.924864586494049989e+06 3.455496204779432446e+04 5.123483646404508107e+01 8.202966820372955078e+12 0.000000000000000000e+00 1.861868559056070194e+25
5.021430558778247796e+06 3.429468644725150079e+04 5.201824257379983862e+01 8.031331902848817383e+12 0.000000000000000000e+00 1.965195782840641654e+25
5.117996531062444672e+06 3.402962163138676260e+04 5.278896021397485327e+01 7.858442155480990234e+12 0.000000000000000000e+00 2.071754094961243648e+25
5.214562503346641548e+06 3.375975100344064413e+04 5.354675263958962006e+01 7.684403777272292969e+12 0.000000000000000000e+00 2.181542795856753364e+25
5.311128475630838424e+06 3.348506465868759551e+04 5.429138221987138735e+01 7.509324061549025391e+12 0.000000000000000000e+00 2.294557925839680649e+25
5.407694447915035300e+06 3.320555724340533197e+04 5.502261043825512843e+01 7.333311395960957031e+12 0.000000000000000000e+00 2.410792265096166299e+25
5.504260420199233107e+06 3.292122916855901713e+04 5.574019122984577024e+01 7.156474481629345703e+12 0.000000000000000000e+00 2.530232486208167295e+25
5.600826392483429983e+06 3.263208610322106688e+04 5.644388736518404670e+01 6.978921738806620117e+12 0.000000000000000000e+00 2.652860563090185891e+25
5.697392364767626859e+06 3.233814027663636080e+04 5.713348256487891774e+01 6.800763161771015625e+12 0.000000000000000000e+00 2.778660332555052900e+25
5.793958337051823735e+06 3.203941191759552748e+04 5.780875566816191480e+01 6.622109220911457031e+12 0.000000000000000000e+00 2.907610954625484173e+25
5.890524309336020611e+06 3.173564761147597892e+04 5.846948017358280936e+01 6.443070831871319336e+12 0.000000000000000000e+00 3.039686768946715662e+25
5.987090281620218419e+06 3.142675772018975840e+04 5.911542423900960586e+01 6.263759355548420898e+12 0.000000000000000000e+00 3.174857294786503849e+25
6.083656253904415295e+06 3.111308797773283004e+04 5.974635068162850615e+01 6.084286598095035156e+12 0.000000000000000000e+00 3.313087231035122304e+25
6.180222226188612171e+06 3.079468639537666604e+04 6.036201697794395216e+01 5.904764810917875000e+12 0.000000000000000000e+00 3.454336456205367277e+25
6.276788198472809047e+06 3.047097113419212110e+04 6.096217526377862583e+01 5.725306690678106445e+12 0.000000000000000000e+00 3.598560028432554256e+25
6.373354170757005922e+06 3.014219475882969709e+04 6.154657233427340657e+01 5.546025379291341797e+12 0.000000000000000000e+00 3.745708185474517969e+25
6.469920143041203730e+06 2.980871145951199287e+04 6.211494964388742090e+01 5.367034463927636719e+12 0.000000000000000000e+00 3.895726344711615389e+25
6.566486115325400606e+06 2.946944289735519851e+04 6.266704330639799991e+01 5.188447977011504883e+12 0.000000000000000000e+00 4.048555103146716719e+25
6.663052087609597482e+06 2.912559093944156484e+04 6.320258409490072893e+01 5.010380396221898438e+12 0.000000000000000000e+00 4.204130237405220419e+25
6.759618059893794358e+06 2.877579174348587185e+04 6.372129744180938360e+01 4.832946644492220703e+12 0.000000000000000000e+00 4.362382703735038177e+25
6.856184032177991234e+06 2.842104547706363519e+04 6.422290343885599384e+01 4.656262090010323242e+12 0.000000000000000000e+00 4.523238638006606503e+25
6.952750004462189041e+06 2.806076688699672377e+04 6.470711683709080830e+01 4.480442546218501953e+12 0.000000000000000000e+00 4.686619355712878141e+25
7.049315976746385917e+06 2.770189228964495851e+04 6.512985742921870269e+01 4.309009966080194824e+12 0.000000000000000000e+00 4.849180209721188357e+25
7.145881949030582793e+06 1.530459395040039817e+04 6.460686299103073793e+01 4.212950552518733887e+12 0.000000000000000000e+00 4.942932044957177986e+25
7.242447921314779669e+06 1.517123251210439412e+04 6.411331328602864232e+01 4.118243544458072266e+12 0.000000000000000000e+00 5.038639580248875606e+25
7.339013893598976545e+06 1.503858381149597153e+04 6.364460621261640227e+01 4.025065115470168945e+12 0.000000000000000000e+00 5.136075237909067623e+25
7.435579865883174352e+06 1.490659026609699504e+04 6.319925132730489992e+01 3.933363599246499512e+12 0.000000000000000000e+00 5.235232838498269520e+25
7.532145838167371228e+06 1.477519667136592761e+04 6.277583909739467316e+01 3.843091487479013672e+12 0.000000000000000000e+00 5.336104444670312434e+25
7.628711810451568104e+06 1.464435126971647696e+04 6.237303858571301873e+01 3.754204008149778809e+12 0.000000000000000000e+00 5.438681342227915631e+25
7.725277782735764980e+06 1.451400419607112053e+04 6.198959745061399218e+01 3.666659125530983398e+12 0.000000000000000000e+00 5.542954040122677919e+25
7.821843755019961856e+06 1.438410871199036774e+04 6.162434194597842918e+01 3.580417540184935059e+12 0.000000000000000000e+00 5.648912270455082796e+25
7.918409727304159664e+06 1.425461990946931473e+04 6.127617692121391713e+01 3.495442688964061035e+12 0.000000000000000000e+00 5.756544988474495020e+25
8.014975699588356540e+06 1.412549469664791104e+04 6.094405617220084537e+01 3.411700045109625977e+12 0.000000000000000000e+00 5.865840155618337893e+25
8.111541671872553416e+06 1.399669332139465769e+04 6.062696950972056698e+01 3.329157505283332520e+12 0.000000000000000000e+00 5.976784049377005893e+25
8.208107644156750292e+06 1.386817792418169302e+04 6.032402772821231451e+01 3.247787149747145020e+12 0.000000000000000000e+00 6.089361941548892974e+25
8.304673616440947168e+06 1.373991643194738572e+04 6.003437931163794872e+01 3.167562517521358887e+12 0.000000000000000000e+00 6.203558051331154031e+25
8.401239588725144044e+06 1.361184240168255201e+04 5.975720680709187604e+01 3.088458504620666504e+12 0.000000000000000000e+00 6.319355531378309786e+25
8.497805561009341851e+06 1.348384363888732696e+04 5.949172682480102736e+01 3.010451364054159668e+12 0.000000000000000000e+00 6.436736467802246779e+25
8.594371533293539658e+06 1.335599067147711867e+04 5.923719003812489348e+01 2.933518705825329102e+12 0.000000000000000000e+00 6.555681880172215655e+25
8.690937505577735603e+06 1.322825190907718570e+04 5.899288118355548960e+01 2.857639496932064453e+12 0.000000000000000000e+00 6.676171721514832882e+25
8.787503477861933410e+06 1.310060184254364685e+04 5.875811906071736246e+01 2.782794061366649414e+12 0.000000000000000000e+00 6.798184878314085042e+25
8.884069450146129355e+06 1.297301357406639363e+04 5.853225653236761872e+01 2.708964080115771973e+12 0.000000000000000000e+00 6.921699170511316811e+25
8.980635422430327162e+06 1.284546375115129922e+04 5.831468052439588945e+01 2.636132591160512695e+12 0.000000000000000000e+00 7.046691351505248134e+25
9.077201394714524969e+06 1.271780195438812734e+04 5.810481202582435145e+01 2.564283989476353516e+12 0.000000000000000000e+00 7.173137108151956188e+25
9.173767366998720914e+06 1.259000118317082524e+04 5.790210608880772014e+01 2.493404027033177734e+12 0.000000000000000000e+00 7.301011060764883972e+25
9.270333339282918721e+06 1.246216157956277857e+04 5.770605182863324245e+01 2.423479812795259277e+12 0.000000000000000000e+00 7.430286763114849756e+25
9.366899311567114666e+06 1.233426930869978969e+04 5.751617242372072525e+01 2.354499812721277344e+12 0.000000000000000000e+00 7.560936702430023887e+25
9.463465283851312473e+06 1.220621192297787820e+04 5.733202511562247849e+01 2.286453849764304688e+12 0.000000000000000000e+00 7.692932299395956280e+25
9.560031256135510281e+06 1.207783552391469493e+04 5.715318266212125309e+01 2.219332562662250977e+12 0.000000000000000000e+00 7.826243392805696701e+25
9.656597228419706225e+06 1.194935066358586846e+04 5.697916382123248269e+01 2.153125355408624512e+12 0.000000000000000000e+00 7.960836598703446124e+25
9.753163200703904033e+06 1.182071380788829265e+04 5.680955999513519572e+01 2.087824020881918457e+12 0.000000000000000000e+00 8.096678986528770252e+25
9.849729172988099977e+06 1.169158405269278228e+04 5.664398412445861908e+01 2.023421227463482666e+12 0.000000000000000000e+00 8.233736316064229958e+25
9.946295145272297785e+06 1.156230658733418568e+04 5.648206039687949698e+01 1.959910218604643311e+12 0.000000000000000000e+00 8.371972729767724337e+25
1.004286111755649559e+07 1.143267534282621091e+04 5.632342424712208384e+01 1.897284812826713623e+12 0.000000000000000000e+00 8.511350752772483825e+25
1.013942708984069154e+07 1.130262796348712618e+04 5.616772235695813720e+01 1.835539403720988770e+12 0.000000000000000000e+00 8.651831292887063337e+25
1.023599306212488934e+07 1.117231605979756932e+04 5.601461265520691057e+01 1.774668959948742676e+12 0.000000000000000000e+00 8.793373640595362874e+25
1.033255903440908529e+07 1.104141251596559232e+04 5.586376431773520324e+01 1.714669025241237061e+12 0.000000000000000000e+00 8.935935469056605195e+25
1.042912500669328310e+07 1.091021766702311470e+04 5.571485776745727492e+01 1.655535718399710938e+12 0.000000000000000000e+00 9.079472834105351276e+25
1.052569097897748090e+07 1.077839361292370450e+04 5.556758467433493109e+01 1.597265733295389648e+12 0.000000000000000000e+00 9.223940174251490003e+25
1.062225695126167685e+07 1.064612994722147778e+04 5.542164795537747324e+01 1.539856338869480225e+12 0.000000000000000000e+00 9.369290310680239892e+25
1.071882292354587466e+07 1.051333386207641888e+04 5.527676177464169882e+01 1.483305379133169922e+12 0.000000000000000000e+00 9.515474447252162828e+25
1.081538889583007060e+07 1.037983576322096633e+04 5.513265154323193684e+01 1.427611273167632324e+12 0.000000000000000000e+00 9.662442170503141735e+25
1.091195486811426841e+07 1.024581099047624593e+04 5.498905391930000519e+01 1.372773015124018555e+12 0.000000000000000000e+00 9.810141449644399474e+25
1.100852084039846621e+07 1.011116128414405830e+04 5.484571680804524618e+01 1.318790174223466797e+12 0.000000000000000000e+00 9.958518636562483378e+25
1.110508681268266216e+07 9.975656860564336966e+03 5.470239936171449813e+01 1.265662894757096680e+12 0.000000000000000000e+00 1.010751846581927728e+26
1.120165278496685997e+07 9.839449619842935135e+03 5.455887181864900271e+01 1.213391892694070312e+12 0.000000000000000000e+00 1.025708403194395452e+26
1.129821875725105591e+07 9.702471473687659454e+03 5.441488313956737954e+01 1.161977660262799316e+12 0.000000000000000000e+00 1.040715285664021305e+26
1.139478472953525372e+07 9.564662344593160014e+03 5.427018521945404217e+01 1.111420738517486084e+12 0.000000000000000000e+00 1.055766175341342002e+26
1.149135070181945153e+07 9.425955227195594489e+03 5.412455038628048243e+01 1.061722449767739502e+12 0.000000000000000000e+00 1.070854745686022973e+26
1.158791667410364747e+07 9.286298489746357518e+03 5.397775170485081730e+01 1.012884572134680298e+12 0.000000000000000000e+00 1.085974336699713205e+26
1.168448264638784528e+07 9.145640309040076318e+03 5.382956297680172497e+01 9.649093395509390869e+11 0.000000000000000000e+00 1.101117954926046274e+26
1.178104861867204122e+07 9.003935469634379842e+03 5.367975874060253005e+01 9.177994417606623535e+11 0.000000000000000000e+00 1.116278273450638109e+26
1.187761459095623903e+07 8.861143984695521794e+03 5.352811427155512547e+01 8.715580243195051270e+11 0.000000000000000000e+00 1.131447631901089397e+26
1.197418056324043684e+07 8.717018253158625157e+03 5.337440558179401506e+01 8.261886885946378174e+11 0.000000000000000000e+00 1.146618036446983527e+26
1.207074653552463278e+07 8.571678146666276007e+03 5.321840942028632071e+01 7.816954917647427979e+11 0.000000000000000000e+00 1.161781159799887441e+26
1.216731250780883059e+07 8.424995747020588169e+03 5.305990327283175390e+01 7.380829468200119629e+11 0.000000000000000000e+00 1.176928341213352842e+26
1.226387848009302653e+07 8.276830381920255604e+03 5.289866536206262992e+01 6.953560225621535645e+11 0.000000000000000000e+00 1.192050586482913615e+26
1.236044445237722434e+07 8.127089950218786726e+03 5.273447464744386792e+01 6.535201436043843994e+11 0.000000000000000000e+00 1.207138567946088233e+26
1.245701042466142215e+07 7.975721352686046885e+03 5.256711082527298373e+01 6.125811903714359131e+11 0.000000000000000000e+00 1.222182624482378382e+26
1.255357639694561809e+07 7.822555368338301378e+03 5.239635432868011122e+01 5.725454990995524902e+11 0.000000000000000000e+00 1.237172761513268962e+26
1.265014236922981590e+07 7.667437068114812064e+03 5.222198632740123969e+01 5.334198618426248779e+11 0.000000000000000000e+00 1.252098650995623285e+26
1.274670834151401184e+07 7.510233143145780559e+03 5.204376123132521315e+01 4.952121696787711792e+11 0.000000000000000000e+00 1.266948859371276398e+26
1.284327431379820965e+07 7.350829415432481255e+03 5.186141959935466872e+01 4.579308620376409912e+11 0.000000000000000000e+00 1.281711270642313207e+26
1.293984028608240746e+07 7.188873464647257606e+03 5.167470868481628088e+01 4.215848457884317627e+11 0.000000000000000000e+00 1.296373528803868835e+26
1.303640625836660340e+07 7.024288800542672107e+03 5.148335808676099390e+01 3.861842787368303833e+11 0.000000000000000000e+00 1.310922289792414003e+26
1.313297223065080121e+07 6.856748836313921856e+03 5.128707974996406449e+01 3.517405696250108643e+11 0.000000000000000000e+00 1.325343221485754689e+26
1.322953820293499716e+07 6.685977509886637563e+03 5.108556796492506891e+01 3.182663781316392212e+11 0.000000000000000000e+00 1.339621003703031097e+26
1.332610417521919496e+07 6.511594845826841265e+03 5.087849936786786031e+01 2.857756148718682861e+11 0.000000000000000000e+00 1.353739328204720063e+26
1.342267014750339277e+07 6.333202296834679146e+03 5.066553294074061142e+01 2.542834413973420410e+11 0.000000000000000000e+00 1.367680898692631959e+26
1.351923611978758872e+07 6.150331230347404016e+03 5.044629285146994135e+01 2.238071250537239990e+11 0.000000000000000000e+00 1.381426774998457000e+26
1.361580209207178652e+07 5.962261981711981207e+03 5.022036792290744245e+01 1.943658925049580688e+11 0.000000000000000000e+00 1.394956433321655323e+26
1.371236806435598247e+07 5.768326546353477170e+03 4.998729613144396211e+01 1.659820370178694153e+11 0.000000000000000000e+00 1.408247175290654427e+26
1.380893403664018027e+07 5.567498505080231553e+03 4.974653526443260176e+01 1.386825768188942871e+11 0.000000000000000000e+00 1.421272974097899166e+26
1.390550000892437808e+07 5.358602875546966970e+03 4.949746287671740674e+01 1.124992574205642395e+11 0.000000000000000000e+00 1.434004472802169719e+26
1.400206598120857403e+07 5.139935915510354789e+03 4.923937629063338051e+01 8.746855162150430298e+10 0.000000000000000000e+00 1.446408984328582961e+26
1.409863195349277183e+07 4.909195499349785678e+03 4.897143444573701032e+01 6.363481099525178528e+10 0.000000000000000000e+00 1.458448500601466192e+26
1.419519792577696778e+07 4.663038892464579476e+03 4.869254766047094307e+01 4.105642670718819427e+10 0.000000000000000000e+00 1.470075808337141244e+26
1.429176389806116559e+07 4.396239592109718615e+03 4.840130329208270155e+01 1.981024660552333069e+10 0.000000000000000000e+00 1.481231868951235545e+26
1.438832987034536339e+07 4.099750755798339924e+03 4.809581388312059858e+01 1.767945064544677734e+03 0.000000000000000000e+00 1.491840443777963550e+26
