# Radius (m)	Density (kg/m^3)	Gravity (m/s^2)	Pressure (Pa)	Temperature (K)	Mass Enclosed (kg)
0.000000000000000000e+00 4.442228277911628538e+04 0.000000000000000000e+00 1.606013092585760352e+13 0.000000000000000000e+00 0.000000000000000000e+00
9.961868471925858466e+04 4.441932655442928080e+04 1.237215035927847762e+00 1.605739327818892578e+13 0.000000000000000000e+00 1.839590082069163213e+20
1.992373694385171693e+05 4.441045976513533969e+04 2.474133195837796784e+00 1.604918208059429297e+13 0.000000000000000000e+00 1.471493384456750498e+21
2.988560541577757685e+05 4.439568808468425414e+04 3.710459805519210619e+00 1.603550258704057031e+13 0.000000000000000000e+00 4.965308602837371978e+21
3.984747388770343387e+05 4.437502091983606806e+04 4.945897702756402836e+00 1.601636350877179688e+13 0.000000000000000000e+00 1.176614221397902964e+22
4.980934235962929088e+05 4.434847146180918207e+04 6.180152241133277435e+00 1.599177706167552344e+13 0.000000000000000000e+00 2.297251681297870566e+22
5.977121083155515371e+05 4.431605664630394313e+04 7.412929373715104298e+00 1.596175892926213867e+13 0.000000000000000000e+00 3.967962492868545321e+22
6.973307930348101072e+05 4.427779708248790121e+04 8.643936212566945443e+00 1.592632819690078516e+13 0.000000000000000000e+00 6.297746396532316937e+22
7.969494777540686773e+05 4.423371705173538066e+04 9.872881139586146659e+00 1.588550735065219336e+13 0.000000000000000000e+00 9.395078513166571379e+22
8.965681624733272474e+05 4.418372800770799950e+04 1.109947260061833241e+01 1.583932229177352734e+13 0.000000000000000000e+00 1.336786301013690218e+23
9.961868471925858175e+05 4.412747020499434439e+04 1.232340089523615489e+01 1.578780267041057031e+13 0.000000000000000000e+00 1.832294945908263737e+23
1.095805531911844388e+06 4.406542342796141747e+04 1.354436461851136819e+01 1.573098163749895703e+13 0.000000000000000000e+00 2.436709734492065350e+23
1.195424216631103074e+06 4.399762737828786339e+04 1.476206959932982699e+01 1.566889555093665039e+13 0.000000000000000000e+00 3.160614405225982407e+23
1.295042901350361528e+06 4.392412528906710213e+04 1.597622343787597821e+01 1.560158400261127539e+13 0.000000000000000000e+00 4.014470554742814461e+23
1.394661586069620214e+06 4.384496392480730719e+04 1.718653550563288235e+01 1.552908981840011328e+13 0.000000000000000000e+00 5.008617637847290547e+23
1.494280270788878668e+06 4.375974454464954033e+04 1.839271694538219037e+01 1.545145905817009766e+13 0.000000000000000000e+00 6.153272967516045024e+23
1.593898955508137355e+06 4.366840726821951102e+04 1.959448067120415260e+01 1.536874101577782422e+13 0.000000000000000000e+00 7.458531714897639721e+23
1.693517640227396041e+06 4.357151061522036616e+04 2.079154136847762402e+01 1.528098821906953906e+13 0.000000000000000000e+00 8.934366909312550516e+23
1.793136324946654495e+06 4.346911615788076597e+04 2.198361549388005187e+01 1.518825642988114648e+13 0.000000000000000000e+00 1.059062943825316733e+24
1.892755009665913181e+06 4.336072869904384424e+04 2.317042127538749696e+01 1.509060464403820898e+13 0.000000000000000000e+00 1.243704804738381025e+24
1.992373694385171635e+06 4.324626076017353626e+04 2.435167532376098976e+01 1.498809457591639844e+13 0.000000000000000000e+00 1.448315543967819306e+24
2.091992379104430322e+06 4.312643915561043104e+04 2.552708028213460878e+01 1.488079011173673633e+13 0.000000000000000000e+00 1.673817082488573445e+24
2.191611063823688775e+06 4.300105930391323636e+04 2.669634553619664175e+01 1.476876046295083594e+13 0.000000000000000000e+00 1.921143108522295349e+24
2.291229748542947229e+06 4.286929183067144186e+04 2.785918303116515915e+01 1.465207766928004297e+13 0.000000000000000000e+00 2.191207185840583742e+24
2.390848433262206148e+06 4.273235391772733419e+04 2.901530618168585107e+01 1.453081634545966406e+13 0.000000000000000000e+00 2.484899331835812290e+24
2.490467117981464602e+06 4.258970319742920401e+04 3.016442987183203073e+01 1.440505368123898242e+13 0.000000000000000000e+00 2.803086017521124511e+24
2.590085802700723056e+06 4.244102799186347693e+04 3.130627045510464512e+01 1.427486944138125195e+13 0.000000000000000000e+00 3.146610167530439399e+24
2.689704487419981975e+06 4.228739721883303719e+04 3.244054575443227861e+01 1.414034596566369336e+13 0.000000000000000000e+00 3.516291160118453583e+24
2.789323172139240429e+06 4.212730922678398929e+04 3.356697506217112448e+01 1.400156816887750000e+13 0.000000000000000000e+00 3.912924827160631925e+24
2.888941856858498883e+06 4.196221552179497667e+04 3.468527914010500268e+01 1.385862354082783008e+13 0.000000000000000000e+00 4.337283454153213962e+24
2.988560541577757336e+06 4.179119954382621654e+04 3.579518021944537765e+01 1.371160214633382031e+13 0.000000000000000000e+00 4.790115780213214986e+24
3.088179226297016256e+06 4.161480874277845578e+04 3.689640200083133692e+01 1.356059662522857031e+13 0.000000000000000000e+00 5.272146998078426038e+24
3.187797911016274709e+06 4.143276010625784693e+04 3.798866965432956988e+01 1.340570219235915625e+13 0.000000000000000000e+00 5.784078754107403172e+24
3.287416595735533163e+06 4.124528970782184479e+04 3.907170981943443167e+01 1.324701663758661719e+13 0.000000000000000000e+00 6.326589148279484635e+24
3.387035280454792082e+06 4.105213919818971772e+04 4.014525060506788634e+01 1.308464032578596484e+13 0.000000000000000000e+00 6.900332734194783355e+24
3.486653965174050536e+06 4.085383310910294676e+04 4.120902158957950689e+01 1.291867619684618750e+13 0.000000000000000000e+00 7.505940519074175121e+24
3.586272649893308990e+06 4.064955165292198217e+04 4.226275382074651077e+01 1.274922976567023633e+13 0.000000000000000000e+00 8.144019963759317920e+24
3.685891334612567443e+06 4.044051922305897460e+04 4.330616945671223306e+01 1.257640733569030469e+13 0.000000000000000000e+00 8.815128332123247663e+24
3.785510019331826363e+06 4.022526697015216632e+04 4.433899088053501458e+01 1.240031655809171875e+13 0.000000000000000000e+00 9.519782829041367353e+24
3.885128704051084816e+06 4.000501586723975197e+04 4.536095950638105734e+01 1.222106948167637305e+13 0.000000000000000000e+00 1.025850760666200599e+25
3.984747388770343270e+06 3.977963854939521843e+04 4.637181640682457129e+01 1.203877968118215820e+13 0.000000000000000000e+00 1.103179060901602272e+25
4.084366073489602190e+06 3.954822534859983716e+04 4.737130210914430251e+01 1.185356222525939648e+13 0.000000000000000000e+00 1.184008309072515538e+25
4.183984758208860643e+06 3.931186673038759909e+04 4.835915659532354027e+01 1.166553367647084570e+13 0.000000000000000000e+00 1.268379961700199467e+25
4.283603442928119563e+06 3.907050054950509366e+04 4.933511930205015261e+01 1.147481209129169141e+13 0.000000000000000000e+00 1.356331806365002501e+25
4.383222127647377551e+06 3.882316022346563113e+04 5.029892912071650102e+01 1.128151702010955859e+13 0.000000000000000000e+00 1.447897961706358373e+25
4.482840812366636470e+06 3.857068415089203336e+04 5.125032439741956836e+01 1.108576950722449414e+13 0.000000000000000000e+00 1.543108877422790397e+25
4.582459497085894458e+06 3.831312499384496186e+04 5.218904293296081676e+01 1.088769209084898242e+13 0.000000000000000000e+00 1.641991334271906106e+25
4.682078181805153377e+06 3.805043984319346782e+04 5.311482198284632261e+01 1.068740880310793945e+13 0.000000000000000000e+00 1.744568444070404336e+25
4.781696866524412297e+06 3.778236662146623712e+04 5.402739825728666290e+01 1.048504517003871289e+13 0.000000000000000000e+00 1.850859649694067064e+25
4.881315551243670285e+06 3.750878010647605697e+04 5.492650792119697201e+01 1.028072821159108594e+13 0.000000000000000000e+00 1.960880725077764132e+25
4.980934235962929204e+06 3.723005833840023843e+04 5.581188659419695597e+01 1.007458644162726172e+13 0.000000000000000000e+00 2.074643775215456690e+25
5.080552920682188123e+06 3.694617966613487806e+04 5.668326935061084981e+01 9.866749867921890625e+12 0.000000000000000000e+00 2.192157236160187736e+25
5.180171605401446112e+06 3.665712770739835105e+04 5.754039071946743888e+01 9.657349992162046875e+12 0.000000000000000000e+00 2.313425875024089856e+25
5.279790290120705031e+06 3.636289228886903584e+04 5.838298454607925692e+01 9.446519756246724609e+12 0.000000000000000000e+00 2.438450684106471999e+25
5.379408974839963950e+06 3.606346594996850763e+04 5.921078467454236716e+01 9.234390683145984375e+12 0.000000000000000000e+00 2.567224274066971574e+25
5.479027659559221938e+06 3.575884694062102062e+04 6.002354784136211663e+01 9.021095791782408203e+12 0.000000000000000000e+00 2.699738825790880438e+25
5.578646344278480858e+06 3.544904167044350470e+04 6.082103484850897956e+01 8.806769976267791016e+12 0.000000000000000000e+00 2.835984643010590208e+25
5.678265028997739777e+06 3.513406446827882610e+04 6.160300259464059280e+01 8.591548576021723633e+12 0.000000000000000000e+00 2.975946821478667463e+25
5.777883713716997765e+06 3.481393373890359362e+04 6.236920407510176290e+01 8.375567375771582031e+12 0.000000000000000000e+00 3.119605248967858039e+25
5.877502398436256684e+06 3.448867700715108367e+04 6.311938838192451584e+01 8.158962605552525391e+12 0.000000000000000000e+00 3.266934605271089175e+25
5.977121083155514672e+06 3.415830113955932029e+04 6.385330070382801892e+01 7.941870940707505859e+12 0.000000000000000000e+00 3.417904362201463503e+25
6.076739767874773592e+06 3.382222243895394786e+04 6.457068232621865889e+01 7.724429501887255859e+12 0.000000000000000000e+00 3.572478783592266347e+25
6.176358452594032511e+06 3.348103996530162112e+04 6.527127063118997796e+01 7.506775855050302734e+12 0.000000000000000000e+00 3.730616925296958423e+25
6.275977137313290499e+06 3.313480949346796842e+04 6.595479909752270942e+01 7.289048011462958984e+12 0.000000000000000000e+00 3.892272635189178842e+25
6.375595822032549419e+06 3.278344005426317744e+04 6.662099730068479175e+01 7.071384427699319336e+12 0.000000000000000000e+00 4.057394553162749841e+25
6.475214506751808338e+06 3.242620708015695709e+04 6.726959091283131897e+01 6.853924005641271484e+12 0.000000000000000000e+00 4.225926111131669477e+25
6.574833191471066326e+06 3.206405220640823245e+04 6.790030170280455479e+01 6.636806092478490234e+12 0.000000000000000000e+00 4.397805533030112055e+25
6.674451876190325245e+06 3.169632019591752396e+04 6.851284753613398948e+01 6.420170480708431641e+12 0.000000000000000000e+00 4.572965834812437152e+25
6.774070560909584165e+06 3.132316146302313427e+04 6.910694237503626880e+01 6.204157408136344727e+12 0.000000000000000000e+00 4.751334824453178448e+25
6.873689245628842153e+06 3.094451092359553877e+04 6.968229627841523666e+01 5.988907557875267578e+12 0.000000000000000000e+00 4.932835101947048020e+25
6.973307930348101072e+06 3.056038259056259994e+04 7.023861102974836967e+01 5.774562690144841797e+12 0.000000000000000000e+00 5.117383121888325486e+25
7.072926615067359060e+06 3.017032926594529999e+04 7.077562932190322442e+01 5.561261876358246094e+12 0.000000000000000000e+00 5.304889875244786512e+25
7.172545299786617979e+06 2.977486352515729232e+04 7.129306983398961961e+01 5.349144405319879883e+12 0.000000000000000000e+00 5.495259962324084668e+25
7.272163984505876899e+06 1.658092824570219818e+04 7.141814919407812567e+01 5.170454539580843750e+12 0.000000000000000000e+00 5.658876863270876615e+25
7.371782669225134887e+06 1.643126887263224489e+04 7.086159125184586571e+01 5.053474110867198242e+12 0.000000000000000000e+00 5.769660664347474754e+25
7.471401353944393806e+06 1.628253229804946022e+04 7.033311471466895171e+01 4.938434629053381836e+12 0.000000000000000000e+00 5.882450914814985085e+25
7.571020038663652726e+06 1.613465126874272028e+04 6.983098037678389858e+01 4.825270608097839844e+12 0.000000000000000000e+00 5.997238335882990259e+25
7.670638723382910714e+06 1.598756156950256627e+04 6.935359749057683132e+01 4.713919905785223633e+12 0.000000000000000000e+00 6.114014304047978495e+25
7.770257408102169633e+06 1.584120115305597392e+04 6.889945627976992171e+01 4.604325233526333008e+12 0.000000000000000000e+00 6.232768113431407852e+25
7.869876092821428552e+06 1.569551246187401375e+04 6.846713122229753878e+01 4.496432677233279297e+12 0.000000000000000000e+00 6.353488071943478300e+25
7.969494777540686540e+06 1.555044057881133631e+04 6.805528105030626307e+01 4.390191697319479980e+12 0.000000000000000000e+00 6.476161501283133434e+25
8.069113462259945460e+06 1.540593183785945075e+04 6.766264875015481550e+01 4.285555128699654785e+12 0.000000000000000000e+00 6.600774736938063055e+25
8.168732146979204379e+06 1.526193702879890407e+04 6.728806156241414271e+01 4.182479180789832520e+12 0.000000000000000000e+00 6.727313128184698014e+25
8.268350831698462367e+06 1.511840912363524876e+04 6.693039528722781029e+01 4.080922578946902344e+12 0.000000000000000000e+00 6.855760613754023570e+25
8.367969516417721286e+06 1.497529998894345954e+04 6.658856806047086252e+01 3.980846967170647461e+12 0.000000000000000000e+00 6.986099224785411482e+25
8.467588201136980206e+06 1.483244873959404504e+04 6.626163031821269556e+01 3.882218648752295898e+12 0.000000000000000000e+00 7.118310360725392344e+25
8.567206885856239125e+06 1.468992660914529915e+04 6.594867184440317942e+01 3.785005671065316406e+12 0.000000000000000000e+00 7.252374139819007468e+25
8.666825570575496182e+06 1.454769924872610500e+04 6.564881855717239034e+01 3.689177737125721191e+12 0.000000000000000000e+00 7.388269368670824182e+25
8.766444255294755101e+06 1.440573041521939376e+04 6.536123250883058233e+01 3.594706205592057129e+12 0.000000000000000000e+00 7.525973542244944420e+25
8.866062940014014021e+06 1.426398791145336872e+04 6.508511188586830087e+01 3.501564090765417480e+12 0.000000000000000000e+00 7.665462843864993556e+25
8.965681624733272940e+06 1.412243944776408534e+04 6.481969100895628344e+01 3.409726062589435059e+12 0.000000000000000000e+00 7.806712145214124700e+25
9.065300309452531859e+06 1.398105651936610593e+04 6.456424033294550213e+01 3.319168446650283203e+12 0.000000000000000000e+00 7.949695006335020413e+25
9.164918994171788916e+06 1.383969804884545010e+04 6.431806644686716368e+01 3.229869224176677734e+12 0.000000000000000000e+00 8.094383675629888415e+25
9.264537678891047835e+06 1.369829515293935037e+04 6.408051207393265258e+01 3.141808032039871094e+12 0.000000000000000000e+00 8.240749089860471891e+25
9.364156363610306755e+06 1.355696327878385273e+04 6.385095607153362351e+01 3.054966162753661133e+12 0.000000000000000000e+00 8.388760874148037465e+25
9.463775048329565674e+06 1.341568091928889407e+04 6.362881343124194444e+01 2.969326564474383789e+12 0.000000000000000000e+00 8.538387341973378638e+25
9.563393733048824593e+06 1.327442840665889889e+04 6.341353527880970375e+01 2.884873841000917969e+12 0.000000000000000000e+00 8.689595495176819222e+25
9.663012417768083513e+06 1.313286059701171689e+04 6.320460887416922446e+01 2.801594251774682617e+12 0.000000000000000000e+00 8.842351023958211623e+25
9.762631102487340569e+06 1.299126044932580771e+04 6.300155761143304289e+01 2.719475711879638672e+12 0.000000000000000000e+00 8.996618306876929968e+25
9.862249787206599489e+06 1.284963381192345332e+04 6.280392434809637336e+01 2.638507133702074707e+12 0.000000000000000000e+00 9.152360011054038776e+25
9.961868471925858408e+06 1.270772033259357522e+04 6.261119704205513870e+01 2.558675427112707520e+12 0.000000000000000000e+00 9.309535663310839074e+25
1.006148715664511733e+07 1.256556962216481043e+04 6.242293700514464661e+01 2.479970522328541504e+12 0.000000000000000000e+00 9.468104886955879648e+25
1.016110584136437625e+07 1.242334226021580980e+04 6.223872965914428335e+01 2.402383502456942871e+12 0.000000000000000000e+00 9.628025724758485472e+25
1.026072452608363330e+07 1.228063044301368791e+04 6.205817240017032077e+01 2.325906129889851074e+12 0.000000000000000000e+00 9.789254313681275684e+25
1.036034321080289222e+07 1.213774023217374270e+04 6.188087459867592344e+01 2.250530846303772461e+12 0.000000000000000000e+00 9.951744884880179046e+25
1.045996189552215114e+07 1.199448094058755305e+04 6.170645759945114861e+01 2.176250772659788574e+12 0.000000000000000000e+00 1.011544976370441504e+26
1.055958058024141006e+07 1.185083518687875403e+04 6.153455472162294626e+01 2.103059709203551270e+12 0.000000000000000000e+00 1.028031936969650592e+26
1.065919926496066898e+07 1.170681197268600590e+04 6.136481125865515196e+01 2.030952135465283691e+12 0.000000000000000000e+00 1.044630221659227495e+26
1.075881794967992790e+07 1.156233317126570182e+04 6.119688447834849399e+01 1.959923210259779785e+12 0.000000000000000000e+00 1.061334491232084473e+26
1.085843663439918496e+07 1.141734541212242766e+04 6.103044362284060043e+01 1.889968771686406250e+12 0.000000000000000000e+00 1.078139215900463372e+26
1.095805531911844388e+07 1.127197800928069410e+04 6.086516990860597076e+01 1.821085337129097168e+12 0.000000000000000000e+00 1.095038675295936660e+26
1.105767400383770280e+07 1.112584450647529593e+04 6.070075652645601849e+01 1.753270103256361816e+12 0.000000000000000000e+00 1.112026958469406561e+26
1.115729268855696172e+07 1.097924109556672738e+04 6.053690864153903561e+01 1.686520946021279785e+12 0.000000000000000000e+00 1.129097963891104889e+26
1.125691137327622063e+07 1.083208725620240511e+04 6.037334339334020683e+01 1.620836420661500977e+12 0.000000000000000000e+00 1.146245399450594078e+26
1.135653005799547955e+07 1.068409436449057102e+04 6.020978989568160245e+01 1.556215761699247070e+12 0.000000000000000000e+00 1.163462782456765805e+26
1.145614874271473661e+07 1.053542082740869228e+04 6.004598923672219968e+01 1.492658882941312744e+12 0.000000000000000000e+00 1.180743439637842023e+26
1.155576742743399553e+07 1.038601590328663588e+04 5.988169447895784714e+01 1.430166377479060059e+12 0.000000000000000000e+00 1.198080507141375302e+26
1.165538611215325445e+07 1.023581594740498258e+04 5.971664240843090710e+01 1.368738804202600342e+12 0.000000000000000000e+00 1.215466552302454005e+26
1.175500479687251337e+07 1.008474891809486508e+04 5.955055910809742414e+01 1.308376415740191650e+12 0.000000000000000000e+00 1.232893849529789926e+26
1.185462348159177229e+07 9.932757988079185452e+03 5.938319985762882425e+01 1.249080449918979736e+12 0.000000000000000000e+00 1.250354794356169409e+26
1.195424216631102934e+07 9.779782741993505624e+03 5.921432054643637599e+01 1.190852692395157227e+12 0.000000000000000000e+00 1.267841388929641969e+26
1.205386085103028826e+07 9.625774174580772524e+03 5.904367758718453985e+01 1.133695474841941406e+12 0.000000000000000000e+00 1.285345240680522729e+26
1.215347953574954718e+07 9.470687617751815196e+03 5.887102791579103211e+01 1.077611674949578857e+12 0.000000000000000000e+00 1.302857562321390356e+26
1.225309822046880610e+07 9.314458837176993256e+03 5.869612899142675388e+01 1.022604716425343262e+12 0.000000000000000000e+00 1.320369171847088270e+26
1.235271690518806502e+07 9.156826233988111198e+03 5.851873879651584076e+01 9.686785689935358887e+11 0.000000000000000000e+00 1.337870492534724639e+26
1.245233558990732394e+07 8.997972040947952337e+03 5.833861583673564155e+01 9.158377483954846191e+11 0.000000000000000000e+00 1.355351552943672724e+26
1.255195427462658100e+07 8.837622113554258249e+03 5.815551914101672537e+01 8.640873163895460205e+11 0.000000000000000000e+00 1.372801986915569332e+26
1.265157295934583992e+07 8.675840924775220628e+03 5.796920826154286743e+01 8.134328807511010742e+11 0.000000000000000000e+00 1.390211033574317223e+26
1.275119164406509884e+07 8.512280600039583078e+03 5.777944327375107036e+01 7.638805952725610352e+11 0.000000000000000000e+00 1.407567537326082704e+26
1.285081032878435776e+07 8.347008724121438718e+03 5.758598477633154999e+01 7.154371597633635254e+11 0.000000000000000000e+00 1.424859947859297518e+26
1.295042901350361668e+07 8.179849276272921998e+03 5.738859389122774246e+01 6.681098200499732666e+11 0.000000000000000000e+00 1.442076320144657126e+26
1.305004769822287373e+07 8.010642914392956300e+03 5.718703022266641511e+01 6.219064112165783691e+11 0.000000000000000000e+00 1.459204250216214789e+26
1.314966638294213265e+07 7.839252194553291702e+03 5.698101839406732694e+01 5.768359480063218994e+11 0.000000000000000000e+00 1.476229879742170520e+26
1.324928506766139157e+07 7.665365032292265823e+03 5.677028407159935597e+01 5.329079146452409058e+11 0.000000000000000000e+00 1.493139043503266053e+26
1.334890375238065049e+07 7.488938129244244010e+03 5.655454505978450896e+01 4.901329244659251709e+11 0.000000000000000000e+00 1.509916807525734563e+26
1.344852243709990941e+07 7.309542397993502163e+03 5.633350106482356523e+01 4.485229897673302002e+11 0.000000000000000000e+00 1.526547124968075606e+26
1.354814112181916833e+07 7.127030278179739980e+03 5.610683369459609082e+01 4.080915218147771606e+11 0.000000000000000000e+00 1.543012836121054948e+26
1.364775980653842539e+07 6.940961699035524362e+03 5.587420645866041014e+01 3.688533308399533691e+11 0.000000000000000000e+00 1.559295668407704221e+26
1.374737849125768431e+07 6.751072367244962152e+03 5.563526476825364142e+01 3.308246260409096069e+11 0.000000000000000000e+00 1.575376236383322641e+26
1.384699717597694322e+07 6.556752729716661634e+03 5.538963473031495255e+01 2.940230853423707275e+11 0.000000000000000000e+00 1.591233995557366982e+26
1.394661586069620214e+07 6.357513033240473305e+03 5.513688877803800636e+01 2.584697329307742920e+11 0.000000000000000000e+00 1.606845971983372569e+26
1.404623454541546106e+07 6.152676862506188627e+03 5.487656598979946665e+01 2.241876558622752686e+11 0.000000000000000000e+00 1.622187581582167636e+26
1.414585323013471812e+07 5.941316056177365681e+03 5.460813755818643500e+01 1.912043442458493652e+11 0.000000000000000000e+00 1.637231162154300229e+26
1.424547191485397704e+07 5.722377060207663817e+03 5.433098843402105160e+01 1.595528081177892456e+11 0.000000000000000000e+00 1.651945247376975779e+26
1.434509059957323596e+07 5.494451086493421826e+03 5.404441732636049522e+01 1.292715774417076111e+11 0.000000000000000000e+00 1.666294566804053666e+26
1.444470928429249488e+07 5.255565955225778453e+03 5.374762922686804956e+01 1.004051418482080536e+11 0.000000000000000000e+00 1.680239774852510294e+26
1.454432796901175380e+07 5.003016689094612957e+03 5.343962580473521484e+01 7.301043440930392456e+10 0.000000000000000000e+00 1.693733451605124058e+26
1.464394665373101272e+07 4.732804656087771946e+03 5.311913153674871779e+01 4.716157575856964111e+10 0.000000000000000000e+00 1.706717262295425508e+26
1.474356533845026977e+07 4.438510369833828008e+03 5.278447943696773592e+01 2.295696492189098358e+10 0.000000000000000000e+00 1.719117721943733725e+26
1.484318402316952869e+07 4.108644507748576871e+03 5.243331147232748179e+01 5.376146575217514038e+08 0.000000000000000000e+00 1.730835394133673475e+26
