# Radius (m)	Density (kg/m^3)	Gravity (m/s^2)	Pressure (Pa)	Temperature (K)	Mass Enclosed (kg)
0.000000000000000000e+00 5.059157016372128419e+04 0.000000000000000000e+00 2.226239577516089844e+13 0.000000000000000000e+00 0.000000000000000000e+00
1.046717748632116563e+05 5.058793913522189541e+04 1.480505053493804901e+00 2.225847557814391797e+13 0.000000000000000000e+00 2.430317684693465825e+20
2.093435497264233127e+05 5.057704854784208874e+04 2.960627097761905802e+00 2.224671768415695312e+13 0.000000000000000000e+00 1.944003573955877667e+21
3.140153245896349545e+05 5.055890591351482726e+04 4.439985616282974057e+00 2.222713020336964844e+13 0.000000000000000000e+00 6.559602309831270072e+21
4.186870994528466254e+05 5.053352369077054027e+04 5.918197139005135554e+00 2.219972658648721094e+13 0.000000000000000000e+00 1.554371568206109213e+22
5.233588743160582962e+05 5.050091936384960718e+04 7.394881789422298013e+00 2.216452571016316016e+13 0.000000000000000000e+00 3.034733027116139833e+22
6.280306491792699089e+05 5.046111534168633807e+04 8.869660357980835741e+00 2.212155176793866406e+13 0.000000000000000000e+00 5.241598680224453204e+22
7.327024240424815798e+05 5.041413890364577674e+04 1.034215518318545612e+01 2.207083421165785938e+13 0.000000000000000000e+00 8.318823700268910117e+22
8.373741989056932507e+05 5.036002219950775907e+04 1.181199015428663657e+01 2.201240775145068750e+13 0.000000000000000000e+00 1.240956427067497634e+23
9.420459737689049216e+05 5.029880218621954555e+04 1.327878558031558320e+01 2.194631228744860156e+13 0.000000000000000000e+00 1.765588794651881169e+23
1.046717748632116592e+06 5.023047047124976234e+04 1.474215723751832563e+01 2.187259321811530859e+13 0.000000000000000000e+00 2.419909686089564029e+23
1.151389523495328147e+06 5.015435924943891587e+04 1.620172830202371017e+01 2.179130134014631250e+13 0.000000000000000000e+00 3.217992522898289040e+23
1.256061298358539818e+06 5.007121006993352785e+04 1.765712277798294849e+01 2.170249245240603906e+13 0.000000000000000000e+00 4.173748028982063666e+23
1.360733073221751489e+06 4.998107985556061612e+04 1.910796538236787967e+01 2.160622735228280469e+13 0.000000000000000000e+00 5.300923006890599944e+23
1.465404848084963160e+06 4.988403020911975182e+04 2.055388154497100572e+01 2.150257183568878516e+13 0.000000000000000000e+00 6.613100337819316157e+23
1.570076622948174831e+06 4.978012741338311753e+04 2.199449740840545786e+01 2.139159669706004688e+13 0.000000000000000000e+00 8.123698981609338516e+23
1.674748397811386501e+06 4.966835950773522200e+04 2.342943982810503911e+01 2.127337772935651953e+13 0.000000000000000000e+00 9.845973976747497803e+23
1.779420172674598172e+06 4.954968996767772478e+04 2.485833637232417104e+01 2.114799572406201172e+13 0.000000000000000000e+00 1.179301644036633541e+24
1.884091947537809843e+06 4.942432206836515979e+04 2.628081532213794702e+01 2.101553647118421094e+13 0.000000000000000000e+00 1.397775356824409260e+24
1.988763722401021514e+06 4.929216602840858832e+04 2.769650579408956759e+01 2.087608918490737891e+13 0.000000000000000000e+00 1.641277242145349436e+24
2.093435497264233185e+06 4.915214719526160479e+04 2.910503997913832919e+01 2.072974698733173047e+13 0.000000000000000000e+00 1.911032833120667328e+24
2.198107272127444856e+06 4.900562897383391100e+04 3.050605317911001535e+01 2.057661188381250000e+13 0.000000000000000000e+00 2.208288822279328670e+24
2.302779046990656294e+06 4.885270662365586031e+04 3.189918245838850552e+01 2.041678987966007812e+13 0.000000000000000000e+00 2.534261588756048384e+24
2.407450821853868198e+06 4.869175907027865469e+04 3.328406661943368050e+01 2.025039078828437500e+13 0.000000000000000000e+00 2.890135126149294780e+24
2.512122596717079636e+06 4.852455980612355052e+04 3.466034620278138334e+01 2.007752823119479688e+13 0.000000000000000000e+00 3.277061042521285792e+24
2.616794371580291539e+06 4.835064567145530600e+04 3.602766348704348331e+01 1.989831963800025781e+13 0.000000000000000000e+00 3.696158560397992474e+24
2.721466146443502977e+06 4.816931786679469224e+04 3.738566248890780486e+01 1.971288624640917969e+13 0.000000000000000000e+00 4.148514516769131748e+24
2.826137921306714881e+06 4.798202536108227650e+04 3.873398896313818085e+01 1.952135310222948828e+13 0.000000000000000000e+00 4.635183363088180899e+24
2.930809696169926319e+06 4.778702215276692004e+04 4.007229040257441710e+01 1.932384905936861328e+13 0.000000000000000000e+00 5.157187165272360400e+24
3.035481471033138223e+06 4.758600181589827844e+04 4.140021603813234208e+01 1.912050677983349609e+13 0.000000000000000000e+00 5.715515603702648939e+24
3.140153245896349661e+06 4.737778790227837453e+04 4.271741683880372875e+01 1.891146273373057422e+13 0.000000000000000000e+00 6.311125973223766778e+24
3.244825020759561565e+06 4.716329880204808433e+04 4.402354551165637275e+01 1.869685719926579688e+13 0.000000000000000000e+00 6.944943183144200989e+24
3.349496795622773003e+06 4.694180426677109790e+04 4.531825650183404264e+01 1.847683426274462109e+13 0.000000000000000000e+00 7.617859757236172163e+24
3.454168570485984441e+06 4.671414554749140370e+04 4.660120599255650120e+01 1.825154181857200781e+13 0.000000000000000000e+00 8.330735833735664476e+24
3.558840345349196345e+06 4.647935294813147630e+04 4.787205190511950548e+01 1.802113156925241797e+13 0.000000000000000000e+00 9.084399165342410659e+24
3.663512120212407783e+06 4.623888214312944910e+04 4.913045389889479964e+01 1.778575902538982422e+13 0.000000000000000000e+00 9.879645119219891998e+24
3.768183895075619686e+06 4.599081128633816843e+04 5.037607337133010788e+01 1.754558350568770508e+13 0.000000000000000000e+00 1.071723667699534907e+25
3.872855669938831124e+06 4.573702479304867302e+04 5.160856852970594133e+01 1.730076524284292383e+13 0.000000000000000000e+00 1.159787067280226558e+25
3.977527444802043028e+06 4.547663565356220352e+04 5.282760331571775225e+01 1.705146556148912109e+13 0.000000000000000000e+00 1.252217962037412772e+25
4.082199219665254466e+06 4.520959658700998989e+04 5.403285676766462586e+01 1.679785285662454688e+13 0.000000000000000000e+00 1.349080486140808120e+25
4.186870994528466370e+06 4.493672284738675808e+04 5.522400859918044347e+01 1.654009751289004688e+13 0.000000000000000000e+00 1.450433907288322308e+25
4.291542769391678274e+06 4.465722807402128819e+04 5.640073898687859355e+01 1.627837181181791211e+13 0.000000000000000000e+00 1.556332519623270262e+25
4.396214544254889712e+06 4.437122681476975413e+04 5.756272857035197887e+01 1.601284993183188477e+13 0.000000000000000000e+00 1.666825643734375354e+25
4.500886319118101150e+06 4.407932015818581567e+04 5.870965845217301649e+01 1.574370794824714062e+13 0.000000000000000000e+00 1.781957626655769180e+25
4.605558093981312588e+06 4.378145839264831739e+04 5.984121019789363771e+01 1.547112383327031055e+13 0.000000000000000000e+00 1.901767841866990278e+25
4.710229868844524957e+06 4.347686877611065574e+04 6.095706583604530948e+01 1.519527745599945898e+13 0.000000000000000000e+00 2.026290689292986057e+25
4.814901643707736395e+06 4.316614777993799362e+04 6.205690785813897037e+01 1.491635058242410938e+13 0.000000000000000000e+00 2.155555595304108930e+25
4.919573418570947833e+06 4.284947208101612341e+04 6.314041921866510876e+01 1.463452687542521484e+13 0.000000000000000000e+00 2.289587012716120831e+25
5.024245193434159271e+06 4.252682060557117802e+04 6.420728333509370600e+01 1.434999189477518164e+13 0.000000000000000000e+00 2.428404420790192134e+25
5.128916968297370709e+06 4.219818256774904148e+04 6.525718408787429325e+01 1.406293309713785938e+13 0.000000000000000000e+00 2.572022325232898647e+25
5.233588743160583079e+06 4.186354947267245734e+04 6.628980582043585912e+01 1.377353983606853906e+13 0.000000000000000000e+00 2.720450258196228059e+25
5.338260518023794517e+06 4.152290196382529393e+04 6.730483333918695621e+01 1.348200336201396094e+13 0.000000000000000000e+00 2.873692778277568771e+25
5.442932292887005955e+06 4.117617829000169877e+04 6.830195191351563722e+01 1.318851682231230859e+13 0.000000000000000000e+00 3.031749470519722349e+25
5.547604067750217393e+06 4.082348007845165557e+04 6.928084846954233456e+01 1.289327347564926367e+13 0.000000000000000000e+00 3.194613147175641253e+25
5.652275842613429762e+06 4.046493598942324752e+04 7.024122695360784974e+01 1.259646395183693555e+13 0.000000000000000000e+00 3.362268599497122372e+25
5.756947617476641200e+06 4.010048159831248631e+04 7.118280195787168907e+01 1.229828412438184375e+13 0.000000000000000000e+00 3.534700752203278204e+25
5.861619392339852639e+06 3.973003127577110718e+04 7.210528595350754699e+01 1.199893034881849609e+13 0.000000000000000000e+00 3.711888310190442450e+25
5.966291167203064077e+06 3.935369537223605585e+04 7.300838901749423826e+01 1.169859906491425586e+13 0.000000000000000000e+00 3.893803302450347481e+25
6.070962942066276446e+06 3.897155512132616423e+04 7.389181883261572636e+01 1.139748679666933398e+13 0.000000000000000000e+00 4.080411082070132495e+25
6.175634716929487884e+06 3.858365549229216413e+04 7.475528068746113775e+01 1.109579015231680469e+13 0.000000000000000000e+00 4.271670326232332352e+25
6.280306491792699322e+06 3.819005454330875364e+04 7.559847747642474758e+01 1.079370582432258008e+13 0.000000000000000000e+00 4.467533036214890458e+25
6.384978266655910760e+06 3.779082545327505795e+04 7.642110969970599399e+01 1.049143058938543359e+13 0.000000000000000000e+00 4.667944537391150174e+25
6.489650041519123130e+06 3.738538948765112582e+04 7.722287546330946384e+01 1.018916130843698242e+13 0.000000000000000000e+00 4.872843479229860833e+25
6.594321816382334568e+06 3.697408413162373472e+04 7.800347047904489273e+01 9.887094926641707031e+12 0.000000000000000000e+00 5.082161835295167427e+25
6.698993591245546006e+06 3.655732782773698273e+04 7.876258806452716499e+01 9.585428473396927734e+12 0.000000000000000000e+00 5.295824903246624353e+25
6.803665366108757444e+06 3.613444071494039963e+04 7.949991914317632791e+01 9.284359062332824219e+12 0.000000000000000000e+00 5.513751304839184250e+25
6.908337140971968882e+06 3.570565632521507359e+04 8.021515224421759171e+01 8.984083891312421875e+12 0.000000000000000000e+00 5.735852985923205721e+25
7.013008915835181251e+06 3.527126152380085841e+04 8.090797350268128696e+01 8.684800242431603516e+12 0.000000000000000000e+00 5.962035216444448188e+25
7.117680690698392689e+06 3.483051487306573836e+04 8.157806665940293556e+01 8.386705482019103516e+12 0.000000000000000000e+00 6.192196590444071029e+25
7.222352465561604127e+06 3.438410508099010622e+04 8.222512200536981197e+01 8.089996429326861328e+12 0.000000000000000000e+00 6.426229020048017543e+25
7.327024240424815565e+06 3.393156909737401293e+04 8.284882422029501470e+01 7.794870232357881836e+12 0.000000000000000000e+00 6.664014271545740915e+25
7.431696015288027935e+06 3.347274556034721900e+04 8.344883264763707587e+01 7.501524310502458008e+12 0.000000000000000000e+00 6.905425586939269562e+25
7.536367790151239373e+06 3.300732505018665688e+04 8.402931475311861220e+01 7.209702583919685547e+12 0.000000000000000000e+00 7.150713491760957868e+25
7.641039565014450811e+06 1.879069725361370001e+04 8.346842838043228596e+01 7.034786452985132812e+12 0.000000000000000000e+00 7.301657235564563093e+25
7.745711339877662249e+06 1.860876307641394669e+04 8.284739509356060694e+01 6.872012989641765625e+12 0.000000000000000000e+00 7.447247408510022887e+25
7.850383114740874618e+06 1.842813652581171482e+04 8.225706546150246368e+01 6.711991545061144531e+12 0.000000000000000000e+00 7.595375633187152918e+25
7.955054889604086056e+06 1.824872819329125196e+04 8.169554475871778720e+01 6.554629744244404297e+12 0.000000000000000000e+00 7.746029277008632885e+25
8.059726664467297494e+06 1.807045640075706615e+04 8.116104946585900848e+01 6.399844181307329102e+12 0.000000000000000000e+00 7.899192135774366132e+25
8.164398439330508932e+06 1.789324459602370553e+04 8.065189227641550929e+01 6.247556322102933594e+12 0.000000000000000000e+00 8.054846621480597933e+25
8.269070214193721302e+06 1.771701900706470769e+04 8.016648290037447566e+01 6.097692281588710938e+12 0.000000000000000000e+00 8.212973926968373257e+25
8.373741989056932740e+06 1.754171035228583787e+04 7.970332806422088368e+01 5.950182823826636719e+12 0.000000000000000000e+00 8.373554025923524750e+25
8.478413763920143247e+06 1.736725359930949344e+04 7.926103151093747101e+01 5.804963361983163086e+12 0.000000000000000000e+00 8.536565672876688192e+25
8.583085538783356547e+06 1.719358633974680561e+04 7.883829400000473697e+01 5.661973958329216797e+12 0.000000000000000000e+00 8.701986403203297342e+25
8.687757313646567985e+06 1.702064869532612647e+04 7.843386479129694067e+01 5.521157746780110352e+12 0.000000000000000000e+00 8.869792001879773167e+25
8.792429088509779423e+06 1.684838703154883842e+04 7.804655171353434184e+01 5.382462211738480469e+12 0.000000000000000000e+00 9.039955939315259996e+25
8.897100863372990862e+06 1.667672196717173938e+04 7.767529622334011208e+01 5.245841000029887695e+12 0.000000000000000000e+00 9.212450458210602621e+25
9.001772638236202300e+06 1.650546315439771206e+04 7.731908194820475444e+01 5.111250093966114258e+12 0.000000000000000000e+00 9.387246093478058558e+25
9.106444413099413738e+06 1.633472380688655176e+04 7.697693339762940923e+01 4.978647763401789062e+12 0.000000000000000000e+00 9.564311661990800252e+25
9.211116187962625176e+06 1.616446011298318626e+04 7.664791596312595345e+01 4.847994565734385742e+12 0.000000000000000000e+00 9.743614262582911640e+25
9.315787962825836614e+06 1.599463318032712050e+04 7.633113591821694399e+01 4.719253345904225586e+12 0.000000000000000000e+00 9.925119276049391583e+25
9.420459737689049914e+06 1.582520378528533001e+04 7.602574041843564601e+01 4.592389236394472656e+12 0.000000000000000000e+00 1.010879036514615387e+26
9.525131512552261353e+06 1.565613708548081740e+04 7.573091750132603295e+01 4.467369657231144531e+12 0.000000000000000000e+00 1.029458947459001520e+26
9.629803287415472791e+06 1.548708504734393864e+04 7.544589608644272971e+01 4.344164315983096680e+12 0.000000000000000000e+00 1.048247683105871749e+26
9.734475062278684229e+06 1.531830550380679961e+04 7.516994597535112632e+01 4.222745207762035156e+12 0.000000000000000000e+00 1.067241094319090729e+26
9.839146837141895667e+06 1.514977968123457322e+04 7.490237785162726425e+01 4.103086615222509766e+12 0.000000000000000000e+00 1.086434860158614952e+26
9.943818612005107105e+06 1.498148323232152688e+04 7.464254328085789325e+01 3.985165108561917969e+12 0.000000000000000000e+00 1.105824487880491884e+26
1.004849038686831854e+07 1.481304761111533298e+04 7.438983471064048558e+01 3.868959545520502930e+12 0.000000000000000000e+00 1.125405312936860316e+26
1.015316216173152998e+07 1.464471683409104298e+04 7.414368547058316494e+01 3.754451071381353516e+12 0.000000000000000000e+00 1.145172498975950528e+26
1.025783393659474142e+07 1.447654231456123307e+04 7.390356977230479174e+01 3.641623118970404297e+12 0.000000000000000000e+00 1.165121037842083954e+26
1.036250571145795472e+07 1.430820692189419788e+04 7.366894466597354096e+01 3.530458440983035156e+12 0.000000000000000000e+00 1.185245612115527987e+26
1.046717748632116616e+07 1.413979467330735497e+04 7.343925461340477057e+01 3.420939195515455078e+12 0.000000000000000000e+00 1.205540669803300632e+26
1.057184926118437760e+07 1.397148122843121928e+04 7.321402080730217676e+01 3.313051585772818359e+12 0.000000000000000000e+00 1.226000605794749958e+26
1.067652103604758903e+07 1.380272602152479521e+04 7.299277852726177684e+01 3.206782754621129883e+12 0.000000000000000000e+00 1.246619572079780766e+26
1.078119281091080047e+07 1.363400761244615751e+04 7.277507681064624023e+01 3.102120767986796875e+12 0.000000000000000000e+00 1.267391476872400191e+26
1.088586458577401191e+07 1.346495398038874191e+04 7.256047845258493112e+01 2.999054614856632812e+12 0.000000000000000000e+00 1.288309984610717707e+26
1.099053636063722335e+07 1.329572295935848706e+04 7.234856000597392267e+01 2.897574207277853027e+12 0.000000000000000000e+00 1.309368515956945643e+26
1.109520813550043479e+07 1.312612772878829492e+04 7.213891178147599703e+01 2.797670380358077637e+12 0.000000000000000000e+00 1.330560247797398492e+26
1.119987991036364809e+07 1.295629851083895846e+04 7.193113784752060269e+01 2.699334892265328125e+12 0.000000000000000000e+00 1.351878113242493943e+26
1.130455168522685952e+07 1.278593588469187671e+04 7.172485603030389711e+01 2.602560424228035645e+12 0.000000000000000000e+00 1.373314801626750996e+26
1.140922346009007096e+07 1.261534764074690611e+04 7.151969791378877517e+01 2.507340580535030273e+12 0.000000000000000000e+00 1.394862758508792186e+26
1.151389523495328240e+07 1.244411033854004563e+04 7.131530883970474122e+01 2.413669888535546387e+12 0.000000000000000000e+00 1.416514185671342389e+26
1.161856700981649384e+07 1.227241268091188431e+04 7.111134790754807966e+01 2.321543798639223633e+12 0.000000000000000000e+00 1.438261041121228819e+26
1.172323878467970528e+07 1.210025873954470080e+04 7.090748797458172703e+01 2.230958684316104492e+12 0.000000000000000000e+00 1.460095039089381197e+26
1.182791055954291672e+07 1.192746699522063500e+04 7.070341565583531462e+01 2.141911842096635498e+12 0.000000000000000000e+00 1.482007650030832101e+26
1.193258233440612815e+07 1.175392664502272601e+04 7.049883132410519693e+01 2.054401491571667969e+12 0.000000000000000000e+00 1.503990100624716099e+26
1.203725410926933959e+07 1.157973343249155732e+04 7.029344910995440898e+01 1.968426775392455566e+12 0.000000000000000000e+00 1.526033373774270787e+26
1.214192588413255289e+07 1.140481226592894745e+04 7.008698925376930333e+01 1.883987465251251953e+12 0.000000000000000000e+00 1.548128098828928349e+26
1.224659765899576433e+07 1.122908856219390145e+04 6.987913451770738504e+01 1.801082076887436768e+12 0.000000000000000000e+00 1.570264066344168700e+26
1.235126943385897577e+07 1.105249229117803225e+04 6.966959764722857074e+01 1.719710473443948486e+12 0.000000000000000000e+00 1.592431248323396893e+26
1.245594120872218721e+07 1.087496378802872823e+04 6.945809987468724955e+01 1.639873467421591309e+12 0.000000000000000000e+00 1.614619254708343468e+26
1.256061298358539864e+07 1.069644428535258703e+04 6.924436347053193685e+01 1.561572564799364014e+12 0.000000000000000000e+00 1.636817208487451110e+26
1.266528475844861008e+07 1.051688672711212166e+04 6.902811174330527422e+01 1.484809965034461914e+12 0.000000000000000000e+00 1.659013745695874309e+26
1.276995653331182152e+07 1.033615747297115195e+04 6.880906903964400101e+01 1.409588561062275391e+12 0.000000000000000000e+00 1.681197015415480390e+26
1.287462830817503296e+07 1.015409430760744544e+04 6.858696074427892597e+01 1.335911939296390625e+12 0.000000000000000000e+00 1.703354679774848827e+26
1.297930008303824626e+07 9.970831953958700979e+03 6.836151328003501249e+01 1.263784379628588379e+12 0.000000000000000000e+00 1.725473913949272271e+26
1.308397185790145770e+07 9.786062656157206220e+03 6.813245410783132172e+01 1.193210855428848145e+12 0.000000000000000000e+00 1.747541406160753116e+26
1.318864363276466914e+07 9.599864574176379392e+03 6.789951172668098422e+01 1.124197033545341553e+12 0.000000000000000000e+00 1.769543357678008995e+26
1.329331540762788057e+07 9.411889681440945424e+03 6.766241567369128518e+01 1.056749274304437744e+12 0.000000000000000000e+00 1.791465482816467631e+26
1.339798718249109201e+07 9.222213149351990069e+03 6.742089652406359335e+01 9.908746315107000732e+11 0.000000000000000000e+00 1.813293008938270952e+26
1.350265895735430345e+07 9.030630424780327303e+03 6.717468589109337529e+01 9.265808524468887939e+11 0.000000000000000000e+00 1.835010676452271662e+26
1.360733073221751489e+07 8.836957481674944574e+03 6.692351486717751641e+01 8.638764252178024902e+11 0.000000000000000000e+00 1.856602686867468601e+26
1.371200250708072633e+07 8.641032987826336466e+03 6.666707400816166285e+01 8.027715339116617432e+11 0.000000000000000000e+00 1.878051437048440758e+26
1.381667428194393776e+07 8.442716070724422025e+03 6.640505733039780978e+01 7.432765310562385254e+11 0.000000000000000000e+00 1.899339019338631901e+26
1.392134605680715106e+07 8.241621672290177230e+03 6.613715409760627040e+01 6.854030286394050293e+11 0.000000000000000000e+00 1.920446708938117149e+26
1.402601783167036250e+07 8.037684449837766806e+03 6.586303237303893354e+01 6.291645236468654785e+11 0.000000000000000000e+00 1.941354381237046582e+26
1.413068960653357394e+07 7.830489254011807134e+03 6.558233901947933475e+01 5.745763980621494141e+11 0.000000000000000000e+00 1.962040511815648676e+26
1.423536138139678538e+07 7.619673211900333627e+03 6.529469969924258521e+01 5.216559188666165161e+11 0.000000000000000000e+00 1.982482176444227897e+26
1.434003315625999682e+07 7.404934581672194327e+03 6.499971887417537175e+01 4.704222380394550171e+11 0.000000000000000000e+00 2.002655051083166080e+26
1.444470493112320825e+07 7.185741810315890689e+03 6.469697980565602791e+01 4.208963925576819458e+11 0.000000000000000000e+00 2.022533411882921736e+26
1.454937670598641969e+07 6.961583721985482043e+03 6.438602620736064353e+01 3.731022985504409180e+11 0.000000000000000000e+00 2.042089284394106138e+26
1.465404848084963113e+07 6.731687485110745911e+03 6.406635699712167309e+01 3.270668867425944824e+11 0.000000000000000000e+00 2.061292375358466194e+26
1.475872025571284443e+07 6.495300822990308916e+03 6.373740513868290236e+01 2.828221037911754761e+11 0.000000000000000000e+00 2.080109135366052533e+26
1.486339203057605587e+07 6.251301072933803880e+03 6.339851303490952716e+01 2.404065866693768921e+11 0.000000000000000000e+00 2.098501572485153149e+26
1.496806380543926731e+07 5.998340902048653334e+03 6.304893252700821193e+01 1.998656627140453186e+11 0.000000000000000000e+00 2.116427252224892142e+26
1.507273558030247875e+07 5.734590306227368274e+03 6.268782239142210955e+01 1.612515178676083069e+11 0.000000000000000000e+00 2.133839198562825234e+26
1.517740735516569018e+07 5.457595802322319287e+03 6.231415494266254029e+01 1.246295106392482910e+11 0.000000000000000000e+00 2.150682170109062180e+26
1.528207913002890162e+07 5.163794706996413879e+03 6.192663630604311464e+01 9.008398565068618774e+10 0.000000000000000000e+00 2.166889290123716679e+26
1.538675090489211306e+07 4.847740272743732021e+03 6.152361521870995631e+01 5.772494077704039764e+10 0.000000000000000000e+00 2.182378283535526557e+26
1.549142267975532450e+07 4.500282579500999418e+03 6.110286762098171920e+01 2.770317775730339050e+10 0.000000000000000000e+00 2.197042950283069834e+26
1.559609445461853780e+07 4.103907767263895948e+03 6.066102887268642974e+01 2.508874642322521210e+08 0.000000000000000000e+00 2.210730626702350624e+26
