# Radius (m)	Density (kg/m^3)	Gravity (m/s^2)	Pressure (Pa)	Temperature (K)	Mass Enclosed (kg)
0.000000000000000000e+00 1.583344714194344124e+04 0.000000000000000000e+00 6.109804914364487305e+11 0.000000000000000000e+00 0.000000000000000000e+00
3.384865102495750034e+04 1.583319311789824496e+04 1.498419800098216292e-01 6.109403358966405029e+11 0.000000000000000000e+00 2.572231567475439104e+18
6.769730204991500068e+04 1.583243108461461816e+04 2.996752496508713337e-01 6.108198754188446045e+11 0.000000000000000000e+00 2.057726008183164928e+19
1.015459530748724937e+05 1.583116116040208726e+04 4.494913224934870000e-01 6.106191287051600342e+11 0.000000000000000000e+00 6.944499542928667443e+19
1.353946040998300014e+05 1.582938353956236824e+04 5.992813899808455691e-01 6.103381264703580322e+11 0.000000000000000000e+00 1.645984397744855122e+20
1.692432551247875090e+05 1.582709849500719065e+04 7.490367689501603587e-01 6.099769118556997070e+11 0.000000000000000000e+00 3.214516212052306821e+20
2.030919061497449875e+05 1.582430638014735450e+04 8.987489183048004149e-01 6.095355407275562744e+11 0.000000000000000000e+00 5.554121388957308027e+20
2.369405571747024951e+05 1.582100762547336490e+04 1.048409256341188645e+00 6.090140811368809814e+11 0.000000000000000000e+00 8.818683518463689359e+20
2.707892081996600027e+05 1.581720273834202089e+04 1.198009174354011552e+00 6.084126132854769287e+11 0.000000000000000000e+00 1.316187998952383840e+21
3.046378592246174812e+05 1.581289230297643735e+04 1.347540036636220684e+00 6.077312295259962158e+11 0.000000000000000000e+00 1.873718199003868561e+21
3.384865102495750180e+05 1.580807698046602309e+04 1.496993180479031516e+00 6.069700343619399414e+11 0.000000000000000000e+00 2.569785450685773906e+21
3.723351612745324965e+05 1.580275750341099047e+04 1.646360248130622317e+00 6.061291436010734863e+11 0.000000000000000000e+00 3.419677754651477803e+21
4.061838122994899750e+05 1.579693467591208173e+04 1.795633340114048737e+00 6.052086843538028564e+11 0.000000000000000000e+00 4.438638045156312351e+21
4.400324633244475117e+05 1.579060940298139758e+04 1.944803280834120685e+00 6.042087996823693848e+11 0.000000000000000000e+00 5.641941617714191663e+21
4.738811143494049902e+05 1.578378266837824594e+04 2.093860873503869513e+00 6.031296450971937256e+11 0.000000000000000000e+00 7.044815780913147281e+21
5.077297653743625269e+05 1.577640603650091725e+04 2.242796997211347065e+00 6.019713882962640381e+11 0.000000000000000000e+00 8.662434302305580876e+21
5.415784163993200054e+05 1.576847553287238406e+04 2.391602606919621454e+00 6.007342091651364746e+11 0.000000000000000000e+00 1.050991740840824957e+22
5.754270674242775422e+05 1.576004035649784419e+04 2.540268733466779949e+00 5.994182997769345703e+11 0.000000000000000000e+00 1.260233178470228479e+22
6.092757184492349625e+05 1.575110181671895043e+04 2.688786483565926755e+00 5.980238643923498535e+11 0.000000000000000000e+00 1.495469057563316925e+22
6.431243694741924992e+05 1.574166130100146984e+04 2.837147039805185678e+00 5.965511194596414795e+11 0.000000000000000000e+00 1.758195338461076626e+22
6.769730204991500359e+05 1.573172027493531641e+04 2.985341660647697459e+00 5.950002936146362305e+11 0.000000000000000000e+00 2.049902627400929876e+22
7.108216715241074562e+05 1.572128028223454385e+04 3.133361680431621110e+00 5.933716276807287598e+11 0.000000000000000000e+00 2.372076176516733678e+22
7.446703225490649929e+05 1.571034294473733098e+04 3.281198509370133465e+00 5.916653746688814697e+11 0.000000000000000000e+00 2.726195883838783934e+22
7.785189735740225296e+05 1.569890996240599634e+04 3.428843633551431402e+00 5.898817997776242676e+11 0.000000000000000000e+00 3.113736293293813137e+22
8.123676245989799500e+05 1.568691304358952402e+04 3.576288614938726074e+00 5.880211803930550537e+11 0.000000000000000000e+00 3.536166594704985974e+22
8.462162756239374867e+05 1.567432914072373387e+04 3.723525091370249118e+00 5.860838060888392334e+11 0.000000000000000000e+00 3.994950623791910224e+22
8.800649266488950234e+05 1.566124864958435501e+04 3.870544577038406153e+00 5.840699787659307861e+11 0.000000000000000000e+00 4.491540369237177323e+22
9.139135776738525601e+05 1.564767361658188020e+04 4.017337460060603327e+00 5.819800134826345215e+11 0.000000000000000000e+00 5.027356971150236818e+22
9.477622286988099804e+05 1.563360616680176827e+04 4.163894617003274234e+00 5.798142374097814941e+11 0.000000000000000000e+00 5.603848220898125414e+22
9.816108797237675171e+05 1.561904850467594406e+04 4.310207039510934202e+00 5.775729899341120605e+11 0.000000000000000000e+00 6.222456065687812047e+22
1.015459530748725054e+06 1.560398707596914755e+04 4.456265697551553551e+00 5.752566227423500977e+11 0.000000000000000000e+00 6.884610766330307333e+22
1.049308181773682591e+06 1.558824928457822534e+04 4.602061539416556712e+00 5.728654998212025146e+11 0.000000000000000000e+00 7.591730897240676998e+22
1.083156832798640011e+06 1.557202194572717053e+04 4.747585491720820450e+00 5.703999974573598633e+11 0.000000000000000000e+00 8.345223346438033480e+22
1.117005483823597431e+06 1.555530761699927098e+04 4.892828459402679186e+00 5.678605042374959717e+11 0.000000000000000000e+00 9.146483315545543488e+22
1.150854134848555084e+06 1.553810893693330945e+04 5.037781325723922343e+00 5.652474210482677002e+11 0.000000000000000000e+00 9.996894319790428835e+22
1.184702785873512505e+06 1.552042862502359458e+04 5.182434952269789896e+00 5.625611610763157959e+11 0.000000000000000000e+00 1.089782818800394798e+23
1.218551436898469925e+06 1.550204718854578823e+04 5.326780178948976818e+00 5.598021498082637939e+11 0.000000000000000000e+00 1.185064506262141786e+23
1.252400087923427578e+06 1.548316422327889086e+04 5.470807823993638408e+00 5.569708250307188721e+11 0.000000000000000000e+00 1.285669339968221888e+23
1.286248738948384998e+06 1.546380197900826170e+04 5.614508683959375190e+00 5.540676368302716064e+11 0.000000000000000000e+00 1.391730996882975134e+23
1.320097389973342419e+06 1.544396353953046128e+04 5.757873533725249793e+00 5.510930475934957275e+11 0.000000000000000000e+00 1.503381985331149411e+23
1.353946040998300072e+06 1.542351970611646902e+04 5.900893126493775398e+00 5.480475320069484253e+11 0.000000000000000000e+00 1.620753644997897785e+23
1.387794692023257492e+06 1.540246227331452610e+04 6.043558193790921962e+00 5.449315770571701660e+11 0.000000000000000000e+00 1.743976146928774970e+23
1.421643343048214912e+06 1.538093218975570198e+04 6.185859445466110884e+00 5.417456820306846924e+11 0.000000000000000000e+00 1.873178493529744380e+23
1.455491994073172566e+06 1.535893291271029557e+04 6.327787569692221226e+00 5.384903585139992676e+11 0.000000000000000000e+00 2.008488518567173932e+23
1.489340645098129986e+06 1.533630031720198531e+04 6.469333232965584379e+00 5.351661303936043701e+11 0.000000000000000000e+00 2.150032887167833698e+23
1.523189296123087406e+06 1.531306846912215224e+04 6.610487080105985847e+00 5.317735338559738159e+11 0.000000000000000000e+00 2.297937095818901612e+23
1.557037947148045059e+06 1.528937220321038694e+04 6.751239734256667901e+00 5.283131173875648193e+11 0.000000000000000000e+00 2.452325472367962122e+23
1.590886598173002480e+06 1.526521335230571276e+04 6.891581796884325151e+00 5.247854417748179321e+11 0.000000000000000000e+00 2.613321176022999483e+23
1.624735249197959900e+06 1.524027276524554327e+04 7.031503847779106309e+00 5.211910801041569824e+11 0.000000000000000000e+00 2.781046197352407824e+23
1.658583900222917553e+06 1.521487351828870487e+04 7.170996445054619528e+00 5.175306177619891968e+11 0.000000000000000000e+00 2.955621358284985105e+23
1.692432551247874973e+06 1.518901979064946136e+04 7.310049441741046650e+00 5.138046570439832153e+11 0.000000000000000000e+00 3.137162068444849080e+23
1.726281202272832626e+06 1.516245335843741668e+04 7.448650648300527699e+00 5.100138248810453491e+11 0.000000000000000000e+00 3.325770613939105903e+23
1.760129853297790047e+06 1.513534819115243590e+04 7.586790563818370359e+00 5.061587406259039917e+11 0.000000000000000000e+00 3.521565361251737257e+23
1.793978504322747467e+06 1.510779569701882065e+04 7.724459893223445839e+00 5.022400344542128906e+11 0.000000000000000000e+00 3.724664342243980649e+23
1.827827155347705120e+06 1.507952668697512854e+04 7.861649215682911418e+00 4.982583496870635376e+11 0.000000000000000000e+00 3.935183147886986784e+23
1.861675806372662541e+06 1.505071527326530486e+04 7.998348984602213996e+00 4.942143427909853516e+11 0.000000000000000000e+00 4.153234928261814855e+23
1.895524457397619961e+06 1.502146461792754053e+04 8.134549527625095422e+00 4.901086833779454346e+11 0.000000000000000000e+00 4.378930392559441276e+23
1.929373108422577614e+06 1.499141639925449090e+04 8.270241046633589832e+00 4.859420542053488159e+11 0.000000000000000000e+00 4.612377809080754310e+23
1.963221759447535034e+06 1.496090182893290694e+04 8.405413617748013877e+00 4.817151511760382080e+11 0.000000000000000000e+00 4.853683005236552055e+23
1.997070410472492455e+06 1.492984211039546972e+04 8.540057191326981822e+00 4.774286833382941284e+11 0.000000000000000000e+00 5.102949367547547814e+23
2.030919061497450108e+06 1.489805629309660071e+04 8.674161591967402885e+00 4.730833728858349609e+11 0.000000000000000000e+00 5.360277841644368754e+23
2.064767712522407528e+06 1.486584542279752350e+04 8.807716518504465242e+00 4.686799551578169556e+11 0.000000000000000000e+00 5.625766932267550533e+23
2.098616363547365181e+06 1.483287324786062891e+04 8.940711544011659129e+00 4.642191786388339233e+11 0.000000000000000000e+00 5.899512703267546029e+23
2.132465014572322369e+06 1.479938973111963787e+04 9.073136115800760848e+00 4.597018049589177856e+11 0.000000000000000000e+00 6.181608777604713257e+23
2.166313665597280022e+06 1.476529974663911344e+04 9.204979555421838100e+00 4.551286088935380249e+11 0.000000000000000000e+00 6.472146337349338189e+23
2.200162316622237675e+06 1.473053940794767914e+04 9.336231058663249982e+00 4.505003783636019897e+11 0.000000000000000000e+00 6.771214123681603880e+23
2.234010967647194862e+06 1.469528550432516204e+04 9.466879695551643437e+00 4.458179144354548950e+11 0.000000000000000000e+00 7.078898436891606579e+23
2.267859618672152516e+06 1.465924482323396660e+04 9.596914410351965685e+00 4.410820313208796997e+11 0.000000000000000000e+00 7.395283136379371829e+23
2.301708269697110169e+06 1.462278147039710166e+04 9.726324021567444689e+00 4.362935563770971680e+11 0.000000000000000000e+00 7.720449640654819578e+23
2.335556920722067356e+06 1.458545798052102327e+04 9.855097221939601582e+00 4.314533301067658691e+11 0.000000000000000000e+00 8.054476927337788332e+23
2.369405571747025009e+06 1.454774024483131871e+04 9.983222578448256002e+00 4.265622061579821777e+11 0.000000000000000000e+00 8.397441533158036498e+23
2.403254222771982662e+06 1.450913319168322050e+04 1.011068853231150655e+01 4.216210513242802734e+11 0.000000000000000000e+00 8.749417553955223597e+23
2.437102873796939850e+06 1.447011739254555141e+04 1.023748339898575210e+01 4.166307455446322632e+11 0.000000000000000000e+00 9.110476644678925025e+23
2.470951524821897503e+06 1.443022752714946182e+04 1.036359536816567939e+01 4.115921819034476929e+11 0.000000000000000000e+00 9.480688019388637423e+23
2.504800175846855156e+06 1.438987114408857087e+04 1.048901250378426830e+01 4.065062666305742188e+11 0.000000000000000000e+00 9.860118451253763910e+23
2.538648826871812344e+06 1.434870069345231968e+04 1.061372274401278126e+01 4.013739191012974243e+11 0.000000000000000000e+00 1.024883227255361140e+24
2.572497477896769997e+06 1.430696235290944969e+04 1.073771390126078629e+01 3.961960718363402100e+11 0.000000000000000000e+00 1.064689137467741880e+24
2.606346128921727650e+06 1.426451505676191300e+04 1.086097366217612858e+01 3.909736705018637085e+11 0.000000000000000000e+00 1.105435520812432478e+24
2.640194779946684837e+06 1.422135416036043534e+04 1.098348958764494832e+01 3.857076739094667358e+11 0.000000000000000000e+00 1.147128078250337313e+24
2.674043430971642490e+06 1.417763463339400914e+04 1.110524911279168592e+01 3.803990540161857300e+11 0.000000000000000000e+00 1.189772266653354234e+24
2.707892081996600144e+06 1.413301262590782790e+04 1.122623954697905724e+01 3.750487959244952393e+11 0.000000000000000000e+00 1.233373298804371065e+24
2.741740733021557331e+06 1.408782140733980850e+04 1.134644807380808018e+01 3.696578978823074951e+11 0.000000000000000000e+00 1.277936143397265875e+24
2.775589384046514984e+06 1.404190720005803087e+04 1.146586175111806050e+01 3.642273712829722290e+11 0.000000000000000000e+00 1.323465525036910201e+24
2.809438035071472637e+06 1.399518459902029463e+04 1.158446751098659533e+01 3.587582406652774658e+11 0.000000000000000000e+00 1.369965924239165824e+24
2.843286686096429825e+06 1.394783520177072933e+04 1.170225215972956967e+01 3.532515437134487915e+11 0.000000000000000000e+00 1.417441577430884502e+24
2.877135337121387478e+06 1.389972270822062637e+04 1.181920116949207511e+01 3.477083630939195557e+11 0.000000000000000000e+00 1.465895103268725834e+24
2.910983988146345131e+06 1.385077602133362234e+04 1.193529882186338398e+01 3.421298304638915405e+11 0.000000000000000000e+00 1.515327055435134340e+24
2.944832639171302319e+06 1.380114703013835424e+04 1.205053260646632296e+01 3.365170089977272339e+11 0.000000000000000000e+00 1.565741009118018058e+24
2.978681290196259972e+06 1.375081098791095428e+04 1.216488969959130806e+01 3.308709782434724121e+11 0.000000000000000000e+00 1.617140156052237200e+24
3.012529941221217625e+06 1.369955204789052732e+04 1.227835680566704646e+01 3.251928381232861938e+11 0.000000000000000000e+00 1.669527137783134971e+24
3.046378592246174812e+06 1.364752538302171160e+04 1.239092015726053653e+01 3.194837089334403687e+11 0.000000000000000000e+00 1.722904045666539460e+24
3.080227243271132465e+06 1.359473734712742225e+04 1.250256551507707847e+01 3.137447313443195801e+11 0.000000000000000000e+00 1.777272420868765776e+24
3.114075894296090119e+06 1.354116375385252832e+04 1.261327816796025481e+01 3.079770664004217529e+11 0.000000000000000000e+00 1.832633254366611493e+24
3.147924545321047306e+06 1.348675705463429767e+04 1.272304293289194810e+01 3.021818955203573608e+11 0.000000000000000000e+00 1.888986986947359329e+24
3.181773196346004959e+06 1.343140978723487933e+04 1.283184415499233566e+01 2.963604204968499146e+11 0.000000000000000000e+00 1.946333509208779031e+24
3.215621847370962612e+06 1.337522542663964123e+04 1.293966570751988066e+01 2.905138634967359619e+11 0.000000000000000000e+00 2.004672161559122805e+24
3.249470498395919800e+06 1.331818239117513804e+04 1.304649099187134453e+01 2.846434670609649658e+11 0.000000000000000000e+00 2.064001734217127734e+24
3.283319149420877453e+06 1.326025787614875298e+04 1.315230293758178348e+01 2.787504941045989990e+11 0.000000000000000000e+00 2.124320467212018735e+24
3.317167800445835106e+06 1.320142971689064143e+04 1.325708400232454487e+01 2.728362279168135376e+11 0.000000000000000000e+00 2.185626050383502647e+24
3.351016451470792759e+06 1.314167657309599963e+04 1.336081617191126902e+01 2.669019721608965759e+11 0.000000000000000000e+00 2.247915623381771189e+24
3.384865102495749947e+06 1.308097669340250650e+04 1.346348096029188923e+01 2.609490508742493591e+11 0.000000000000000000e+00 2.311185775667502299e+24
3.418713753520707600e+06 1.301930941165954573e+04 1.356505940955463529e+01 2.549788084683857422e+11 0.000000000000000000e+00 2.375432546511859330e+24
3.452562404545665253e+06 1.295665447035268335e+04 1.366553208992602464e+01 2.489926097289326782e+11 0.000000000000000000e+00 2.440651424996488901e+24
3.486411055570622440e+06 1.289299140561882450e+04 1.376487909977087476e+01 2.429918398156301270e+11 0.000000000000000000e+00 2.506837350013521705e+24
3.520259706595580094e+06 1.282830156936195999e+04 1.386308006559229256e+01 2.369779042623307800e+11 0.000000000000000000e+00 2.573984710265576802e+24
3.554108357620537747e+06 1.276256588735856894e+04 1.396011414203167611e+01 2.309522289770003052e+11 0.000000000000000000e+00 2.642087344265755447e+24
3.587957008645494934e+06 1.269576687092266729e+04 1.405596001186872002e+01 2.249162602417174683e+11 0.000000000000000000e+00 2.711138540337642965e+24
3.621805659670452587e+06 1.262788588631958919e+04 1.415059588602141716e+01 2.188714647126736450e+11 0.000000000000000000e+00 2.781131036615313050e+24
3.655654310695410240e+06 1.255876442983573725e+04 1.424399950354604094e+01 2.128193294201734619e+11 0.000000000000000000e+00 2.852057021043321321e+24
3.689502961720367428e+06 1.248849325248967943e+04 1.433614813163716839e+01 2.067613617686342163e+11 0.000000000000000000e+00 2.923908131376708543e+24
3.723351612745325081e+06 1.241707209006250014e+04 1.442701856562766949e+01 2.006990895365862122e+11 0.000000000000000000e+00 2.996675455181002237e+24
3.757200263770282734e+06 1.234443143895290996e+04 1.451658712898870185e+01 1.946340608766727600e+11 0.000000000000000000e+00 3.070349529832212924e+24
3.791048914795239922e+06 1.227041420362521239e+04 1.460482967332971782e+01 1.885678443156500854e+11 0.000000000000000000e+00 3.144920342516834662e+24
3.824897565820197575e+06 1.219518716714655238e+04 1.469171322170171479e+01 1.825022297245653687e+11 0.000000000000000000e+00 3.220372676633943381e+24
3.858746216845155228e+06 1.211852301142263423e+04 1.477719399879991791e+01 1.764392889048167725e+11 0.000000000000000000e+00 3.296684525480888324e+24
3.892594867870112415e+06 1.204052545629715496e+04 1.486125360575400478e+01 1.703805047545239258e+11 0.000000000000000000e+00 3.373847214222631443e+24
3.926443518895070069e+06 1.196100076473059016e+04 1.494387194383027229e+01 1.643274083451050110e+11 0.000000000000000000e+00 3.451850809003841979e+24
3.960292169920027722e+06 1.188006203489347536e+04 1.502502558254681553e+01 1.582816177563291016e+11 0.000000000000000000e+00 3.530683222739780633e+24
3.994140820944984909e+06 1.179744920372075649e+04 1.510468775967354027e+01 1.522448380763158264e+11 0.000000000000000000e+00 3.610330215116309763e+24
4.027989471969942562e+06 1.171322338959027547e+04 1.518282838123215761e+01 1.462188614015352173e+11 0.000000000000000000e+00 3.690775392589889097e+24
4.061838122994900215e+06 1.162731782254849168e+04 1.525941402149618398e+01 1.402055668368081970e+11 0.000000000000000000e+00 3.772000208387575722e+24
4.095686774019857403e+06 1.153963446869974723e+04 1.533440792299093758e+01 1.342069204953062897e+11 0.000000000000000000e+00 3.853983962507023556e+24
4.129535425044815056e+06 1.145007762575081506e+04 1.540776999649355261e+01 1.282249754985513611e+11 0.000000000000000000e+00 3.936703801716487104e+24
4.163384076069772709e+06 1.135855635319835892e+04 1.547945682103295972e+01 1.222618719764161682e+11 0.000000000000000000e+00 4.020134719554815548e+24
4.197232727094730362e+06 1.126498247214059666e+04 1.554942164388990200e+01 1.163198370671239929e+11 0.000000000000000000e+00 4.104249556331458659e+24
4.231081378119687550e+06 1.116927632430001358e+04 1.561761438059692253e+01 1.104011849172488556e+11 0.000000000000000000e+00 4.189018999126460350e+24
4.264930029144644737e+06 1.107131669631360273e+04 1.568398161493837328e+01 1.045083166817152100e+11 0.000000000000000000e+00 4.274411581790466194e+24
4.298778680169602856e+06 1.097088373999896066e+04 1.574846659895041689e+01 9.864372052379797363e+10 0.000000000000000000e+00 4.360393684944721277e+24
4.332627331194560044e+06 1.086795309180303593e+04 1.581100925292101422e+01 9.280997161512326050e+10 0.000000000000000000e+00 4.446929535981059458e+24
4.366475982219517231e+06 1.076232560077991729e+04 1.587154616538993501e+01 8.700973213566731262e+10 0.000000000000000000e+00 4.533981209061921628e+24
4.400324633244475350e+06 1.065377390468536578e+04 1.593001059314875967e+01 8.124575127375695801e+10 0.000000000000000000e+00 4.621508625120344427e+24
4.434173284269432537e+06 1.054208371235088271e+04 1.598633246124086504e+01 7.552086522607009888e+10 0.000000000000000000e+00 4.709469551859958106e+24
4.468021935294389725e+06 1.042705892488114841e+04 1.604043836296144221e+01 6.983799719763479614e+10 0.000000000000000000e+00 4.797819603754995111e+24
4.501870586319347844e+06 1.030843760027145618e+04 1.609225155985748401e+01 6.420015740182980347e+10 0.000000000000000000e+00 4.886512242050286326e+24
4.535719237344305031e+06 1.018586421102175518e+04 1.614169198172778863e+01 5.861044306038485718e+10 0.000000000000000000e+00 4.975498774761254095e+24
4.569567888369262218e+06 1.005895032547321352e+04 1.618867622662296668e+01 5.307203840337989807e+10 0.000000000000000000e+00 5.064728356673926717e+24
4.603416539394220337e+06 9.927287417547831865e+03 1.623311546198189248e+01 4.758826368131994629e+10 0.000000000000000000e+00 5.154146927713261141e+24
4.637265190419177525e+06 9.790322197687975859e+03 1.627487384672911119e+01 4.216354262722351837e+10 0.000000000000000000e+00 5.243676169258916702e+24
4.671113841444134712e+06 9.647458085260062944e+03 1.631380732919036447e+01 3.680247913459271240e+10 0.000000000000000000e+00 5.333233520297603513e+24
4.704962492469092831e+06 9.497925265241727175e+03 1.634976209113047929e+01 3.150988530974977493e+10 0.000000000000000000e+00 5.422731907271381156e+24
4.738811143494050018e+06 9.340752326138896024e+03 1.638256280237115092e+01 2.629105988515654755e+10 0.000000000000000000e+00 5.512073594120131492e+24
4.772659794519007206e+06 9.174697067328577759e+03 1.641200482727222720e+01 2.115195349226462173e+10 0.000000000000000000e+00 5.601146790434704407e+24
4.806508445543965325e+06 4.351815713339482500e+03 1.641282098661471878e+01 1.659073797002550316e+10 0.000000000000000000e+00 5.681159905969690512e+24
4.840357096568922512e+06 4.317856930799185648e+03 1.630628560307212283e+01 1.419018586161005592e+10 0.000000000000000000e+00 5.724060441654667522e+24
4.874205747593879700e+06 4.283639391926699318e+03 1.620185264664134195e+01 1.182386567255339432e+10 0.000000000000000000e+00 5.767223110907785298e+24
4.908054398618837819e+06 4.249143120066566553e+03 1.609944341246633570e+01 9.491383382073986053e+09 0.000000000000000000e+00 5.810639826365402826e+24
4.941903049643795006e+06 4.214345128113784085e+03 1.599898116839361428e+01 7.192371377419078827e+09 0.000000000000000000e+00 5.854302081215126699e+24
4.975751700668752193e+06 4.179224284740808798e+03 1.590039096051814482e+01 4.926489274645842552e+09 0.000000000000000000e+00 5.898200902302311276e+24
5.009600351693710312e+06 4.143754589482836309e+03 1.580359953566430065e+01 2.693423015562481403e+09 0.000000000000000000e+00 5.942326838559893533e+24
5.043449002718667500e+06 1.515049292159651941e+03 1.568427482571460985e+01 9.489310098177083731e+08 0.000000000000000000e+00 5.977424070731999572e+24
