# Radius (m)	Density (kg/m^3)	Gravity (m/s^2)	Pressure (Pa)	Temperature (K)	Mass Enclosed (kg)
0.000000000000000000e+00 5.928478250767104328e+04 0.000000000000000000e+00 3.288570949066924609e+13 0.000000000000000000e+00 0.000000000000000000e+00
1.103113211965968076e+05 5.928027521017890831e+04 1.828371085242966432e+00 3.287973064170819531e+13 0.000000000000000000e+00 3.333478852241603297e+20
2.206226423931936151e+05 5.926675660507527937e+04 3.656241359574949890e+00 3.286179845546583984e+13 0.000000000000000000e+00 2.666426098026265706e+21
3.309339635897903936e+05 5.924423656274184759e+04 5.483112408072354782e+00 3.283192602482574219e+13 0.000000000000000000e+00 8.997106099502328054e+21
4.412452847863872303e+05 5.921273147228902235e+04 7.308483136546492176e+00 3.279013508964775781e+13 0.000000000000000000e+00 2.131935619905959965e+22
5.515566059829840669e+05 5.917226432556290820e+04 9.131856751026504071e+00 3.273645614820173047e+13 0.000000000000000000e+00 4.162283806981029154e+22
6.618679271795807872e+05 5.912286456251841446e+04 1.095273755956371886e+01 3.267092825205772266e+13 0.000000000000000000e+00 7.188877930711352764e+22
7.721792483761776239e+05 5.906456803703380865e+04 1.277063166644140324e+01 3.259359896073964844e+13 0.000000000000000000e+00 1.140889259559792757e+23
8.824905695727744605e+05 5.899741702506698493e+04 1.458504500738359688e+01 3.250452435254437891e+13 0.000000000000000000e+00 1.701844042893607819e+23
9.928018907693712972e+05 5.892146038605682406e+04 1.639546949939494880e+01 3.240376923863780078e+13 0.000000000000000000e+00 2.421195777922762067e+23
1.103113211965968134e+06 5.883612914027816441e+04 1.820141282945596828e+01 3.229140700517729297e+13 0.000000000000000000e+00 3.318358019330640435e+23
1.213424533162564971e+06 5.874159544374098186e+04 2.000238553332380675e+01 3.216751932745816016e+13 0.000000000000000000e+00 4.412553745407668461e+23
1.323735854359161574e+06 5.863833578832891362e+04 2.179789604565000616e+01 3.203219616355282031e+13 0.000000000000000000e+00 5.722779797056310519e+23
1.434047175555758411e+06 5.852642513767696801e+04 2.358745069998052202e+01 3.188553575431079297e+13 0.000000000000000000e+00 7.267806877791078874e+23
1.544358496752355248e+06 5.840594477567376452e+04 2.537055372875567372e+01 3.172764462335870312e+13 0.000000000000000000e+00 9.066179553738514896e+23
1.654669817948952084e+06 5.827638461113422818e+04 2.714670726331020134e+01 3.155863757710028906e+13 0.000000000000000000e+00 1.113621625363720718e+24
1.764981139145548921e+06 5.813735667475042283e+04 2.891541133387322660e+01 3.137863770471639062e+13 0.000000000000000000e+00 1.349600926883778482e+24
1.875292460342145758e+06 5.798993959042421193e+04 3.067616386956826702e+01 3.118777637816495703e+13 0.000000000000000000e+00 1.616342475330290000e+24
1.985603781538742594e+06 5.783423928482546762e+04 3.242847394350235390e+01 3.098619074101262500e+13 0.000000000000000000e+00 1.915583017471957635e+24
2.095915102735339431e+06 5.766914527546896716e+04 3.417187660841234731e+01 3.077402481498750781e+13 0.000000000000000000e+00 2.249025093790343767e+24
2.206226423931936268e+06 5.749511252224218333e+04 3.590589512495171221e+01 3.055143503035832422e+13 0.000000000000000000e+00 2.618393687604307377e+24
2.316537745128532872e+06 5.731305734807233966e+04 3.763005296129144739e+01 3.031858448206934375e+13 0.000000000000000000e+00 3.025369725917054741e+24
2.426849066325129941e+06 5.712192528855669661e+04 3.934387424134074251e+01 3.007564280597479688e+13 0.000000000000000000e+00 3.471588692931209616e+24
2.537160387521726545e+06 5.692180519431126595e+04 4.104688374474685020e+01 2.982278617883889062e+13 0.000000000000000000e+00 3.958640630048798475e+24
2.647471708718323149e+06 5.671398265033878852e+04 4.273860690689519259e+01 2.956019731833578516e+13 0.000000000000000000e+00 4.488070135871268224e+24
2.757783029914920218e+06 5.649642324823938543e+04 4.441856981890933298e+01 2.928806548304960156e+13 0.000000000000000000e+00 5.061376366199478149e+24
2.868094351111516822e+06 5.627090597570106911e+04 4.608629922765092601e+01 2.900658647247444141e+13 0.000000000000000000e+00 5.680013034033692400e+24
2.978405672308113892e+06 5.603683551954438735e+04 4.774132253571978879e+01 2.871596262701434766e+13 0.000000000000000000e+00 6.345388409573598246e+24
3.088716993504710495e+06 5.579387777834663575e+04 4.938316780145385110e+01 2.841640282798334375e+13 0.000000000000000000e+00 7.058865320218281374e+24
3.199028314701307565e+06 5.554308808186279930e+04 5.101136373892917675e+01 2.810812249760541406e+13 0.000000000000000000e+00 7.821761150566255959e+24
3.309339635897904169e+06 5.528298822700127494e+04 5.262543971795995645e+01 2.779134359901449609e+13 0.000000000000000000e+00 8.635347842415431378e+24
3.419650957094501238e+06 5.501532584275505360e+04 5.422492576409852916e+01 2.746629463625450391e+13 0.000000000000000000e+00 9.500851894763147638e+24
3.529962278291097842e+06 5.473845387499965727e+04 5.580935255863533229e+01 2.713321065427930859e+13 0.000000000000000000e+00 1.041945436380613888e+25
3.640273599487694446e+06 5.445383522260586324e+04 5.737825143859895860e+01 2.679233323895274609e+13 0.000000000000000000e+00 1.139229086294056020e+25
3.750584920684291515e+06 5.416062035035407462e+04 5.893115439675612777e+01 2.644391051704861719e+13 0.000000000000000000e+00 1.242045156276199197e+25
3.860896241880888119e+06 5.385905602616471879e+04 6.046721661826394012e+01 2.608823385285643359e+13 0.000000000000000000e+00 1.350480797594948754e+25
3.971207563077485189e+06 5.355009651217142527e+04 6.198547545638710687e+01 2.572561280633557031e+13 0.000000000000000000e+00 1.464607353636132350e+25
4.081518884274081793e+06 5.323170071179021033e+04 6.348617374761838050e+01 2.535624358204356250e+13 0.000000000000000000e+00 1.584540964023820043e+25
4.191830205470678862e+06 5.290593637925565417e+04 6.496948858933862425e+01 2.498033082028742969e+13 0.000000000000000000e+00 1.710389296348724105e+25
4.302141526667275466e+06 5.257208653670505737e+04 6.643548030853729358e+01 2.459809253176271875e+13 0.000000000000000000e+00 1.842249318885986891e+25
4.412452847863872536e+06 5.222923067860303854e+04 6.788409246181258538e+01 2.420976009755346484e+13 0.000000000000000000e+00 1.980207300595185777e+25
4.522764169060468674e+06 5.191803791862606886e+04 6.931515183537126745e+01 2.381557826913223438e+13 0.000000000000000000e+00 2.124338811120327791e+25
4.633075490257065743e+06 5.164471975182789902e+04 7.072836844502882059e+01 2.341580516836008594e+13 0.000000000000000000e+00 2.274708720789856054e+25
4.743386811453662813e+06 5.127749472149340727e+04 7.212333553620933912e+01 2.301071228748660547e+13 0.000000000000000000e+00 2.431371200616642266e+25
4.853698132650259882e+06 5.090269257179172564e+04 7.349952958394557356e+01 2.260058448914987891e+13 0.000000000000000000e+00 2.594369722297992934e+25
4.964009453846856020e+06 5.052055028883674822e+04 7.485631029287893057e+01 2.218572000637650781e+13 0.000000000000000000e+00 2.763737058215645074e+25
5.074320775043453090e+06 5.013107335116129252e+04 7.619292059725950139e+01 2.176643044258159375e+13 0.000000000000000000e+00 2.939495281435770940e+25
5.184632096240050159e+06 4.973429306142912537e+04 7.750848666094597661e+01 2.134304077156876562e+13 0.000000000000000000e+00 3.121655765708974153e+25
5.294943417436646298e+06 4.933000965494506818e+04 7.880201787740571717e+01 2.091588933753014844e+13 0.000000000000000000e+00 3.310219185470287558e+25
5.405254738633243367e+06 4.891828927684609516e+04 8.007240686971479704e+01 2.048532785504637500e+13 0.000000000000000000e+00 3.505175515839182243e+25
5.515566059829840437e+06 4.849957281244809565e+04 8.131883145481998554e+01 2.005169489010597266e+13 0.000000000000000000e+00 3.706513311886923820e+25
5.625877381026437506e+06 4.807384000587236369e+04 8.254175187025691685e+01 1.961524659535937109e+13 0.000000000000000000e+00 3.914245807616034228e+25
5.736188702223033644e+06 4.764114217063429533e+04 8.374091950816981011e+01 1.917628404894494922e+13 0.000000000000000000e+00 4.128365035617020077e+25
5.846500023419630714e+06 4.720153419971314725e+04 8.491600193425041709e+01 1.873511335280727344e+13 0.000000000000000000e+00 4.348852728452822596e+25
5.956811344616227783e+06 4.675506933613414003e+04 8.606666578432769654e+01 1.829204024708507812e+13 0.000000000000000000e+00 4.575682103567730305e+25
6.067122665812824853e+06 4.630182774798580795e+04 8.719257676436781423e+01 1.784737011011125000e+13 0.000000000000000000e+00 4.808817863287386310e+25
6.177433987009420991e+06 4.584187599340894667e+04 8.829339965047415717e+01 1.740140795841283594e+13 0.000000000000000000e+00 5.048216194818784871e+25
6.287745308206018060e+06 4.537498825766160735e+04 8.936879828888734778e+01 1.695445844671102344e+13 0.000000000000000000e+00 5.293824770250278276e+25
6.398056629402615130e+06 4.490119232504225511e+04 9.041843559598521551e+01 1.650682586792117188e+13 0.000000000000000000e+00 5.545582746551567387e+25
6.508367950599211268e+06 4.442086087372587644e+04 9.144197355828281104e+01 1.605881415315278906e+13 0.000000000000000000e+00 5.803420765573704221e+25
6.618679271795808338e+06 4.393410901395403198e+04 9.243907323243239205e+01 1.561072687170953516e+13 0.000000000000000000e+00 6.067260954049100537e+25
6.728990592992405407e+06 4.344108140027133049e+04 9.340939474522346586e+01 1.516286723108922852e+13 0.000000000000000000e+00 6.337016923591515812e+25
6.839301914189002477e+06 4.294095636072731577e+04 9.435259729358270420e+01 1.471553807698384961e+13 0.000000000000000000e+00 6.612593770696062395e+25
6.949613235385598615e+06 4.243437271690151101e+04 9.526833914457404262e+01 1.426904189327952734e+13 0.000000000000000000e+00 6.893888076739206366e+25
7.059924556582195684e+06 4.192185834550463187e+04 9.615627855111522138e+01 1.382368070909270703e+13 0.000000000000000000e+00 7.180787906934135281e+25
7.170235877778792754e+06 4.140210412557271775e+04 9.701609653376674203e+01 1.337975323538941016e+13 0.000000000000000000e+00 7.473172445485837989e+25
7.280547198975388892e+06 4.087639289211582218e+04 9.784746411829321744e+01 1.293755667981090234e+13 0.000000000000000000e+00 7.770910967362063805e+25
7.390858520171985961e+06 4.034392542864165443e+04 9.865004205737425025e+01 1.249738713431983008e+13 0.000000000000000000e+00 8.073862884967360038e+25
7.501169841368583031e+06 3.980530440665523929e+04 9.942349027599941280e+01 1.205953875332032227e+13 0.000000000000000000e+00 8.381877805656260932e+25
7.611481162565180101e+06 3.925970972404450731e+04 1.001674678714683751e+02 1.162430375365797266e+13 0.000000000000000000e+00 8.694795531733298835e+25
7.721792483761776239e+06 3.870815974820338306e+04 1.008816331133908051e+02 1.119197241461984180e+13 0.000000000000000000e+00 9.012446060452998186e+25
7.832103804958373308e+06 3.814962779148374102e+04 1.015656424078100173e+02 1.076283278001936719e+13 0.000000000000000000e+00 9.334649376529976238e+25
7.942415126154970378e+06 2.227073439413919550e+04 1.015089738882547010e+02 1.042463010894163867e+13 0.000000000000000000e+00 9.594092957770227856e+25
8.052726447351566516e+06 2.203230302384163224e+04 1.007685145518665166e+02 1.017748510100719141e+13 0.000000000000000000e+00 9.790504410520885407e+25
8.163037768548163585e+06 2.179626399253556156e+04 1.000637301701023745e+02 9.934732188362996094e+12 0.000000000000000000e+00 9.990210389798365328e+25
8.273349089744760655e+06 2.156247499613782566e+04 9.939234387693859674e+01 9.696225324400242188e+12 0.000000000000000000e+00 1.019318840919810404e+26
8.383660410941357724e+06 2.133080247793951276e+04 9.875226290935641771e+01 9.461830581183689453e+12 0.000000000000000000e+00 1.039941421985465927e+26
8.493971732137953863e+06 2.110112043644954974e+04 9.814151318607257224e+01 9.231421770864572266e+12 0.000000000000000000e+00 1.060886182479172493e+26
8.604283053334550932e+06 2.087330918020888930e+04 9.755822639943818331e+01 9.004880137764810547e+12 0.000000000000000000e+00 1.082150319383888710e+26
8.714594374531148002e+06 2.064725585352418420e+04 9.700064001543879044e+01 8.782094358377019531e+12 0.000000000000000000e+00 1.103730826363161717e+26
8.824905695727745071e+06 2.042285631590008416e+04 9.646709727369429288e+01 8.562960541364499023e+12 0.000000000000000000e+00 1.125624493761127181e+26
8.935217016924342141e+06 2.020001123137664035e+04 9.595604718745902062e+01 8.347382227561240234e+12 0.000000000000000000e+00 1.147827908602509642e+26
9.045528338120937347e+06 1.997863107018259325e+04 9.546604454362169179e+01 8.135270389971924805e+12 0.000000000000000000e+00 1.170337454592622170e+26
9.155839659317534417e+06 1.975846968972709874e+04 9.499572554118651624e+01 7.926541334668230469e+12 0.000000000000000000e+00 1.193149356627189115e+26
9.266150980514131486e+06 1.953951807264258241e+04 9.454375596591131625e+01 7.721112859171306641e+12 0.000000000000000000e+00 1.216259716051475195e+26
9.376462301710728556e+06 1.932177037498697609e+04 9.410895200151243500e+01 7.518915377696278320e+12 0.000000000000000000e+00 1.239664203216834081e+26
9.486773622907325625e+06 1.910515865443849179e+04 9.369018496542130947e+01 7.319883383260079102e+12 0.000000000000000000e+00 1.263358249285667997e+26
9.597084944103922695e+06 1.888961847365271387e+04 9.328637120069011246e+01 7.123954553238172852e+12 0.000000000000000000e+00 1.287337066530975264e+26
9.707396265300519764e+06 1.867508923249102372e+04 9.289647207599188050e+01 6.931069749364549805e+12 0.000000000000000000e+00 1.311595648336350298e+26
9.817707586497114971e+06 1.846129788561785972e+04 9.251949398562038596e+01 6.741173017731733398e+12 0.000000000000000000e+00 1.336128769195983269e+26
9.928018907693712041e+06 1.824824833207431948e+04 9.215448834949020807e+01 6.554211588790764648e+12 0.000000000000000000e+00 1.360930984714661816e+26
1.003833022889030911e+07 1.803602615052995316e+04 9.180055161313671874e+01 6.370135877351223633e+12 0.000000000000000000e+00 1.385996631607768471e+26
1.014864155008690618e+07 1.782458480667082404e+04 9.145682524771606836e+01 6.188899482581213867e+12 0.000000000000000000e+00 1.411319827701282206e+26
1.025895287128350325e+07 1.761369970358972205e+04 9.112249575000522839e+01 6.010459188007368164e+12 0.000000000000000000e+00 1.436894471931778606e+26
1.036926419248010032e+07 1.740322181210590497e+04 9.079679464240193454e+01 5.834774961514847656e+12 0.000000000000000000e+00 1.462714244346428489e+26
1.047957551367669739e+07 1.719338643013306137e+04 9.047899847292472941e+01 5.661809955347341797e+12 0.000000000000000000e+00 1.488772606102999804e+26
1.058988683487329260e+07 1.698411101294160471e+04 9.016842881521291986e+01 5.491530506107070312e+12 0.000000000000000000e+00 1.515062799469855562e+26
1.070019815606988966e+07 1.677491436854159838e+04 8.986445226852663382e+01 5.323906134754773438e+12 0.000000000000000000e+00 1.541577847825956933e+26
1.081050947726648673e+07 1.656625800074766448e+04 8.956648045774679190e+01 5.158909546609728516e+12 0.000000000000000000e+00 1.568310555660858777e+26
1.092082079846308380e+07 1.635791473125293123e+04 8.927396196718332533e+01 4.996516182575486328e+12 0.000000000000000000e+00 1.595253476952291203e+26
1.103113211965968087e+07 1.614964127641243977e+04 8.898626732132161976e+01 4.836697830720438477e+12 0.000000000000000000e+00 1.622398497491385687e+26
1.114144344085627794e+07 1.594183209428679038e+04 8.870283275962513869e+01 4.679430533591570312e+12 0.000000000000000000e+00 1.649737443083432924e+26
1.125175476205287501e+07 1.573380085990710722e+04 8.842314134008928761e+01 4.524693396998175781e+12 0.000000000000000000e+00 1.677261948476596666e+26
1.136206608324947208e+07 1.552616422744626107e+04 8.814669104018993551e+01 4.372466803492210938e+12 0.000000000000000000e+00 1.704963324035802040e+26
1.147237740444606729e+07 1.531828759151481427e+04 8.787299475688338646e+01 4.222732412368296387e+12 0.000000000000000000e+00 1.732832555742734859e+26
1.158268872564266436e+07 1.511069611868521679e+04 8.760158030660645068e+01 4.075473159663703613e+12 0.000000000000000000e+00 1.760860305195844370e+26
1.169300004683926143e+07 1.490269726948346943e+04 8.733199042527634504e+01 3.930673258158374512e+12 0.000000000000000000e+00 1.789036909610339477e+26
1.180331136803585850e+07 1.469482795201566478e+04 8.706378276829082097e+01 3.788318197374908203e+12 0.000000000000000000e+00 1.817352381818190798e+26
1.191362268923245557e+07 1.448667483302365508e+04 8.679652991052802236e+01 3.648394743578565430e+12 0.000000000000000000e+00 1.845796410268130669e+26
1.202393401042905264e+07 1.427826142965775580e+04 8.652981934634661343e+01 3.510890939777267578e+12 0.000000000000000000e+00 1.874358359025653145e+26
1.213424533162564971e+07 1.406970105803251317e+04 8.626325348958567929e+01 3.375796105721596680e+12 0.000000000000000000e+00 1.903027267773012965e+26
1.224455665282224491e+07 1.386075799136935893e+04 8.599644967356478276e+01 3.243100837904797852e+12 0.000000000000000000e+00 1.931791851809226240e+26
1.235486797401884198e+07 1.365130155620888763e+04 8.572904015108393594e+01 3.112797009562770508e+12 0.000000000000000000e+00 1.960640502050071831e+26
1.246517929521543905e+07 1.344145642502847113e+04 8.546067209442365709e+01 2.984877770674082031e+12 0.000000000000000000e+00 1.989561285028088940e+26
1.257549061641203612e+07 1.323113201642679269e+04 8.519100759534487111e+01 2.859337547959958008e+12 0.000000000000000000e+00 2.018541942892578143e+26
1.268580193760863319e+07 1.302024319077540349e+04 8.491972366508900905e+01 2.736172044884286133e+12 0.000000000000000000e+00 2.047569893409601388e+26
1.279611325880523026e+07 1.280870960169888349e+04 8.464651189801399767e+01 2.615378229899619629e+12 0.000000000000000000e+00 2.076632224033967807e+26
1.290642458000182733e+07 1.259645450901019467e+04 8.437102857813700041e+01 2.496952338293451172e+12 0.000000000000000000e+00 2.105714914247604472e+26
1.301673590119842254e+07 1.238340385381117449e+04 8.409293171813715162e+01 2.380890649189905762e+12 0.000000000000000000e+00 2.134803698826291253e+26
1.312704722239501961e+07 1.216949599584238240e+04 8.381190749526825812e+01 2.267191197388478516e+12 0.000000000000000000e+00 2.163884225395854551e+26
1.323735854359161668e+07 1.195467378026845108e+04 8.352764269123174756e+01 2.155852998634851318e+12 0.000000000000000000e+00 2.192941494290264529e+26
1.334766986478821374e+07 1.173888879697308221e+04 8.323982469217669689e+01 2.046876049620883789e+12 0.000000000000000000e+00 2.221959858551636486e+26
1.345798118598481081e+07 1.152186650354296034e+04 8.294814148869978965e+01 1.940261327984617920e+12 0.000000000000000000e+00 2.250923023930232232e+26
1.356829250718140788e+07 1.130362754644761844e+04 8.265228167584531604e+01 1.836010792310275879e+12 0.000000000000000000e+00 2.279814048884458365e+26
1.367860382837800495e+07 1.108417685899617754e+04 8.235193445310521554e+01 1.734127382128261230e+12 0.000000000000000000e+00 2.308615344580867654e+26
1.378891514957460016e+07 1.086312763862358770e+04 8.204678962441906265e+01 1.634615017915159668e+12 0.000000000000000000e+00 2.337308674894156626e+26
1.389922647077119723e+07 1.064058225767578551e+04 8.173653759817401010e+01 1.537478601093733154e+12 0.000000000000000000e+00 2.365875156407169693e+26
1.400953779196779430e+07 1.041638959583984615e+04 8.142086938720485989e+01 1.442724014032929932e+12 0.000000000000000000e+00 2.394295258410895373e+26
1.411984911316439137e+07 1.019027650155439369e+04 8.109947660879404907e+01 1.350358120047876221e+12 0.000000000000000000e+00 2.422548802904466974e+26
1.423016043436098844e+07 9.962110421231360306e+03 8.077205148467160711e+01 1.260388763399881104e+12 0.000000000000000000e+00 2.450614964595164660e+26
1.434047175555758551e+07 9.731707672465385258e+03 8.043827370998899084e+01 1.172825113444330566e+12 0.000000000000000000e+00 2.478471792983368811e+26
1.445078307675418258e+07 9.498817067387148199e+03 8.009777984206483836e+01 1.087678272138469727e+12 0.000000000000000000e+00 2.506095249400546428e+26
1.456109439795077778e+07 9.263341162686725511e+03 7.975021451708774123e+01 1.004960361252792114e+12 0.000000000000000000e+00 2.533460937346620810e+26
1.467140571914737485e+07 9.024869380371472289e+03 7.939520332844560357e+01 9.246857341873090820e+11 0.000000000000000000e+00 2.560542858071989741e+26
1.478171704034397192e+07 8.783201883432468094e+03 7.903235025583092010e+01 8.468710569998298340e+11 0.000000000000000000e+00 2.587313309301537283e+26
1.489202836154056899e+07 8.537895869690622931e+03 7.866123766524063399e+01 7.715353084059561768e+11 0.000000000000000000e+00 2.613742885234638250e+26
1.500233968273716606e+07 8.288567947177009046e+03 7.828142630897622212e+01 6.986997797790831299e+11 0.000000000000000000e+00 2.639800476545154763e+26
1.511265100393376313e+07 8.034791637176086624e+03 7.789245532564369512e+01 6.283880751504003906e+11 0.000000000000000000e+00 2.665453270381438320e+26
1.522296232513036020e+07 7.775913847585346957e+03 7.749383463697124341e+01 5.606266868565637207e+11 0.000000000000000000e+00 2.690666420854459376e+26
1.533327364632695541e+07 7.511224722058046609e+03 7.708499234971603187e+01 4.954486791483854370e+11 0.000000000000000000e+00 2.715400853548548125e+26
1.544358496752355248e+07 7.239970847420920109e+03 7.666531588467751135e+01 4.328906562754827881e+11 0.000000000000000000e+00 2.739614930236342998e+26
1.555389628872014955e+07 6.961078937351223431e+03 7.623409868423013336e+01 3.729975364823398438e+11 0.000000000000000000e+00 2.763261841918329474e+26
1.566420760991674662e+07 6.673208853257010560e+03 7.579052887556484563e+01 3.158234669229871826e+11 0.000000000000000000e+00 2.786289096883709513e+26
1.577451893111334369e+07 6.374591170564593995e+03 7.533368927068903531e+01 2.614318236610029297e+11 0.000000000000000000e+00 2.808638520710402938e+26
1.588483025230994076e+07 6.062984769069984395e+03 7.486250776654611627e+01 2.098991459805017090e+11 0.000000000000000000e+00 2.830244051575364211e+26
1.599514157350653782e+07 5.735108256791259919e+03 7.437565343071582902e+01 1.613235583121703796e+11 0.000000000000000000e+00 2.851027036809244432e+26
1.610545289470313303e+07 5.386220210135546949e+03 7.387143171681933040e+01 1.158342674158215942e+11 0.000000000000000000e+00 2.870891390716351506e+26
1.621576421589973010e+07 5.008801305022763700e+03 7.334765384400127175e+01 7.360251671222656250e+10 0.000000000000000000e+00 2.889717780513030955e+26
1.632607553709632717e+07 4.589581907031685660e+03 7.280122357031594049e+01 3.487638371141609192e+10 0.000000000000000000e+00 2.907345483513412827e+26
1.643638685829292424e+07 4.100598806461138338e+03 7.222731048655541031e+01 5.116897343263053894e+07 0.000000000000000000e+00 2.923536452612793174e+26
