# Radius (m)	Density (kg/m^3)	Gravity (m/s^2)	Pressure (Pa)	Temperature (K)	Mass Enclosed (kg)
0.000000000000000000e+00 1.455590777360430366e+04 0.000000000000000000e+00 4.275796636598408203e+11 4.004019865605235282e+03 0.000000000000000000e+00
4.158757008766794752e+04 1.455551278492225538e+04 1.692415661135614202e-01 4.275284371720430298e+11 3.996434207285282355e+03 4.385579168568541696e+18
8.317514017533589504e+04 1.455432792182919366e+04 3.384665743153884021e-01 4.273747710607412109e+11 3.993945269895357342e+03 3.508304956680906342e+19
1.247627102630038426e+05 1.455235349353958372e+04 5.076586247586760692e-01 4.271187054282762451e+11 3.988972691685148675e+03 1.183955073369029673e+20
1.663502803506717901e+05 1.454959000817608830e+04 6.768011759478308464e-01 4.267603061735990601e+11 3.981527043775809034e+03 2.806064578487774085e+20
2.079378504383397521e+05 1.454600958090952918e+04 8.458771906462396739e-01 4.262996679223992920e+11 3.971624136595287382e+03 5.479821758597744558e+20
2.495254205260076851e+05 1.454161283631533661e+04 1.014869466995530267e+00 4.257369126695908203e+11 3.959284977985808837e+03 9.467480493897365586e+20
2.911129906136756181e+05 1.453641942312330139e+04 1.183761103494768374e+00 4.250721889197323608e+11 3.944535686834449734e+03 1.503080620470386033e+21
3.327005607013435801e+05 1.453043070870005613e+04 1.352535499000455665e+00 4.243056716870274658e+11 3.927407373462552187e+03 2.243107585145322602e+21
3.742881307890115422e+05 1.452364826542261835e+04 1.521176491746114134e+00 4.234375622257012939e+11 3.907936018544674880e+03 3.192883923642924663e+21
4.158757008766795043e+05 1.451607387049476529e+04 1.689668024550162517e+00 4.224680880064972534e+11 3.886162330681845106e+03 4.378376052474192593e+21
4.574632709643474082e+05 1.450770952032105561e+04 1.857993023500737362e+00 4.213975045564598999e+11 3.862131590073649477e+03 5.825571160524726469e+21
4.990508410520153702e+05 1.449855742037671371e+04 2.026134401949737374e+00 4.202260941623449097e+11 3.835893484585494662e+03 7.560342030533026382e+21
5.406384111396833323e+05 1.448861998426713035e+04 2.194075139167960486e+00 4.189541657502415161e+11 3.807501922935688526e+03 9.608436083521971290e+21
5.822259812273512362e+05 1.447789983372786992e+04 2.361798280345106082e+00 4.175820548855726318e+11 3.777014830207374416e+03 1.199547537879883527e+22
6.238135513150192564e+05 1.446632118364333655e+04 2.529286936589776325e+00 4.161101237730948486e+11 3.744493961237737039e+03 1.474695661395529171e+22
6.654011214026871603e+05 1.445388160408890690e+04 2.696524284929472159e+00 4.145387612568984985e+11 3.710004770861764882e+03 1.788825112486737661e+22
7.069886914903550642e+05 1.444065817204660925e+04 2.863493568310596427e+00 4.128683828204073486e+11 3.673616072970378355e+03 2.144460488569554521e+22
7.485762615780230844e+05 1.442665438754979732e+04 3.030178095598453414e+00 4.110994305863790894e+11 3.635399654953997924e+03 2.544113850888463004e+22
7.901638316656909883e+05 1.441187396152021211e+04 3.196561241577246193e+00 4.092323733169048462e+11 3.595430095374341363e+03 2.990284724516383464e+22
8.317514017533590086e+05 1.439630901149404599e+04 3.362626446950082837e+00 4.072677064134095459e+11 3.553784531839304691e+03 3.485460098354680064e+22
8.733389718410269124e+05 1.437977114433046154e+04 3.528356614399742242e+00 4.052059543182978516e+11 3.510542510120228599e+03 4.032096239507756758e+22
9.149265419286948163e+05 1.436245900389320741e+04 3.693732770666433129e+00 4.030476746886267090e+11 3.465785903446129396e+03 4.632599627771109232e+22
9.565141120163628366e+05 1.434437721998144480e+04 3.858737460159667343e+00 4.007934447147933350e+11 3.419598059578734592e+03 5.289426907594136696e+22
9.981016821040307404e+05 1.432553063569946607e+04 4.023353304996917679e+00 3.984438681796383667e+11 3.372063697019884785e+03 6.005012843614139161e+22
1.039689252191698644e+06 1.430570056362973628e+04 4.187562824017564189e+00 3.959995762354031372e+11 3.323268846983587537e+03 6.781763703525182590e+22
1.081276822279366665e+06 1.428507030927251799e+04 4.351348432782892850e+00 3.934612274037295532e+11 3.273300863552663486e+03 7.622057258078086313e+22
1.122864392367034685e+06 1.426368118860772302e+04 4.514692443576096004e+00 3.908295075756604004e+11 3.222247445573412733e+03 8.528242781080428898e+22
1.164451962454702472e+06 1.424143782060335798e+04 4.677577065402273249e+00 3.881051300116390991e+11 3.170196535629745085e+03 9.502641049396542282e+22
1.206039532542370493e+06 1.421824543581927355e+04 4.839984403988429662e+00 3.852888353415097656e+11 3.117236465690642945e+03 1.054754434294752435e+23
1.247627102630038513e+06 1.419430243172623886e+04 5.001896461783478465e+00 3.823813915645171509e+11 3.063455605120590008e+03 1.166521644471122804e+23
1.289214672717706300e+06 1.416952764983947054e+04 5.163295137958237468e+00 3.793835940493068237e+11 3.008941554451188949e+03 1.285789264072225294e+23
1.330802242805374321e+06 1.414376724026051670e+04 5.324162228405432629e+00 3.762962655339249878e+11 2.953781469352887598e+03 1.412777972007198052e+23
1.372389812893042341e+06 1.411726688476811614e+04 5.484479425739697156e+00 3.731202561258186035e+11 2.898061929497162055e+03 1.547705597490853052e+23
1.413977382980710128e+06 1.408984856490004313e+04 5.644228319297566188e+00 3.698564433018352661e+11 2.841868003051331016e+03 1.690787120043677104e+23
1.455564953068378149e+06 1.406152058157995998e+04 5.803390395137487445e+00 3.665057319082233276e+11 2.785283761438804504e+03 1.842234669491837049e+23
1.497152523156046169e+06 1.403246480201282611e+04 5.961947036039811465e+00 3.630690541606318359e+11 2.728391738156158681e+03 2.002257525967171376e+23
1.538740093243713956e+06 1.400229843729290224e+04 6.119879521506795150e+00 3.595473696441104736e+11 2.671272537802790794e+03 2.171062119907194244e+23
1.580327663331381977e+06 1.397141236802380445e+04 6.277169027762604436e+00 3.559416653131096802e+11 2.614005529760093850e+03 2.348852032055100184e+23
1.621915233419049997e+06 1.393952553777954745e+04 6.433796627753309849e+00 3.522529554914805908e+11 2.556667422603145042e+03 2.535827993459754365e+23
1.663502803506718017e+06 1.390679966266122210e+04 6.589743291146890058e+00 3.484822818724751587e+11 2.499333118234110316e+03 2.732187885475700314e+23
1.705090373594385805e+06 1.387313062593032737e+04 6.744989884333227437e+00 3.446307135187458496e+11 2.442074993327687480e+03 2.938126739763156557e+23
1.746677943682053825e+06 1.383856028467019496e+04 6.899515027583955629e+00 3.406993670360875854e+11 2.384963105319009173e+03 3.153824006724749707e+23
1.788265513769721845e+06 1.380304892203601776e+04 7.053296403160195460e+00 3.366893901924766235e+11 2.328064924399826396e+03 3.379451106124857900e+23
1.829853083857389633e+06 1.376663228335721942e+04 7.206315218876899742e+00 3.326019218160254517e+11 2.271445306254160187e+03 3.615197113220761303e+23
1.871440653945057653e+06 1.372921917068579023e+04 7.358552302054977901e+00 3.284381318200933228e+11 2.215166321868671730e+03 3.861245297912763898e+23
1.913028224032725673e+06 1.369095509646992650e+04 7.509988045062171658e+00 3.241992217385953979e+11 2.159287310877461550e+03 4.117772800362570653e+23
1.954615794120393461e+06 1.365158392198419460e+04 7.660602405313056806e+00 3.198864247260027466e+11 2.103864544310108158e+03 4.384950630993286859e+23
1.996203364208061481e+06 1.361138931833585229e+04 7.810374905269044987e+00 3.155010055573421021e+11 2.048951733130709272e+03 4.662943670489425505e+23
2.037790934295729501e+06 1.357009401858817728e+04 7.959284632438380136e+00 3.110442606281961670e+11 1.994599191257950224e+03 4.951910669796900570e+23
2.079378504383397289e+06 1.352784389625553013e+04 8.107310239376142036e+00 3.065175179547033691e+11 1.940854673548996743e+03 5.252004250123022998e+23
2.120966074471065309e+06 1.348469480519263016e+04 8.254429943684245430e+00 3.019221371735580444e+11 1.887762662067284055e+03 5.563370902936516129e+23
2.162553644558733329e+06 1.344034949878139014e+04 8.400621528011436467e+00 2.972595095420103149e+11 1.835364578263090380e+03 5.886150989967498926e+23
2.204141214646401349e+06 1.339505463000492455e+04 8.545862340053300699e+00 2.925310579378660889e+11 1.783699397379062248e+03 6.220478743207494696e+23
2.245728784734069370e+06 1.334878851303099145e+04 8.690129292552249751e+00 2.877382368594871826e+11 1.732802659361664610e+03 6.566482264909431093e+23
2.287316354821736924e+06 1.330138805214088279e+04 8.833398863297539094e+00 2.828825324257912598e+11 1.682706954205211559e+03 6.924283527587630720e+23
2.328903924909404945e+06 1.325289325279830155e+04 8.975647095125252051e+00 2.779654623762515869e+11 1.633442342184634072e+03 7.293998374017834617e+23
2.370491494997072965e+06 1.320335877650442490e+04 9.116849595918312232e+00 2.729885760708974304e+11 1.585035958777527185e+03 7.675736517237174079e+23
2.412079065084740985e+06 1.315275524262801446e+04 9.256981538606467552e+00 2.679534544903139648e+11 1.537511972804649986e+03 8.069601540544182731e+23
2.453666635172409005e+06 1.310105322742558565e+04 9.396017661166311541e+00 2.628617102356420288e+11 1.490891850808611252e+03 8.475690897498804584e+23
2.495254205260077026e+06 1.304813321839494165e+04 9.533932266621265583e+00 2.577149875285783691e+11 1.445194523407933730e+03 8.894095911922377928e+23
2.536841775347744580e+06 1.299405947699925673e+04 9.670699223041584247e+00 2.525149622113755493e+11 1.400436545803687522e+03 9.324901777897646069e+23
2.578429345435412601e+06 1.293882509332311383e+04 9.806291963544364165e+00 2.472633417468418884e+11 1.356631838193304020e+03 9.768187559768761355e+23
2.620016915523080621e+06 1.288240358089464280e+04 9.940683486293528048e+00 2.419618652183416138e+11 1.313791847961210124e+03 1.022402619214127310e+24
2.661604485610748641e+06 1.282476840954546060e+04 1.007384635449983712e+01 2.366123033297947693e+11 1.271925721189550359e+03 1.069248447988213429e+24
2.703192055698416661e+06 1.276589347224828816e+04 1.020575269642088401e+01 2.312164584056771851e+11 1.231040400005026186e+03 1.117362309811969756e+24
2.744779625786084682e+06 1.270575396323218229e+04 1.033637420536110163e+01 2.257761643910204773e+11 1.191140710347237473e+03 1.166749659224372593e+24
2.786367195873752702e+06 1.264432464303585220e+04 1.046568191145502347e+01 2.202932983259041138e+11 1.152229451460657174e+03 1.217414915549644215e+24
2.827954765961420257e+06 1.258158341125889274e+04 1.059364532464130093e+01 2.147698251998496399e+11 1.114307489961524197e+03 1.269359636360195662e+24
2.869542336049088277e+06 1.251750694887020654e+04 1.072023400771394641e+01 2.092077078231279907e+11 1.077373852605557886e+03 1.322585770989517133e+24
2.911129906136756297e+06 1.245198874732068725e+04 1.084541653054852617e+01 2.036089470472701111e+11 1.041425863490175061e+03 1.377094437481705409e+24
2.952717476224424317e+06 1.238502788957821394e+04 1.096916028873863880e+01 1.979755903123435059e+11 1.006459342470223987e+03 1.432885625185497686e+24
2.994305046312092338e+06 1.231664540301005582e+04 1.109143150359590990e+01 1.923097316469522705e+11 9.724685241163548426e+02 1.489958194754269150e+24
3.035892616399760358e+06 1.224682489369143150e+04 1.121219522214999387e+01 1.866135116682371216e+11 9.394460924824790027e+02 1.548309878146034324e+24
3.077480186487427913e+06 1.217537644152729808e+04 1.133141531714857564e+01 1.808891175818754883e+11 9.073834213433241302e+02 1.607937278623445995e+24
3.119067756575095933e+06 1.210236906389700016e+04 1.144905448705736895e+01 1.751387831820812378e+11 8.762708620539190179e+02 1.668835870753797089e+24
3.160655326662763953e+06 1.202777657138652467e+04 1.156507422512724226e+01 1.693647893195574341e+11 8.460974942101579472e+02 1.730999993633219604e+24
3.202242896750431973e+06 1.195141927062007744e+04 1.167943339618285670e+01 1.635694887258662109e+11 8.168513433182412200e+02 1.794422386984090834e+24
3.243830466838099994e+06 1.187338177624603304e+04 1.179209182412835233e+01 1.577552567137096558e+11 7.885196414294882743e+02 1.859094683348269365e+24
3.285418036925768014e+06 5.671632357176189544e+03 1.186538242909170293e+01 1.524599709829609070e+11 7.634404266170231494e+02 1.918922098578092047e+24
3.327005607013436034e+06 5.650475468765054757e+03 1.176494038754069571e+01 1.496881615366165161e+11 7.482891490817409021e+02 1.951152225853428873e+24
3.368593177101103589e+06 5.630045582057366119e+03 1.167056143992468265e+01 1.469395862298136292e+11 7.358121551048657238e+02 1.984189909086469207e+24
3.410180747188771609e+06 5.609696507891663714e+03 1.158129532821504526e+01 1.442224201849125977e+11 7.236848405051962345e+02 2.017930871494194451e+24
3.451768317276439629e+06 5.589398670052063608e+03 1.149688224388323654e+01 1.415353121661994934e+11 7.118903684812211168e+02 2.052379698282931763e+24
3.493355887364107650e+06 5.569143054737387502e+03 1.141707744274169301e+01 1.388769641654889832e+11 7.004133803688314401e+02 2.087541049604289774e+24
3.534943457451775670e+06 5.548943451927394563e+03 1.134164595515249374e+01 1.362461602630973969e+11 6.892395203240565706e+02 2.123419149469496950e+24
3.576531027539443690e+06 5.528791777672407989e+03 1.127037625369840512e+01 1.336417945414832916e+11 6.783553291432398282e+02 2.160018155893225167e+24
3.618118597627111245e+06 5.508680147662824311e+03 1.120306718359245934e+01 1.310628127988581238e+11 6.677481910901537958e+02 2.197342111588812019e+24
3.659706167714779265e+06 5.488600653940527991e+03 1.113952632676301135e+01 1.285082081005479431e+11 6.574062767326062158e+02 2.235394910839457391e+24
3.701293737802447286e+06 5.468539585987115970e+03 1.107957000185375129e+01 1.259770207789936523e+11 6.473184880154904022e+02 2.274180299498222122e+24
3.742881307890115306e+06 5.448473710742086041e+03 1.102302326422369738e+01 1.234683384337507782e+11 6.374744155991045318e+02 2.313701874988027730e+24
3.784468877977783326e+06 5.428421014928035220e+03 1.096971990594719415e+01 1.209812959314895782e+11 6.278642902032694337e+02 2.353963086301658027e+24
3.826056448065451346e+06 5.408373086978241190e+03 1.091950245581392132e+01 1.185150754059950256e+11 6.184788997216725193e+02 2.394967234001757507e+24
3.867644018153118901e+06 5.388323738191744269e+03 1.087222217932888313e+01 1.160689062581667938e+11 6.093095673515471162e+02 2.436717470220831615e+24
3.909231588240786921e+06 5.368267006111974297e+03 1.082773907871241370e+01 1.136420651560192261e+11 6.003481182888516514e+02 2.479216798661249163e+24
3.950819158328454942e+06 5.348195973680829411e+03 1.078592189290017878e+01 1.112338760346814423e+11 5.915868432877643954e+02 2.522468074595237497e+24
3.992406728416122962e+06 5.328104256392133721e+03 1.074664809754317218e+01 1.088437100963972321e+11 5.830184661892956228e+02 2.566474004864887329e+24
4.033994298503790982e+06 5.307986593190338681e+03 1.070980021392582948e+01 1.064709676893481598e+11 5.746361127679663241e+02 2.611237135456906840e+24
4.075581868591459002e+06 5.287836607628123602e+03 1.067525625390596566e+01 1.041150345781101227e+11 5.664332844079734741e+02 2.656759815475488423e+24
4.117169438679127023e+06 5.267650031847018909e+03 1.064291201069367965e+01 1.017753927833423157e+11 5.584038372578612552e+02 2.703044255708614268e+24
4.158757008766794577e+06 5.247420996016908248e+03 1.061266831099981545e+01 9.945155441129714966e+10 5.505419527156784625e+02 2.750092478837390087e+24
4.200344578854463063e+06 5.227144939834663091e+03 1.058442928301445107e+01 9.714305295346374512e+10 5.428421158188378968e+02 2.797906313480182834e+24
4.241932148942130618e+06 5.206817055882288514e+03 1.055810235640690031e+01 9.484944328656832886e+10 5.352990958523778318e+02 2.846487394192617481e+24
4.283519719029798172e+06 5.186432988993812614e+03 1.053359826232570917e+01 9.257030167257376099e+10 5.279079289979636087e+02 2.895837161467582383e+24
4.325107289117466658e+06 5.165988472122351595e+03 1.051083103339865588e+01 9.030522575867984009e+10 5.206639018448526031e+02 2.945956861735227137e+24
4.366694859205134213e+06 5.145479306132705460e+03 1.048971800373275975e+01 8.805383457732327271e+10 5.135625360891302762e+02 2.996847547362958283e+24
4.408282429292802699e+06 5.124901507596461670e+03 1.047017980891426703e+01 8.581576854617750549e+10 5.065995742285491588e+02 3.048510076655447356e+24
4.449869999380470254e+06 5.104251491015709689e+03 1.045214038600865791e+01 8.359068946815301514e+10 4.997709659537736684e+02 3.100945113854622302e+24
4.491457569468138739e+06 5.083525810564829953e+03 1.043552697356065195e+01 8.137828053139694214e+10 4.930728552272195770e+02 3.154153129139677134e+24
4.533045139555806294e+06 5.062701368700929379e+03 1.042027011159419914e+01 7.917824630929344177e+10 4.865015725546230669e+02 3.208134398627060126e+24
4.574632709643473849e+06 5.041785155532283170e+03 1.040630364161248345e+01 7.699031276046343994e+10 4.800536338818458262e+02 3.262889004370485085e+24
4.616220279731142335e+06 5.020782044634293015e+03 1.039356470659792109e+01 7.481422722876469421e+10 4.737257087469145631e+02 3.318416834360926521e+24
4.657807849818809889e+06 4.999689447595943420e+03 1.038199375101216582e+01 7.264975844329196167e+10 4.675146081290355937e+02 3.374717582526615350e+24
4.699395419906478375e+06 4.978482270559050448e+03 1.037153452079610538e+01 7.049669651837664795e+10 4.614172869471378817e+02 3.431790748733048560e+24
4.740982989994145930e+06 4.957163798247443083e+03 1.036213406336985621e+01 6.835485295358725739e+10 4.554308490677041164e+02 3.489635638782979008e+24
4.782570560081814416e+06 4.935748378182664965e+03 1.035374272763277581e+01 6.622406063372890472e+10 4.495525180887351553e+02 3.548251364416423473e+24
4.824158130169481970e+06 4.914199203267540724e+03 1.034630793390671677e+01 6.410414901632457733e+10 4.437796264633350916e+02 3.607636433616132645e+24
4.865745700257149525e+06 4.892536599901319278e+03 1.033977486935926748e+01 6.199494605281831360e+10 4.381096377188711699e+02 3.667788961699544496e+24
4.907333270344818011e+06 4.870744481592129887e+03 1.033409807487172571e+01 5.989632354631145477e+10 4.325401137057580172e+02 3.728707388688638950e+24
4.948920840432485566e+06 4.848822822328707844e+03 1.032923323023341844e+01 5.780816454018894958e+10 4.270687205196555283e+02 3.790389832451623783e+24
4.990508410520154051e+06 4.826758482721676046e+03 1.032513706836774325e+01 5.573036297778503418e+10 4.216932197151597848e+02 3.852834082535870002e+24
5.032095980607821606e+06 4.804565705268167221e+03 1.032176737533216304e+01 5.366282370238369751e+10 4.164114651011203136e+02 3.916037600167904328e+24
5.073683550695489161e+06 4.782208213220005746e+03 1.031908299031820953e+01 5.160546245721823120e+10 4.112213898397544654e+02 3.979997518253415637e+24
5.115271120783157647e+06 4.759703610671035676e+03 1.031704380565148327e+01 4.955820588547148895e+10 4.061210238601701121e+02 4.044710641377251743e+24
5.156858690870825201e+06 4.737044517276265651e+03 1.031561076679164835e+01 4.752099153027595520e+10 4.011084643674959125e+02 4.110173445803417247e+24
5.198446260958493687e+06 4.714222005305880884e+03 1.031474587233243767e+01 4.549376783471342468e+10 3.961818807534997973e+02 4.176382079475080518e+24
5.240033831046161242e+06 4.691228823719720822e+03 1.031441217400165478e+01 4.347649414181540680e+10 3.913395159869850204e+02 4.243332362014562955e+24
5.281621401133829728e+06 4.668057987275285996e+03 1.031457377666116670e+01 4.146914069456272888e+10 3.865796819499531694e+02 4.311019784723352408e+24
5.323208971221497282e+06 4.644704640809022749e+03 1.031519583830690756e+01 3.947168863588591003e+10 3.819007551246641015e+02 4.379439510582089757e+24
5.364796541309164837e+06 4.621165305115573574e+03 1.031624457006888385e+01 3.748413000866483307e+10 3.773011716502970216e+02 4.448586374250579114e+24
5.406384111396833323e+06 4.597436927607304824e+03 1.031768723621116202e+01 3.550646775572891235e+10 3.727794230070700223e+02 4.518454882067784063e+24
5.447971681484500878e+06 4.573495195889438037e+03 1.031949215413188270e+01 3.353871571985717773e+10 3.683340561503833328e+02 4.589039212051822828e+24
5.489559251572169363e+06 4.549355565545676654e+03 1.032162869436325003e+01 3.158089864377801514e+10 3.639636778024515706e+02 4.660333213899980085e+24
5.531146821659836918e+06 4.524992993651654615e+03 1.032406728057153522e+01 2.963305217016948700e+10 3.596669361493241013e+02 4.732330408988693003e+24
5.572734391747505404e+06 4.500408070964385843e+03 1.032677938955708008e+01 2.769522284165898132e+10 3.554425337465626171e+02 4.805023990373563056e+24
5.614321961835172959e+06 4.475593976395535719e+03 1.032973755125428994e+01 2.576746810082358551e+10 3.512892163768033242e+02 4.878406822789346895e+24
5.655909531922840513e+06 4.450536747255209775e+03 1.033291534873164252e+01 2.384985629018975830e+10 3.472057725705984694e+02 4.952471442649964402e+24
5.697497102010508999e+06 4.425233170389917177e+03 1.033628713699300228e+01 2.194246778471091843e+10 3.431910352456951614e+02 5.027209946332366346e+24
5.739084672098176554e+06 4.399670691089788306e+03 1.033982056214581213e+01 2.004541745656451797e+10 3.392438760980064103e+02 5.102611229996915563e+24
5.780672242185845040e+06 4.373841979774901120e+03 1.034348803079058321e+01 1.815879407107472610e+10 3.353632084910307753e+02 5.178665910648714065e+24
5.822259812273512594e+06 4.347734098812781667e+03 1.034726567455199309e+01 1.628267899102110481e+10 3.315479838398965171e+02 5.255365468198773052e+24
5.863847382361180149e+06 4.321337888838374056e+03 1.035112969864109900e+01 1.441716381087628937e+10 3.277971907694636116e+02 5.332700709600324026e+24
5.905434952448848635e+06 4.294640460684664504e+03 1.035505638185534671e+01 1.256235035680612373e+10 3.241098525375007853e+02 5.410661768848806972e+24
5.947022522536516190e+06 4.267629851591715124e+03 1.035902207657855634e+01 1.071835068666977882e+10 3.204850270505049821e+02 5.489238106981868216e+24
5.988610092624184676e+06 4.240290771706189844e+03 1.036300320878093295e+01 8.885287090019479752e+09 3.169218058992087776e+02 5.568418512079375454e+24
6.030197662711852230e+06 4.212612283213165938e+03 1.036697627801906307e+01 7.063292088100811005e+09 3.134193140681720706e+02 5.648191099263396279e+24
6.071785232799520716e+06 4.184575731169277788e+03 1.037091785743591643e+01 5.252508433852403641e+09 3.099767076879444403e+02 5.728543310698218581e+24
6.113372802887188271e+06 4.156168155521017979e+03 1.037480459376084063e+01 3.453089111906257629e+09 3.065931755479485332e+02 5.809461915590336591e+24
6.154960372974855825e+06 4.127369731277309256e+03 1.037861320730956827e+01 1.665197338587451935e+09 3.032679366421584746e+02 5.890933010188455171e+24
6.196547943062524311e+06 4.100002220581054644e+03 1.038232049198421336e+01 -1.109934380857086182e+08 3.000000000000000000e+02 5.972942017783497335e+24
