# Radius (m)	Density (kg/m^3)	Gravity (m/s^2)	Pressure (Pa)	Temperature (K)	Mass Enclosed (kg)
0.000000000000000000e+00 3.962825342798406200e+04 0.000000000000000000e+00 1.191755096266268164e+13 0.000000000000000000e+00 0.000000000000000000e+00
9.485282327163517766e+04 3.962578315522836056e+04 1.050896149772178045e+00 1.191557578550117188e+13 0.000000000000000000e+00 1.416624071694754775e+20
1.897056465432703553e+05 3.961837381179719523e+04 2.101556081453405334e+00 1.190965143326386914e+13 0.000000000000000000e+00 1.133168516706113421e+21
2.845584698149055475e+05 3.960602983918262180e+04 3.151745265242580363e+00 1.189978145727263086e+13 0.000000000000000000e+00 3.823743434120925544e+21
3.794112930865407106e+05 3.958875860495084635e+04 4.201227546846602046e+00 1.188597174847551953e+13 0.000000000000000000e+00 9.061213216085348712e+21
4.742641163581758738e+05 3.956657042407389963e+04 5.249768096877487800e+00 1.186823055450315820e+13 0.000000000000000000e+00 1.769158704790279448e+22
5.691169396298110951e+05 3.953947856546701951e+04 6.297132880349178841e+00 1.184656848489581836e+13 0.000000000000000000e+00 3.055888131592625848e+22
6.639697629014462000e+05 3.950749917370334879e+04 7.343088637237691785e+00 1.182099844850824023e+13 0.000000000000000000e+00 4.850325754299287182e+22
7.588225861730814213e+05 3.947065126394353138e+04 8.387403168378297025e+00 1.179153564945541797e+13 0.000000000000000000e+00 7.236085271236785157e+22
8.536754094447166426e+05 3.942895672193572682e+04 9.429845335465516953e+00 1.175819758711259570e+13 0.000000000000000000e+00 1.029637792677443697e+23
9.485282327163517475e+05 3.938203847230852989e+04 1.047017736686104783e+01 1.172100418189083984e+13 0.000000000000000000e+00 1.411378261911632546e+23
1.043381055987986969e+06 3.933013912954095576e+04 1.150814980065916870e+01 1.167997794119232422e+13 0.000000000000000000e+00 1.877030059284780045e+23
1.138233879259622190e+06 3.927342223810942960e+04 1.254352890111928431e+01 1.163514344588931445e+13 0.000000000000000000e+00 2.434782508738772248e+23
1.233086702531257411e+06 3.921192168034373026e+04 1.357608217997925237e+01 1.158652747983962891e+13 0.000000000000000000e+00 3.092733785222122245e+23
1.327939525802892400e+06 3.914567413740870688e+04 1.460557769845231491e+01 1.153415903936997461e+13 0.000000000000000000e+00 3.858888215080950657e+23
1.422792349074527621e+06 3.907466851555537141e+04 1.563178406722710179e+01 1.147806933327593750e+13 0.000000000000000000e+00 4.741156276058991509e+23
1.517645172346162843e+06 3.899817717654348235e+04 1.665447044646763075e+01 1.141829178282199414e+13 0.000000000000000000e+00 5.747354597297585180e+23
1.612497995617798064e+06 3.891701246970276407e+04 1.767340654581328607e+01 1.135486202174150000e+13 0.000000000000000000e+00 6.885205959335680085e+23
1.707350818889433285e+06 3.883122282302437816e+04 1.868836262437885054e+01 1.128781789623669531e+13 0.000000000000000000e+00 8.162339294109833342e+23
1.802203642161068274e+06 3.874081519899606064e+04 1.969910949075448059e+01 1.121719946497870898e+13 0.000000000000000000e+00 9.586289684954209436e+23
1.897056465432703495e+06 3.864483026000937389e+04 2.070541850300573117e+01 1.114304899910754883e+13 0.000000000000000000e+00 1.116449836660059296e+24
1.991909288704338716e+06 3.854433051185360819e+04 2.170706044662805922e+01 1.106541074435263086e+13 0.000000000000000000e+00 1.290427126095641141e+24
2.086762111975973938e+06 3.843937475274103053e+04 2.270380040112184616e+01 1.098433012361964258e+13 0.000000000000000000e+00 1.481263534078286358e+24
2.181614935247608926e+06 3.832905306265590480e+04 2.369540869639109104e+01 1.089985601577160742e+13 0.000000000000000000e+00 1.689672726009480351e+24
2.276467758519244380e+06 3.821406140819323628e+04 2.468165715466786381e+01 1.081203935273387891e+13 0.000000000000000000e+00 1.916355028609168451e+24
2.371320581790879369e+06 3.809476186542936193e+04 2.566231800308816702e+01 1.072093284768875781e+13 0.000000000000000000e+00 2.161992720332536930e+24
2.466173405062514823e+06 3.796987385665539477e+04 2.663716387369195360e+01 1.062659099507547656e+13 0.000000000000000000e+00 2.427250031370021053e+24
2.561026228334149811e+06 3.784068686778749543e+04 2.760596780342308421e+01 1.052907007059021875e+13 0.000000000000000000e+00 2.712773143647295413e+24
2.655879051605784800e+06 3.770670737783366349e+04 2.856850323412938764e+01 1.042842813118609766e+13 0.000000000000000000e+00 3.019190190825283059e+24
2.750731874877420254e+06 3.756773861698535620e+04 2.952454401256261107e+01 1.032472501507316992e+13 0.000000000000000000e+00 3.347111258300154154e+24
2.845584698149055243e+06 3.742451689484786766e+04 3.047386439037843076e+01 1.021802234171843555e+13 0.000000000000000000e+00 3.697128383203314699e+24
2.940437521420690697e+06 3.727587761713509099e+04 3.141623902413647329e+01 1.010838351184583203e+13 0.000000000000000000e+00 4.069815554401424789e+24
3.035290344692325685e+06 3.712328073883938487e+04 3.235144297530028723e+01 9.995873707436234375e+12 0.000000000000000000e+00 4.465728712496381432e+24
3.130143167963960674e+06 3.696512094018032803e+04 3.327925171023737505e+01 9.880559891727460938e+12 0.000000000000000000e+00 4.885405749825330360e+24
3.224995991235596128e+06 3.680305116767980508e+04 3.419944110021914696e+01 9.762510809214269531e+12 0.000000000000000000e+00 5.329366510460663880e+24
3.319848814507231116e+06 3.663554601383724366e+04 3.511178742142098486e+01 9.641796985648359375e+12 0.000000000000000000e+00 5.798112790210012827e+24
3.414701637778866570e+06 3.646393198895613750e+04 3.601606735492217126e+01 9.518490728038363281e+12 0.000000000000000000e+00 6.292128336616258366e+24
3.509554461050501559e+06 3.628728743527748884e+04 3.691205798670594618e+01 9.392666124649865234e+12 0.000000000000000000e+00 6.811878848957520187e+24
3.604407284322136547e+06 3.610608924811238830e+04 3.779953613983443006e+01 9.264398772988765625e+12 0.000000000000000000e+00 7.357808302837052318e+24
3.699260107593772002e+06 3.592053493918909226e+04 3.867827352986744671e+01 9.133762932606589844e+12 0.000000000000000000e+00 7.930299935906681638e+24
3.794112930865406990e+06 3.572973270474343735e+04 3.954805325836472463e+01 9.000837082753818359e+12 0.000000000000000000e+00 8.529750601250094644e+24
3.888965754137042444e+06 3.553473324248546851e+04 4.040866121565645130e+01 8.865701864521875000e+12 0.000000000000000000e+00 9.156543840551077407e+24
3.983818577408677433e+06 3.533514218699331104e+04 4.125988271987198885e+01 8.728438916737255859e+12 0.000000000000000000e+00 9.811034281047369076e+24
4.078671400680312421e+06 3.513050741303074756e+04 4.210150251693988110e+01 8.589130875961512695e+12 0.000000000000000000e+00 1.049354763553069087e+25
4.173524223951947875e+06 3.492155674935191928e+04 4.293330478058785360e+01 8.447861376491262695e+12 0.000000000000000000e+00 1.120438070234673427e+25
4.268377047223582864e+06 3.470822885615506675e+04 4.375507311234281360e+01 8.304715050358185547e+12 0.000000000000000000e+00 1.194380136539515348e+25
4.363229870495217852e+06 3.448990455145103624e+04 4.456659054153084298e+01 8.159777527329023438e+12 0.000000000000000000e+00 1.271204859412957728e+25
4.458082693766853772e+06 3.426695072005763359e+04 4.536763952527722665e+01 8.013135434905579102e+12 0.000000000000000000e+00 1.350933244355761973e+25
4.552935517038488761e+06 3.403954572655781521e+04 4.615800194850639571e+01 7.864876398324720703e+12 0.000000000000000000e+00 1.433583405424083078e+25
4.647788340310123749e+06 3.380764401387395628e+04 4.693745912394198427e+01 7.715089040558376953e+12 0.000000000000000000e+00 1.519170565229475857e+25
4.742641163581758738e+06 3.357120462960012082e+04 4.770579179210680820e+01 7.563862982313541016e+12 0.000000000000000000e+00 1.607707054938891719e+25
4.837493986853393726e+06 3.333019138329260022e+04 4.846278012132284374e+01 7.411288842032264648e+12 0.000000000000000000e+00 1.699202314274678885e+25
4.932346810125029646e+06 3.308431842578206852e+04 4.920820370771127727e+01 7.257458235891665039e+12 0.000000000000000000e+00 1.793662891514583459e+25
5.027199633396664634e+06 3.283386743738525547e+04 4.994184157519245559e+01 7.102463777803923828e+12 0.000000000000000000e+00 1.891092443491745997e+25
5.122052456668299623e+06 3.257884913752091234e+04 5.066347217548590720e+01 6.946399079416281250e+12 0.000000000000000000e+00 1.991491735594706225e+25
5.216905279939934611e+06 3.231924761038415454e+04 5.137287338811034232e+01 6.789358750111042969e+12 0.000000000000000000e+00 2.094858641767401541e+25
5.311758103211569600e+06 3.205505290569936915e+04 5.206982252038367420e+01 6.631438397005574219e+12 0.000000000000000000e+00 2.201188144509165079e+25
5.406610926483205520e+06 3.178625790581222827e+04 5.275409663056527165e+01 6.472734605605420898e+12 0.000000000000000000e+00 2.310472277232742296e+25
5.501463749754840508e+06 3.151286366323929906e+04 5.342548723031502789e+01 6.313343755336347656e+12 0.000000000000000000e+00 2.422698282458915741e+25
5.596316573026475497e+06 3.123460707385147543e+04 5.408378682280147842e+01 6.153362178454764648e+12 0.000000000000000000e+00 2.537850113588950094e+25
5.691169396298110485e+06 3.095159857172480406e+04 5.472876576863399123e+01 5.992888042180164062e+12 0.000000000000000000e+00 2.655907885940440822e+25
5.786022219569745474e+06 3.066393786454987276e+04 5.536017312004294411e+01 5.832021423438759766e+12 0.000000000000000000e+00 2.776847048073019113e+25
5.880875042841381393e+06 3.037165188007343022e+04 5.597776582973521187e+01 5.670862504853957031e+12 0.000000000000000000e+00 2.900639687692835190e+25
5.975727866113016382e+06 3.007476668927395804e+04 5.658134171124764578e+01 5.509509097709026367e+12 0.000000000000000000e+00 3.027256272862210256e+25
6.070580689384651370e+06 2.977281304454964993e+04 5.717067775912621386e+01 5.348060639975135742e+12 0.000000000000000000e+00 3.156662379370595740e+25
6.165433512656286359e+06 2.946593879899594322e+04 5.774552804231065295e+01 5.186618351044677734e+12 0.000000000000000000e+00 3.288818550520069795e+25
6.260286335927921347e+06 2.915451875162538636e+04 5.830565668955884462e+01 5.025283084779086914e+12 0.000000000000000000e+00 3.423681875245411759e+25
6.355139159199557267e+06 2.883780064201373898e+04 5.885080789545596502e+01 4.864157337790417969e+12 0.000000000000000000e+00 3.561204165405307298e+25
6.449991982471192256e+06 2.851626420854155367e+04 5.938073344234415174e+01 4.703343172609779297e+12 0.000000000000000000e+00 3.701333506190805107e+25
6.544844805742827244e+06 2.818960127558252861e+04 5.989519802418866590e+01 4.542941842530199219e+12 0.000000000000000000e+00 3.844014548477509181e+25
6.639697629014462233e+06 2.785787372727176989e+04 6.039396494656899250e+01 4.383054789218013184e+12 0.000000000000000000e+00 3.989187568112082245e+25
6.734550452286097221e+06 2.752072410645187483e+04 6.087675574861948036e+01 4.223786348784972168e+12 0.000000000000000000e+00 4.136785777033133990e+25
6.829403275557733141e+06 2.717858655184824602e+04 6.134331380799528688e+01 4.065239299600021973e+12 0.000000000000000000e+00 4.286739167017619118e+25
6.924256098829368129e+06 2.683073369076119707e+04 6.179333465545695248e+01 3.907519879715000000e+12 0.000000000000000000e+00 4.438969740101270533e+25
7.019108922101003118e+06 1.473048132055980568e+04 6.140768033394100200e+01 3.812532159291752930e+12 0.000000000000000000e+00 4.532950359407398238e+25
7.113961745372638106e+06 1.460472940188588473e+04 6.093248981368054729e+01 3.727425942812321289e+12 0.000000000000000000e+00 4.620258641153415519e+25
7.208814568644273095e+06 1.447962944801409685e+04 6.048134018245576726e+01 3.643686269305202637e+12 0.000000000000000000e+00 4.709159741591044214e+25
7.303667391915909015e+06 1.435512954732760409e+04 6.005278057261109126e+01 3.561266709038191895e+12 0.000000000000000000e+00 4.799648087188298004e+25
7.398520215187544003e+06 1.423117631604442977e+04 5.964545103324862652e+01 3.480123770878263672e+12 0.000000000000000000e+00 4.891717411616724141e+25
7.493373038459178992e+06 1.410771993203835154e+04 5.925804934545663372e+01 3.400215849885610352e+12 0.000000000000000000e+00 4.985360866223076747e+25
7.588225861730813980e+06 1.398471217401210379e+04 5.888933342150561145e+01 3.321503741842636230e+12 0.000000000000000000e+00 5.080570800292818227e+25
7.683078685002448969e+06 1.386210944780587306e+04 5.853823645208958482e+01 3.243954396348389160e+12 0.000000000000000000e+00 5.177338131540947715e+25
7.777931508274084888e+06 1.373987473974681416e+04 5.820373894791359959e+01 3.167536483630632812e+12 0.000000000000000000e+00 5.275652831166274110e+25
7.872784331545719877e+06 1.361797010868800317e+04 5.788486223360896332e+01 3.092220176962173828e+12 0.000000000000000000e+00 5.375503948737875658e+25
7.967637154817354865e+06 1.349631733417087707e+04 5.758066844773320270e+01 3.017977152660854004e+12 0.000000000000000000e+00 5.476879612195107671e+25
8.062489978088989854e+06 1.337487333853820746e+04 5.729026054277009194e+01 2.944780590089555664e+12 0.000000000000000000e+00 5.579767027847595663e+25
8.157342801360624842e+06 1.325363556896536102e+04 5.701278228512963153e+01 2.872605171656199219e+12 0.000000000000000000e+00 5.684152480375237065e+25
8.252195624632260762e+06 1.313257375616869467e+04 5.674741825514808369e+01 2.801427082813742676e+12 0.000000000000000000e+00 5.790021332828203802e+25
8.347048447903895751e+06 1.301165402595789055e+04 5.649339384708792267e+01 2.731224012060186035e+12 0.000000000000000000e+00 5.897358026626937141e+25
8.441901271175531670e+06 1.289084724834969893e+04 5.624997526913789159e+01 2.661975150938563965e+12 0.000000000000000000e+00 6.006146081562154559e+25
8.536754094447165728e+06 1.277012439908001397e+04 5.601646954341294560e+01 2.593661194036954102e+12 0.000000000000000000e+00 6.116368095794840299e+25
8.631606917718801647e+06 1.264946006708659115e+04 5.579222450595428739e+01 2.526264338988467285e+12 0.000000000000000000e+00 6.228005745856259110e+25
8.726459740990435705e+06 1.252882774663363671e+04 5.557662880672936723e+01 2.459768286471259277e+12 0.000000000000000000e+00 6.341039786647939068e+25
8.821312564262071624e+06 1.240810549789124889e+04 5.536911190963186868e+01 2.394158240208519043e+12 0.000000000000000000e+00 6.455450051441690476e+25
8.916165387533707544e+06 1.228725158208213179e+04 5.516914409248170159e+01 2.329420906968477539e+12 0.000000000000000000e+00 6.571215451879587821e+25
9.011018210805341601e+06 1.216635727193816274e+04 5.497623644702503753e+01 2.265544496564404297e+12 0.000000000000000000e+00 6.688313977973980088e+25
9.105871034076977521e+06 1.204540679179869767e+04 5.478994086887197312e+01 2.202518721557483887e+12 0.000000000000000000e+00 6.806722697930179901e+25
9.200723857348611578e+06 1.192438425168267349e+04 5.460976173949307366e+01 2.140332198998254395e+12 0.000000000000000000e+00 6.926416272880849975e+25
9.295576680620247498e+06 1.180302845910955511e+04 5.443519777935173209e+01 2.078973681047762695e+12 0.000000000000000000e+00 7.047367921335252905e+25
9.390429503891883418e+06 1.168150059801523093e+04 5.426582756980423028e+01 2.018434494570824463e+12 0.000000000000000000e+00 7.169550751216761923e+25
9.485282327163517475e+06 1.155984360378930614e+04 5.410124271860947687e+01 1.958706550411233398e+12 0.000000000000000000e+00 7.292936519161146261e+25
9.580135150435153395e+06 1.143790863358529532e+04 5.394104785992900020e+01 1.899782343391754639e+12 0.000000000000000000e+00 7.417495630516578029e+25
9.674987973706787452e+06 1.131559602912702758e+04 5.378486065432696250e+01 1.841654952314135742e+12 0.000000000000000000e+00 7.543197139343615891e+25
9.769840796978423372e+06 1.119311497284799952e+04 5.363231178877015282e+01 1.784318039959094727e+12 0.000000000000000000e+00 7.670008748415223962e+25
9.864693620250059292e+06 1.107019589381357400e+04 5.348304497662797274e+01 1.727765853086330566e+12 0.000000000000000000e+00 7.797896809216756349e+25
9.959546443521693349e+06 1.094692961750642280e+04 5.333671695767247911e+01 1.671993222434518555e+12 0.000000000000000000e+00 7.926826321945958868e+25
1.005439926679332927e+07 1.082333784414998081e+04 5.319299749807833422e+01 1.616995562721306152e+12 0.000000000000000000e+00 8.056760935512987081e+25
1.014925209006496333e+07 1.069920233094869764e+04 5.305156939042283426e+01 1.562768872643322510e+12 0.000000000000000000e+00 8.187662947540377951e+25
1.024410491333659925e+07 1.057473943966154911e+04 5.291212845368590223e+01 1.509309734876168945e+12 0.000000000000000000e+00 8.319493304363075613e+25
1.033895773660823517e+07 1.044966686446870517e+04 5.277438353325008791e+01 1.456615316074425781e+12 0.000000000000000000e+00 8.452211601028410753e+25
1.043381055987986922e+07 1.032415006763093697e+04 5.263805650090058208e+01 1.404683366871650635e+12 0.000000000000000000e+00 8.585776081296116078e+25
1.052866338315150514e+07 1.019809101206984269e+04 5.250288225482517390e+01 1.353512221880373291e+12 0.000000000000000000e+00 8.720143637638321154e+25
1.062351620642313920e+07 1.007136020403985822e+04 5.236860871961430774e+01 1.303100799692104980e+12 0.000000000000000000e+00 8.855269811239545538e+25
1.071836902969477512e+07 9.944113835852891498e+03 5.223499671413346590e+01 1.253448600259568604e+12 0.000000000000000000e+00 8.991108776843755230e+25
1.081322185296641104e+07 9.816199329184426460e+03 5.210178740515613782e+01 1.204554980035801758e+12 0.000000000000000000e+00 9.127610128815206477e+25
1.090807467623804510e+07 9.687490854954372480e+03 5.196872595514891202e+01 1.156419428784924805e+12 0.000000000000000000e+00 9.264722858646690687e+25
1.100292749950968102e+07 9.558095280455774628e+03 5.183558033998074421e+01 1.109042170681528564e+12 0.000000000000000000e+00 9.402396071163692874e+25
1.109778032278131507e+07 9.427938903859811035e+03 5.170212093263643993e+01 1.062423821210105957e+12 0.000000000000000000e+00 9.540576249982042733e+25
1.119263314605295099e+07 9.296962223430076847e+03 5.156812050321664032e+01 1.016565387165043701e+12 0.000000000000000000e+00 9.679207257507921509e+25
1.128748596932458691e+07 9.165105206944044767e+03 5.143335421893782211e+01 9.714682666506293945e+11 0.000000000000000000e+00 9.818230334937856845e+25
1.138233879259622097e+07 9.032312716937551158e+03 5.129759964413232609e+01 9.271342490810483398e+11 0.000000000000000000e+00 9.957584102258727938e+25
1.147719161586785689e+07 8.898534376010775304e+03 5.116063674024829311e+01 8.835655151803808594e+11 0.000000000000000000e+00 1.009720455824776553e+26
1.157204443913949095e+07 8.763724695426497419e+03 5.102224786584974936e+01 8.407646369826093750e+11 0.000000000000000000e+00 1.023702508047254506e+26
1.166689726241112687e+07 8.627843957324512303e+03 5.088221777661651402e+01 7.987345778316096191e+11 0.000000000000000000e+00 1.037697642529099864e+26
1.176175008568276279e+07 8.490813394452750799e+03 5.074033362534429870e+01 7.574786923811589355e+11 0.000000000000000000e+00 1.051698672785139966e+26
1.185660290895439684e+07 8.352432114696086501e+03 5.059638496194460799e+01 7.170007265949313965e+11 0.000000000000000000e+00 1.065698150209237476e+26
1.195145573222603276e+07 8.212853430983712315e+03 5.045016373344481764e+01 6.773048177464973145e+11 0.000000000000000000e+00 1.079688364074290385e+26
1.204630855549766682e+07 8.071748669573913503e+03 5.030146428398812475e+01 6.383954944193276367e+11 0.000000000000000000e+00 1.093661341532230637e+26
1.214116137876930274e+07 7.929232056460534295e+03 5.015008335483358337e+01 6.002776765067883301e+11 0.000000000000000000e+00 1.107608847614026363e+26
1.223601420204093866e+07 7.785095783264313468e+03 4.999582008435608316e+01 5.629566752121452637e+11 0.000000000000000000e+00 1.121522385229679816e+26
1.233086702531257272e+07 7.639180156557991722e+03 4.983846838016943082e+01 5.264382997862006836e+11 0.000000000000000000e+00 1.135393004429097580e+26
1.242571984858420864e+07 7.491438131938206425e+03 4.967778461367103660e+01 4.907292202361050415e+11 0.000000000000000000e+00 1.149210548473383914e+26
1.252057267185584269e+07 7.341670844149601180e+03 4.951354000347554063e+01 4.558363504968888550e+11 0.000000000000000000e+00 1.162964922466863770e+26
1.261542549512747861e+07 7.189703860146184525e+03 4.934549898124420508e+01 4.217673973741256714e+11 0.000000000000000000e+00 1.176645427533005657e+26
1.271027831839911453e+07 7.035467137820713106e+03 4.917341444264042138e+01 3.885309396567872925e+11 0.000000000000000000e+00 1.190240635347030148e+26
1.280513114167074859e+07 6.878593011629873217e+03 4.899702774732966759e+01 3.561364281172416382e+11 0.000000000000000000e+00 1.203738388135911246e+26
1.289998396494238451e+07 6.718931671543738958e+03 4.881606871897950839e+01 3.245941855112508545e+11 0.000000000000000000e+00 1.217125798678377080e+26
1.299483678821401857e+07 6.556165237344661364e+03 4.863025564525963063e+01 2.939154065779759521e+11 0.000000000000000000e+00 1.230389250304908351e+26
1.308968961148565449e+07 6.389976506217120914e+03 4.843929527784180067e+01 2.641121580399713745e+11 0.000000000000000000e+00 1.243514396897739714e+26
1.318454243475729041e+07 6.219972407410779851e+03 4.824286061014189642e+01 2.351984876644388733e+11 0.000000000000000000e+00 1.256485415175879009e+26
1.327939525802892447e+07 6.045656096413324121e+03 4.804059795905723718e+01 2.071898643825255737e+11 0.000000000000000000e+00 1.269285307938952377e+26
1.337424808130056038e+07 5.866491755943477983e+03 4.783212604391059131e+01 1.801034159500642700e+11 0.000000000000000000e+00 1.281895757786318945e+26
1.346910090457219444e+07 5.681770277428660847e+03 4.761700193109732737e+01 1.539597852485492554e+11 0.000000000000000000e+00 1.294295911314539525e+26
1.356395372784383036e+07 5.490613020328075436e+03 4.739472097827683683e+01 1.287831332130016785e+11 0.000000000000000000e+00 1.306462377181084408e+26
1.365880655111546628e+07 5.291843180972038681e+03 4.716471683437260509e+01 1.046011388319734497e+11 0.000000000000000000e+00 1.318369226104330620e+26
1.375365937438710034e+07 5.083962497893639011e+03 4.692635705440756055e+01 8.144522238777392578e+10 0.000000000000000000e+00 1.329987844407633327e+26
1.384851219765873626e+07 4.864879512511131907e+03 4.667885345421448307e+01 5.935514741007138062e+10 0.000000000000000000e+00 1.341283921300838653e+26
1.394336502093037032e+07 4.631613605660226312e+03 4.642121696290868726e+01 3.838162424122273254e+10 0.000000000000000000e+00 1.352215839888607491e+26
1.403821784420200624e+07 4.379549770318955780e+03 4.615218815715474676e+01 1.859010564245545197e+10 0.000000000000000000e+00 1.362732311908323721e+26
1.413307066747364216e+07 4.100920063575505992e+03 4.587005474442754149e+01 7.053809707282638550e+07 0.000000000000000000e+00 1.372766340299500794e+26
