# Radius (m)	Density (kg/m^3)	Gravity (m/s^2)	Pressure (Pa)	Temperature (K)	Mass Enclosed (kg)
0.000000000000000000e+00 3.714258575777849182e+04 0.000000000000000000e+00 1.001006519574340625e+13 0.000000000000000000e+00 0.000000000000000000e+00
9.200045846657150832e+04 3.714037271363277978e+04 9.553608600764794678e-01 1.000843281718017773e+13 0.000000000000000000e+00 1.211551139276703007e+20
1.840009169331430166e+05 3.713373484430524695e+04 1.910516533884922818e+00 1.000353661318135742e+13 0.000000000000000000e+00 9.691327517052858532e+20
2.760013753997145104e+05 3.712260276263052947e+04 2.865261106144093795e+00 9.995379397097789062e+12 0.000000000000000000e+00 3.270253513120010469e+21
3.680018338662860333e+05 3.710694843672514980e+04 3.819384410919516970e+00 9.983965876925134766e+12 0.000000000000000000e+00 7.749694933343716508e+21
4.600022923328575562e+05 3.708683693937365024e+04 4.772678825096438260e+00 9.969302646958478516e+12 0.000000000000000000e+00 1.513098675120513640e+22
5.520027507994290208e+05 3.706227990856032557e+04 5.724939172020128808e+00 9.951398192415853516e+12 0.000000000000000000e+00 2.613624000903621326e+22
6.440032092660005437e+05 3.703329150398188358e+04 6.675960489251562713e+00 9.930262837087939453e+12 0.000000000000000000e+00 4.148438214109991168e+22
7.360036677325720666e+05 3.699988839661261591e+04 7.625538677028037782e+00 9.905908735730091797e+12 0.000000000000000000e+00 6.189086554544522710e+22
8.280041261991435895e+05 3.696208976870449260e+04 8.573470498263180417e+00 9.878349874062353516e+12 0.000000000000000000e+00 8.806766758390724035e+22
9.200045846657151124e+05 3.691991727985646867e+04 9.519554077802197867e+00 9.847602044030748047e+12 0.000000000000000000e+00 1.207228753301376021e+23
1.012005043132286635e+06 3.687339484853872273e+04 1.046359062665375994e+01 9.813682684517259766e+12 0.000000000000000000e+00 1.605572841435253451e+23
1.104005501598858042e+06 3.682254942116433813e+04 1.140537091488494248e+01 9.776611442067572266e+12 0.000000000000000000e+00 2.082717557376762983e+23
1.196005960065429565e+06 3.676683284491790255e+04 1.234468471647158516e+01 9.736409808000640625e+12 0.000000000000000000e+00 2.645610800772202040e+23
1.288006418532001087e+06 3.670673658842744771e+04 1.328132355619975868e+01 9.693100997874240234e+12 0.000000000000000000e+00 3.301120283489330801e+23
1.380006876998572610e+06 3.664236335317729390e+04 1.421508070966577364e+01 9.646709951484966797e+12 0.000000000000000000e+00 4.056033529617373211e+23
1.472007335465144133e+06 3.657375013876886806e+04 1.514575120327616631e+01 9.597263332868236328e+12 0.000000000000000000e+00 4.917057875467017315e+23
1.564007793931715656e+06 3.650085275057493709e+04 1.607313181424771642e+01 9.544789530298285156e+12 0.000000000000000000e+00 5.890820469570415257e+23
1.656008252398287179e+06 3.642297745816152019e+04 1.699702107060743472e+01 9.489318656288169922e+12 0.000000000000000000e+00 6.983868272681181271e+23
1.748008710864858702e+06 3.634093928707447776e+04 1.791721925119256653e+01 9.430882547589767578e+12 0.000000000000000000e+00 8.202668057774395029e+23
1.840009169331430225e+06 3.625478535342671239e+04 1.883352838565059528e+01 9.369514765193777344e+12 0.000000000000000000e+00 9.553606410046597623e+23
1.932009627798001748e+06 3.616411491285340162e+04 1.974575225443922477e+01 9.305250594329714844e+12 0.000000000000000000e+00 1.104298972691579558e+24
2.024010086264573270e+06 3.606877236727804120e+04 2.065368874633955443e+01 9.238126561276066406e+12 0.000000000000000000e+00 1.267694161086227176e+24
2.116010544731144793e+06 3.596942120917170541e+04 2.155711807036840355e+01 9.168180343872251953e+12 0.000000000000000000e+00 1.446133492428225416e+24
2.208011003197716083e+06 3.586570738870467176e+04 2.245584009892209565e+01 9.095453048950138672e+12 0.000000000000000000e+00 1.640226697985790159e+24
2.300011461664287839e+06 3.575725387483576196e+04 2.334965636707804393e+01 9.019987280594175781e+12 0.000000000000000000e+00 1.850569886493419726e+24
2.392011920130859129e+06 3.564492803090317466e+04 2.423836841711921863e+01 8.941827008822349609e+12 0.000000000000000000e+00 2.077742932971197758e+24
2.484012378597430885e+06 3.552792191149234714e+04 2.512177779853417547e+01 8.861017569586175781e+12 0.000000000000000000e+00 2.322309478724799394e+24
2.576012837064002175e+06 3.540663448184415029e+04 2.599968606801702720e+01 8.777605664770706055e+12 0.000000000000000000e+00 2.584816931345484290e+24
2.668013295530573931e+06 3.528132361845245759e+04 2.687189478946748267e+01 8.691639362194521484e+12 0.000000000000000000e+00 2.865796464710105208e+24
2.760013753997145221e+06 3.515115975392283872e+04 2.773820553399079358e+01 8.603168095609741211e+12 0.000000000000000000e+00 3.165763018981097817e+24
2.852014212463716976e+06 3.501738518588691659e+04 2.859841987989781131e+01 8.512242664702011719e+12 0.000000000000000000e+00 3.485215300606490357e+24
2.944014670930288266e+06 3.487846505643965793e+04 2.945233941270493716e+01 8.418915235090517578e+12 0.000000000000000000e+00 3.824635782319897194e+24
3.036015129396859556e+06 3.473603376291014138e+04 3.029976572513416144e+01 8.323239338327974609e+12 0.000000000000000000e+00 4.184490703140520433e+24
3.128015587863431312e+06 3.458855789044286939e+04 3.114050041711304573e+01 8.225269871900628906e+12 0.000000000000000000e+00 4.565230068373156360e+24
3.220016046330002602e+06 3.443755499187482928e+04 3.197434509577470862e+01 8.125063099228265625e+12 0.000000000000000000e+00 4.967287649608177725e+24
3.312016504796574358e+06 3.428149379129918816e+04 3.280110137545786131e+01 8.022676649664196289e+12 0.000000000000000000e+00 5.391080984721558438e+24
3.404016963263145648e+06 3.412174436428109766e+04 3.362057087770677555e+01 7.918169518495271484e+12 0.000000000000000000e+00 5.837011377874852093e+24
3.496017421729717404e+06 3.395737606842418609e+04 3.443255523127130147e+01 7.811602066941869141e+12 0.000000000000000000e+00 6.305463899515203246e+24
3.588017880196288694e+06 3.378883187820398598e+04 3.523685607210684623e+01 7.703036022157906250e+12 0.000000000000000000e+00 6.796807386375345261e+24
3.680018338662860449e+06 3.361636304211319657e+04 3.603327504337441667e+01 7.592534477230828125e+12 0.000000000000000000e+00 7.311394441473601393e+24
3.772018797129431739e+06 3.343900528545501584e+04 3.682161379544056956e+01 7.480161891181615234e+12 0.000000000000000000e+00 7.849561434113877261e+24
3.864019255596003495e+06 3.325777912885799014e+04 3.760167398892382096e+01 7.365984059007451172e+12 0.000000000000000000e+00 8.411627927557009618e+24
3.956019714062574785e+06 3.307250346840062412e+04 3.837325903275214500e+01 7.250066198662695312e+12 0.000000000000000000e+00 8.997859646585103284e+24
4.048020172529146541e+06 3.288241093000590627e+04 3.913617665159750203e+01 7.132475410670613281e+12 0.000000000000000000e+00 9.608514969391119332e+24
4.140020630995717831e+06 3.268832908392465470e+04 3.989023450199334775e+01 7.013280783888618164e+12 0.000000000000000000e+00 1.024384888625000847e+25
4.232021089462289587e+06 3.249019892895074736e+04 4.063523934830298145e+01 6.892552189550548828e+12 0.000000000000000000e+00 1.090409032001108423e+25
4.324021547928861342e+06 3.228777455049457058e+04 4.137099706271946786e+01 6.770360281266674805e+12 0.000000000000000000e+00 1.158944212609800368e+25
4.416022006395432167e+06 3.208076825357325288e+04 4.209731262526570816e+01 6.646776495023697266e+12 0.000000000000000000e+00 1.230008109250875986e+25
4.508022464862003922e+06 3.186963682457924733e+04 4.281399012379439739e+01 6.521873049184739258e+12 0.000000000000000000e+00 1.303615793981572797e+25
4.600022923328575678e+06 3.165433575605330407e+04 4.352083275398803863e+01 6.395722944489361328e+12 0.000000000000000000e+00 1.379779732116560098e+25
4.692023381795146503e+06 3.143482372630165628e+04 4.421764281935892171e+01 6.268399964053549805e+12 0.000000000000000000e+00 1.458509782227943467e+25
4.784023840261718258e+06 3.121106255301843339e+04 4.490422173124918004e+01 6.139978673369717773e+12 0.000000000000000000e+00 1.539813196145263907e+25
4.876024298728290014e+06 3.098301970275729400e+04 4.558037000883071244e+01 6.010534420306710938e+12 0.000000000000000000e+00 1.623694618955496773e+25
4.968024757194861770e+06 3.075066580758327473e+04 4.624588727910524000e+01 5.880143335109803711e+12 0.000000000000000000e+00 1.710156089003051771e+25
5.060025215661432594e+06 3.051397875598265819e+04 4.690057227690429187e+01 5.748882330400698242e+12 0.000000000000000000e+00 1.799197037889773815e+25
5.152025674128004350e+06 3.027293529640018096e+04 4.754422284488920525e+01 5.616829101177526367e+12 0.000000000000000000e+00 1.890814290474945180e+25
5.244026132594576105e+06 3.002752220616738850e+04 4.817663593355110407e+01 5.484062124814849609e+12 0.000000000000000000e+00 1.985002064875279911e+25
5.336026591061147861e+06 2.977773227623327693e+04 4.879760760121094165e+01 5.350660661063658203e+12 0.000000000000000000e+00 2.081751972464928125e+25
5.428027049527718686e+06 2.952356025295154541e+04 4.940693301401944382e+01 5.216704752051374023e+12 0.000000000000000000e+00 2.181053017875474289e+25
5.520027507994290441e+06 2.926501050301604846e+04 5.000440669477534072e+01 5.082275072744436523e+12 0.000000000000000000e+00 2.282890480556495086e+25
5.612027966460862197e+06 2.900208776800001942e+04 5.058983175735347970e+01 4.947451938558874023e+12 0.000000000000000000e+00 2.387246154299112351e+25
5.704028424927433953e+06 2.873480399938180199e+04 5.116300408552338297e+01 4.812316445591938477e+12 0.000000000000000000e+00 2.494099154859273876e+25
5.796028883394004777e+06 2.846317198265599291e+04 5.172370303733462293e+01 4.676951094268182617e+12 0.000000000000000000e+00 2.603424605690712795e+25
5.888029341860576533e+06 2.818650287212444528e+04 5.227170810806034495e+01 4.541438765301012695e+12 0.000000000000000000e+00 2.715194446342012700e+25
5.980029800327148288e+06 2.790547165890225733e+04 5.280680270269277798e+01 4.405862491130740234e+12 0.000000000000000000e+00 2.829377406241814766e+25
6.072030258793719113e+06 2.762011790756768460e+04 5.332875440877108986e+01 4.270306557056463867e+12 0.000000000000000000e+00 2.945937999480722190e+25
6.164030717260290869e+06 2.732958643777362158e+04 5.383735094702986146e+01 4.134854235727381836e+12 0.000000000000000000e+00 3.064838386678346980e+25
6.256031175726862624e+06 2.703463000822511822e+04 5.433238899623356843e+01 3.999588437679920898e+12 0.000000000000000000e+00 3.186037744839935790e+25
6.348031634193434380e+06 2.673471692261863791e+04 5.481362017337242065e+01 3.864595053484291016e+12 0.000000000000000000e+00 3.309489104224178033e+25
6.440032092660005204e+06 2.643004706921939214e+04 5.528079452842828800e+01 3.729960327443166992e+12 0.000000000000000000e+00 3.435141591009772896e+25
6.532032551126576960e+06 2.612019715225190885e+04 5.573367214524287760e+01 3.595769945011043457e+12 0.000000000000000000e+00 3.562941089293503055e+25
6.624033009593148716e+06 2.580561681983477320e+04 5.617202246473296867e+01 3.462109066434443848e+12 0.000000000000000000e+00 3.692830204623539971e+25
6.716033468059720472e+06 2.548550710989869549e+04 5.659557956134527501e+01 3.329065254035083496e+12 0.000000000000000000e+00 3.824745273324397113e+25
6.808033926526291296e+06 1.384593501779540929e+04 5.646559762587427400e+01 3.233763779174522461e+12 0.000000000000000000e+00 3.921224003767821557e+25
6.900034384992863052e+06 1.373167119703119170e+04 5.601977653318801487e+01 3.162413939564837402e+12 0.000000000000000000e+00 3.996116883558331866e+25
6.992034843459434807e+06 1.361793843801246840e+04 5.559665896207310709e+01 3.092200625390392090e+12 0.000000000000000000e+00 4.072397652705387487e+25
7.084035301926006563e+06 1.350472302011032662e+04 5.519488641609839874e+01 3.023084301122160645e+12 0.000000000000000000e+00 4.150062625930933373e+25
7.176035760392577387e+06 1.339198239099138300e+04 5.481319747731770775e+01 2.955028466741305664e+12 0.000000000000000000e+00 4.229107333964114667e+25
7.268036218859149143e+06 1.327966830210782427e+04 5.445039635884474905e+01 2.887998987248083984e+12 0.000000000000000000e+00 4.309526380031913519e+25
7.360036677325720899e+06 1.316774135353247220e+04 5.410535422192399579e+01 2.821963739549237305e+12 0.000000000000000000e+00 4.391313738524015996e+25
7.452037135792291723e+06 1.305615822454950103e+04 5.377700917593060126e+01 2.756892612457988770e+12 0.000000000000000000e+00 4.474462754992812088e+25
7.544037594258863479e+06 1.294488099386838803e+04 5.346436627837043432e+01 2.692757506694042969e+12 0.000000000000000000e+00 4.558966146153399137e+25
7.636038052725435235e+06 1.283385755522940963e+04 5.316649753488008656e+01 2.629532334883586426e+12 0.000000000000000000e+00 4.644815999883577549e+25
7.728038511192006990e+06 1.272302978149347109e+04 5.288250007323988910e+01 2.567192310671512207e+12 0.000000000000000000e+00 4.732003292311138630e+25
7.820038969658577815e+06 1.261239087630945505e+04 5.261152513344372750e+01 2.505714826496178223e+12 0.000000000000000000e+00 4.820517918578010101e+25
7.912039428125149570e+06 1.250190762804567021e+04 5.235281911756736406e+01 2.445079752918432617e+12 0.000000000000000000e+00 4.910349423502882499e+25
8.004039886591721326e+06 1.239155356867016235e+04 5.210565716231528910e+01 2.385267972550118164e+12 0.000000000000000000e+00 5.001486477527805878e+25
8.096040345058293082e+06 1.228129965295808142e+04 5.186934285336050721e+01 2.326261374470734375e+12 0.000000000000000000e+00 5.093916873957907954e+25
8.188040803524863906e+06 1.217111931177175939e+04 5.164320822534451594e+01 2.268042854227439453e+12 0.000000000000000000e+00 5.187627528961390674e+25
8.280041261991435662e+06 1.206098598482658053e+04 5.142661376187731292e+01 2.210596313835044922e+12 0.000000000000000000e+00 5.282604481569537082e+25
8.372041720458007418e+06 1.195087541760007298e+04 5.121894839553739587e+01 2.153906661776022461e+12 0.000000000000000000e+00 5.378832893676704453e+25
8.464042178924579173e+06 1.184076413505202618e+04 5.101962950787176254e+01 2.097959813000499756e+12 0.000000000000000000e+00 5.476297050040324289e+25
8.556042637391149998e+06 1.173062923554577719e+04 5.082810292939590369e+01 2.042742688926261719e+12 0.000000000000000000e+00 5.574980358280908334e+25
8.648043095857722685e+06 1.162028245667054944e+04 5.064384293959381722e+01 1.988243217438748291e+12 0.000000000000000000e+00 5.674865348882046854e+25
8.740043554324293509e+06 1.150983403453803840e+04 5.046635226691800113e+01 1.934450332891060547e+12 0.000000000000000000e+00 5.775933675190399192e+25
8.832044012790864334e+06 1.139929408945030082e+04 5.029516208878945349e+01 1.881353976103952148e+12 0.000000000000000000e+00 5.878166113415708364e+25
8.924044471257437021e+06 1.128864468214041699e+04 5.012983203159765111e+01 1.828945094365835938e+12 0.000000000000000000e+00 5.981542562630793337e+25
9.016044929724007845e+06 1.117784664706593321e+04 4.996995017070059930e+01 1.777215641432781982e+12 0.000000000000000000e+00 6.086042044771545585e+25
9.108045388190578669e+06 1.106666352550014926e+04 4.981513303042478924e+01 1.726158577528516602e+12 0.000000000000000000e+00 6.191642704636936825e+25
9.200045846657151356e+06 1.095532406625805379e+04 4.966501324820767138e+01 1.675767492088767822e+12 0.000000000000000000e+00 6.298321545805227313e+25
9.292046305123722181e+06 1.084381441838670798e+04 4.951918007386186815e+01 1.626034727996031494e+12 0.000000000000000000e+00 6.406053466591527633e+25
9.384046763590293005e+06 1.073190672264384193e+04 4.937728107423761514e+01 1.576954468549352295e+12 0.000000000000000000e+00 6.514813585730284043e+25
9.476047222056865692e+06 1.061968406058905566e+04 4.923898350422473413e+01 1.528521641219017822e+12 0.000000000000000000e+00 6.624575962450590208e+25
9.568047680523436517e+06 1.050725626209185793e+04 4.910396389052814925e+01 1.480731605246863525e+12 0.000000000000000000e+00 6.735313340282001307e+25
9.660048138990009204e+06 1.039427294485301172e+04 4.897190803166790118e+01 1.433580151646263916e+12 0.000000000000000000e+00 6.846997147054545206e+25
9.752048597456580028e+06 1.028101847346826253e+04 4.884251099797911166e+01 1.387063503202141846e+12 0.000000000000000000e+00 6.959597494898710427e+25
9.844049055923150852e+06 1.016729980411869110e+04 4.871547713161204740e+01 1.341178314470960938e+12 0.000000000000000000e+00 7.073083180245456461e+25
9.936049514389723539e+06 1.005314066533695950e+04 4.859052004653204193e+01 1.295921671780729004e+12 0.000000000000000000e+00 7.187421683826212045e+25
1.002804997285629436e+07 9.938504980965397408e+03 4.846736262851955956e+01 1.251291093231000244e+12 0.000000000000000000e+00 7.302579170672863999e+25
1.012005043132286519e+07 9.823380887053961487e+03 4.834573703517017407e+01 1.207284528692870117e+12 0.000000000000000000e+00 7.418520490117773544e+25
1.021205088978943788e+07 9.707653558844536747e+03 4.822538469589454024e+01 1.163900359808978027e+12 0.000000000000000000e+00 7.535209175793769433e+25
1.030405134825600870e+07 9.591489386542385546e+03 4.810605631191845077e+01 1.121137399993509766e+12 0.000000000000000000e+00 7.652607445634138499e+25
1.039605180672257952e+07 9.474552797021504375e+03 4.798751185628278648e+01 1.078994894432192993e+12 0.000000000000000000e+00 7.770676201872642836e+25
1.048805226518915221e+07 9.357040204326403909e+03 4.786952057384353765e+01 1.037472520082298340e+12 0.000000000000000000e+00 7.889375031043509493e+25
1.058005272365572304e+07 9.238914168145212898e+03 4.775186098127180401e+01 9.965703856726436768e+11 0.000000000000000000e+00 8.008662203981426176e+25
1.067205318212229572e+07 9.120057860935507051e+03 4.763432086705379476e+01 9.562890317035869141e+11 0.000000000000000000e+00 8.128494675821559290e+25
1.076405364058886655e+07 9.000378706301744387e+03 4.751669729149081434e+01 9.166294304470333252e+11 0.000000000000000000e+00 8.248828085999529884e+25
1.085605409905543737e+07 8.879935773092704039e+03 4.739878544225385326e+01 8.775927893888565674e+11 0.000000000000000000e+00 8.369615305353783463e+25
1.094805455752201006e+07 8.758670089400206052e+03 4.728035838272037239e+01 8.391799345394926758e+11 0.000000000000000000e+00 8.490805052013379749e+25
1.104005501598858088e+07 8.636526704444520874e+03 4.716121682014559724e+01 8.013922310058001709e+11 0.000000000000000000e+00 8.612348314880038378e+25
1.113205547445515171e+07 8.513454690723196109e+03 4.704116366829466500e+01 7.642314534715218506e+11 0.000000000000000000e+00 8.734193586567302830e+25
1.122405593292172439e+07 8.389408333559196763e+03 4.692000172402918423e+01 7.276997557881191406e+11 0.000000000000000000e+00 8.856286511403406747e+25
1.131605639138829522e+07 8.264345228479138314e+03 4.679753366730722064e+01 6.917996709747731934e+11 0.000000000000000000e+00 8.978569885431267056e+25
1.140805684985486791e+07 8.138055116032684055e+03 4.667356206118327577e+01 6.565341112183814697e+11 0.000000000000000000e+00 9.100983656408502870e+25
1.150005730832143873e+07 8.010642752909962837e+03 4.654788935180830833e+01 6.219063678735615234e+11 0.000000000000000000e+00 9.223464923807409719e+25
1.159205776678800955e+07 7.882043805180188428e+03 4.642031786842974839e+01 5.879201114626475830e+11 0.000000000000000000e+00 9.345947938814983599e+25
1.168405822525458224e+07 7.752008704727060831e+03 4.629064982339144763e+01 5.545793916756916504e+11 0.000000000000000000e+00 9.468364104332914103e+25
1.177605868372115307e+07 7.620626251934700122e+03 4.615868731213372911e+01 5.218886373704663086e+11 0.000000000000000000e+00 9.590641974977567239e+25
1.186805914218772389e+07 7.487763090741989799e+03 4.602423231319337305e+01 4.898526565724602661e+11 0.000000000000000000e+00 9.712707257080012918e+25
1.196005960065429658e+07 7.353199305300452579e+03 4.588708668820358838e+01 4.584766364748802490e+11 0.000000000000000000e+00 9.834482808686007775e+25
1.205206005912086740e+07 7.216928919668197523e+03 4.574705218189406963e+01 4.277661434386532593e+11 0.000000000000000000e+00 9.955888639555991734e+25
1.214406051758743823e+07 7.078800138610324211e+03 4.560393042209094006e+01 3.977271229924223633e+11 0.000000000000000000e+00 1.007684191116510690e+26
1.223606097605401091e+07 6.938586864101258470e+03 4.545751478269634305e+01 3.683660740328577881e+11 0.000000000000000000e+00 1.019725469526753339e+26
1.232806143452058174e+07 6.796262474676264901e+03 4.530756795761970324e+01 3.396904205005252686e+11 0.000000000000000000e+00 1.031702818418945229e+26
1.242006189298715442e+07 6.651494754855253632e+03 4.515386132772551520e+01 3.117078190182005005e+11 0.000000000000000000e+00 1.043606306186910165e+26
1.251206235145372525e+07 6.504154230039048343e+03 4.499615207266512584e+01 2.844269030530070190e+11 0.000000000000000000e+00 1.055425233711356173e+26
1.260406280992029607e+07 6.353982311083047534e+03 4.483418037318032390e+01 2.578573523663698120e+11 0.000000000000000000e+00 1.067148054011748522e+26
1.269606326838686876e+07 6.200613572977594231e+03 4.466766941110335409e+01 2.320098930140172424e+11 0.000000000000000000e+00 1.078762372246307837e+26
1.278806372685343958e+07 6.043771336107587558e+03 4.449632536935693139e+01 2.068962973459826050e+11 0.000000000000000000e+00 1.090254945712009923e+26
1.288006418532001041e+07 5.883031610361957064e+03 4.431983743195421965e+01 1.825293840066006470e+11 0.000000000000000000e+00 1.101611683844587661e+26
1.297206464378658310e+07 5.717854492031047812e+03 4.413786158732840192e+01 1.589237754557563477e+11 0.000000000000000000e+00 1.112817105254575500e+26
1.306406510225315392e+07 5.547623099552502026e+03 4.395001769438457728e+01 1.360959018615249481e+11 0.000000000000000000e+00 1.123854286892474435e+26
1.315606556071972661e+07 5.371601230392188882e+03 4.375588146365635822e+01 1.140645355054547729e+11 0.000000000000000000e+00 1.134704566486496480e+26
1.324806601918629743e+07 5.188788013135923393e+03 4.355494733156129428e+01 9.285267014130111694e+10 0.000000000000000000e+00 1.145346259388994370e+26
1.334006647765286826e+07 4.997907999827990352e+03 4.334662814724921276e+01 7.248753633906602478e+10 0.000000000000000000e+00 1.155754647875411731e+26
1.343206693611944094e+07 4.797181361432700214e+03 4.313025517260221164e+01 5.300060148499984741e+10 0.000000000000000000e+00 1.165901981144281529e+26
1.352406739458601177e+07 4.584160231054054748e+03 4.290502079885773412e+01 3.443033627661744690e+10 0.000000000000000000e+00 1.175755668428812256e+26
1.361606785305258259e+07 4.355122854284447385e+03 4.266987126865780766e+01 1.682748402210459137e+10 0.000000000000000000e+00 1.185274846339029593e+26
1.370806831151915528e+07 4.104080669185947045e+03 4.242338436398236468e+01 2.613365098712692261e+08 0.000000000000000000e+00 1.194406473929834236e+26
