# Radius (m)	Density (kg/m^3)	Gravity (m/s^2)	Pressure (Pa)	Temperature (K)	Mass Enclosed (kg)
0.000000000000000000e+00 5.136575079190931137e+04 0.000000000000000000e+00 2.310806922905126172e+13 0.000000000000000000e+00 0.000000000000000000e+00
1.052116601532360219e+05 5.136204957109606039e+04 1.510913446341684230e+00 2.310398634232476562e+13 0.000000000000000000e+00 2.505885621919456625e+20
2.104233203064720437e+05 5.135094846533596865e+04 3.021434480726489458e+00 2.309174050246700000e+13 0.000000000000000000e+00 2.004449612252372009e+21
3.156349804597080802e+05 5.133245516174696968e+04 4.531173193574969282e+00 2.307134018928325781e+13 0.000000000000000000e+00 6.763557353763274490e+21
4.208466406129440875e+05 5.130658250043573207e+04 6.039732666894620294e+00 2.304279956693819141e+13 0.000000000000000000e+00 1.602694025474835952e+22
5.260583007661801530e+05 5.127334822412309586e+04 7.546731763345405852e+00 2.300613820776295312e+13 0.000000000000000000e+00 3.129078325991037731e+22
6.312699609194161603e+05 5.123277512139144528e+04 9.051787989692744674e+00 2.296138125027404688e+13 0.000000000000000000e+00 5.404555879836066775e+22
7.364816210726521676e+05 5.118489010003610747e+04 1.055450333180417566e+01 2.290855967496281250e+13 0.000000000000000000e+00 8.577434779795560648e+22
8.416932812258881750e+05 5.112913384829851566e+04 1.205446425363559726e+01 2.284771030432535547e+13 0.000000000000000000e+00 1.279528395400536203e+23
9.469049413791241823e+05 5.106606042910452379e+04 1.355127397093392361e+01 2.277887537116001172e+13 0.000000000000000000e+00 1.820450382826316015e+23
1.052116601532360306e+06 5.099571345948521048e+04 1.504456396112953165e+01 2.270210247674569922e+13 0.000000000000000000e+00 2.495082445171058876e+23
1.157328261685596313e+06 5.091814186735783005e+04 1.653393904783408885e+01 2.261744501837652344e+13 0.000000000000000000e+00 3.317930141959631762e+23
1.262539921838832321e+06 5.083339935666859674e+04 1.801900748065457591e+01 2.252496160564735938e+13 0.000000000000000000e+00 4.303329582339449013e+23
1.367751581992068328e+06 5.074154440400958993e+04 1.949938117607389287e+01 2.242471605676183984e+13 0.000000000000000000e+00 5.465446925315961835e+23
1.472963242145304335e+06 5.064194039344428165e+04 2.097467571745087866e+01 2.231677739853233203e+13 0.000000000000000000e+00 6.818278379752661986e+23
1.578174902298540343e+06 5.053490682070625917e+04 2.244451035502030223e+01 2.220121986637995312e+13 0.000000000000000000e+00 8.375650204371082113e+23
1.683386562451776350e+06 5.042088995486023487e+04 2.390850800589286251e+01 2.207812290433455469e+13 0.000000000000000000e+00 1.015121870775078569e+24
1.788598222605012357e+06 5.029996820424689213e+04 2.536629525405519914e+01 2.194757116503473828e+13 0.000000000000000000e+00 1.215847024832938848e+24
1.893809882758248365e+06 5.017154278850644187e+04 2.681750235036987107e+01 2.180965450972784766e+13 0.000000000000000000e+00 1.441072123440253440e+24
1.999021542911484372e+06 5.003560822762208409e+04 2.826175958116775178e+01 2.166446730247682422e+13 0.000000000000000000e+00 1.692104277891802632e+24
2.104233203064720612e+06 4.989295789823999803e+04 2.969867742479877393e+01 2.151210720507639062e+13 0.000000000000000000e+00 1.970207622286545733e+24
2.209444863217956387e+06 4.974341676029711380e+04 3.112787168173287711e+01 2.135268054652043750e+13 0.000000000000000000e+00 2.276656728035854735e+24
2.314656523371192627e+06 4.958594191266394046e+04 3.254896280041734258e+01 2.118629823670338281e+13 0.000000000000000000e+00 2.612698979958747258e+24
2.419868183524428401e+06 4.942199259086682287e+04 3.396157431408664706e+01 2.101307522830849609e+13 0.000000000000000000e+00 2.979549237700366810e+24
2.525079843677664641e+06 4.925106358030761476e+04 3.536533284076256223e+01 2.083313051680791406e+13 0.000000000000000000e+00 3.378389835731993799e+24
2.630291503830900416e+06 4.907258063881931594e+04 3.675986808325404809e+01 2.064658714046264453e+13 0.000000000000000000e+00 3.810370583351032646e+24
2.735503163984136656e+06 4.888790574704890605e+04 3.814481282915735250e+01 2.045357218032255078e+13 0.000000000000000000e+00 4.276608764681027355e+24
2.840714824137372430e+06 4.869545969639542454e+04 3.951980295085593298e+01 2.025421676022635938e+13 0.000000000000000000e+00 4.778189138671641649e+24
2.945926484290608671e+06 4.849663352719791874e+04 4.088447740552052068e+01 2.004865604680166797e+13 0.000000000000000000e+00 5.316163939098683664e+24
3.051138144443844445e+06 4.829071228241168137e+04 4.223847823510904220e+01 1.983702924946492969e+13 0.000000000000000000e+00 5.891552874564079644e+24
3.156349804597080685e+06 4.807797930966763670e+04 4.358145056636671200e+01 1.961947962042146484e+13 0.000000000000000000e+00 6.505343128495897564e+24
3.261561464750316460e+06 4.785850190087057126e+04 4.491304261082596838e+01 1.939615445466545703e+13 0.000000000000000000e+00 7.158489359148326190e+24
3.366773124903552700e+06 4.763216688328268356e+04 4.623290566480648067e+01 1.916720508997995312e+13 0.000000000000000000e+00 7.851913699601694409e+24
3.471984785056788940e+06 4.739910050605432480e+04 4.754069410941518470e+01 1.893278690693686719e+13 0.000000000000000000e+00 8.586505757762461561e+24
3.577196445210024714e+06 4.715950299221386376e+04 4.883606541054622596e+01 1.869305932889696875e+13 0.000000000000000000e+00 9.363122616363204561e+24
3.682408105363260955e+06 4.691285333104500023e+04 5.011866833526580223e+01 1.844818424182094922e+13 0.000000000000000000e+00 1.018256944168984062e+25
3.787619765516496729e+06 4.666036931295118120e+04 5.138812921866259131e+01 1.819832453194095703e+13 0.000000000000000000e+00 1.104557513510415330e+25
3.892831425669732969e+06 4.640019390205389936e+04 5.264410922600891496e+01 1.794365078714725000e+13 0.000000000000000000e+00 1.195287801209009499e+25
3.998043085822968744e+06 4.613414458486496005e+04 5.388627342280538812e+01 1.768433608978899219e+13 0.000000000000000000e+00 1.290517123987050523e+25
4.103254745976204984e+06 4.586165581468500022e+04 5.511428822305637709e+01 1.742055564665641406e+13 0.000000000000000000e+00 1.390309858252027887e+25
4.208466406129441224e+06 4.558215055175051384e+04 5.632782138926998527e+01 1.715248678898079688e+13 0.000000000000000000e+00 1.494725440096633376e+25
4.313678066282676533e+06 4.529667875784257194e+04 5.752654203245805320e+01 1.688030897243448438e+13 0.000000000000000000e+00 1.603818365298761730e+25
4.418889726435912773e+06 4.500508316727878264e+04 5.871012061213620115e+01 1.660420377713086719e+13 0.000000000000000000e+00 1.717638189321512781e+25
4.524101386589149013e+06 4.470633305258637120e+04 5.987822893632373678e+01 1.632435490762440625e+13 0.000000000000000000e+00 1.836229527313188670e+25
4.629313046742385253e+06 4.440156847414889489e+04 6.103054016154376171e+01 1.604094819291061328e+13 0.000000000000000000e+00 1.959632054107295129e+25
4.734524706895620562e+06 4.409074612128033186e+04 6.216672879282306496e+01 1.575417158642606250e+13 0.000000000000000000e+00 2.087880504222539769e+25
4.839736367048856802e+06 4.377382984113085695e+04 6.328647068369224371e+01 1.546421516604837500e+13 0.000000000000000000e+00 2.221004671862837227e+25
4.944948027202093042e+06 4.345036099139611179e+04 6.438944303618559672e+01 1.517127113409623828e+13 0.000000000000000000e+00 2.359029410917303160e+25
5.050159687355329283e+06 4.312056971080439689e+04 6.547532440084117411e+01 1.487553381732939648e+13 0.000000000000000000e+00 2.501974634960256386e+25
5.155371347508565523e+06 4.278473364639931242e+04 6.654379467670077020e+01 1.457719966694864844e+13 0.000000000000000000e+00 2.649855317251219751e+25
5.260583007661800832e+06 4.244285275808016013e+04 6.759453511130990933e+01 1.427646725859585547e+13 0.000000000000000000e+00 2.802681490734918400e+25
5.365794667815037072e+06 4.209493426056815952e+04 6.862722611146047313e+01 1.397353664881348633e+13 0.000000000000000000e+00 2.960457389342604381e+25
5.471006327968273312e+06 4.174097434373994474e+04 6.964154232718260573e+01 1.366860510529430664e+13 0.000000000000000000e+00 3.123176676027662415e+25
5.576217988121509552e+06 4.138098249449793366e+04 7.063718754677915967e+01 1.336187469150853516e+13 0.000000000000000000e+00 3.290833692023843249e+25
5.681429648274744861e+06 4.101498882540925115e+04 7.161386893112694452e+01 1.305354884853132812e+13 0.000000000000000000e+00 3.463417783388517719e+25
5.786641308427981101e+06 4.064302757425623713e+04 7.257129154295030560e+01 1.274383121947975195e+13 0.000000000000000000e+00 3.640911604874841496e+25
5.891852968581217341e+06 4.026512811727952794e+04 7.350915834682103878e+01 1.243292564951278906e+13 0.000000000000000000e+00 3.823291119931748220e+25
5.997064628734453581e+06 3.988133787839134311e+04 7.442717020915847570e+01 1.212103618583133984e+13 0.000000000000000000e+00 4.010525600703949925e+25
6.102276288887688890e+06 3.949170163825355121e+04 7.532502589822942696e+01 1.180836707767821875e+13 0.000000000000000000e+00 4.202577628031941336e+25
6.207487949040925130e+06 3.909629217208700720e+04 7.620242208414825313e+01 1.149512277633814453e+13 0.000000000000000000e+00 4.399403091452000728e+25
6.312699609194161370e+06 3.869461388017929858e+04 7.705905333887679376e+01 1.118150793513776562e+13 0.000000000000000000e+00 4.600951189196182194e+25
6.417911269347397611e+06 3.828698221335232665e+04 7.789461213622439573e+01 1.086772740944563281e+13 0.000000000000000000e+00 4.807164428192320799e+25
6.523122929500632919e+06 3.787369360014771519e+04 7.870878885184791329e+01 1.055398625667221680e+13 0.000000000000000000e+00 5.017978624064032582e+25
6.628334589653869160e+06 3.745485799436015077e+04 7.950127176325173650e+01 1.024048973626990234e+13 0.000000000000000000e+00 5.233322901130717131e+25
6.733546249807105400e+06 3.702942435349317384e+04 8.027174704978770592e+01 9.927443309732984375e+12 0.000000000000000000e+00 5.453119692407551571e+25
6.838757909960341640e+06 3.659843497303182812e+04 8.101989879265521211e+01 9.615052640597679688e+12 0.000000000000000000e+00 5.677284739605493140e+25
6.943969570113577880e+06 3.616166189330136694e+04 8.174540897490113878e+01 9.303523594442113281e+12 0.000000000000000000e+00 5.905727093131280908e+25
7.049181230266813189e+06 3.571855907907849178e+04 8.244795931107914555e+01 8.993062081132880859e+12 0.000000000000000000e+00 6.138349206957699644e+25
7.154392890420049429e+06 3.526989548124712019e+04 8.312726080188960509e+01 8.683871754979461914e+12 0.000000000000000000e+00 6.375046668494023790e+25
7.259604550573285669e+06 3.481481117290467955e+04 8.378300063329517400e+01 8.376156777740936523e+12 0.000000000000000000e+00 6.615705491253095519e+25
7.364816210726521909e+06 3.435380750399103272e+04 8.441486987527689223e+01 8.070119218797363281e+12 0.000000000000000000e+00 6.860205172754679845e+25
7.470027870879757218e+06 3.388698464805370895e+04 8.502252108529739871e+01 7.765964103483043945e+12 0.000000000000000000e+00 7.108414500198858484e+25
7.575239531032993458e+06 3.341310254104519845e+04 8.560691417708430606e+01 7.463761749528612305e+12 0.000000000000000000e+00 7.360306769421298828e+25
7.680451191186229698e+06 1.906700978898053290e+04 8.500940880220097995e+01 7.285003822464276367e+12 0.000000000000000000e+00 7.513370094046096350e+25
7.785662851339465939e+06 1.888075364527220518e+04 8.437922024845514102e+01 7.115925438535052734e+12 0.000000000000000000e+00 7.663391685756955635e+25
7.890874511492701247e+06 1.869587383426295855e+04 8.378007240012139789e+01 6.949716469210780273e+12 0.000000000000000000e+00 7.816014660771507616e+25
7.996086171645937487e+06 1.851227931942322903e+04 8.321005673598044439e+01 6.786281484944194336e+12 0.000000000000000000e+00 7.971225662541743846e+25
8.101297831799173728e+06 1.832988488687822974e+04 8.266736438236085860e+01 6.625531655203245117e+12 0.000000000000000000e+00 8.129008983071287197e+25
8.206509491952409968e+06 1.814860831053635775e+04 8.215028512502013314e+01 6.467384362633376953e+12 0.000000000000000000e+00 8.289346726543130889e+25
8.311721152105645277e+06 1.796837551031410112e+04 8.165720740914474618e+01 6.311763203057533203e+12 0.000000000000000000e+00 8.452218809319642792e+25
8.416932812258882448e+06 1.778902921580328257e+04 8.118661833935000516e+01 6.158597985476151367e+12 0.000000000000000000e+00 8.617602959942561987e+25
8.522144472412118688e+06 1.761055009111294203e+04 8.073707901753732585e+01 6.007822031466295898e+12 0.000000000000000000e+00 8.785475984109368622e+25
8.627356132565353066e+06 1.743289390388208994e+04 8.030722012664692500e+01 5.859368135557317383e+12 0.000000000000000000e+00 8.955816742161088437e+25
8.732567792718589306e+06 1.725600536847821786e+04 7.989585457137688707e+01 5.713181634868609375e+12 0.000000000000000000e+00 9.128599465331953128e+25
8.837779452871825546e+06 1.707982967656218534e+04 7.950184814715704817e+01 5.569211147571494141e+12 0.000000000000000000e+00 9.303796363738711679e+25
8.942991113025061786e+06 1.690431698992795282e+04 7.912411017075237396e+01 5.427407733538810547e+12 0.000000000000000000e+00 9.481377956580696786e+25
9.048202773178298026e+06 1.672941836661185152e+04 7.876159348026293117e+01 5.287724894344917969e+12 0.000000000000000000e+00 9.661313072139821418e+25
9.153414433331534266e+06 1.655508729387340281e+04 7.841329443512395869e+01 5.150118573265696289e+12 0.000000000000000000e+00 9.843568847780587413e+25
9.258626093484770507e+06 1.638127997834944836e+04 7.807825291610578233e+01 5.014547155278543945e+12 0.000000000000000000e+00 1.002811072995007516e+26
9.363837753638006747e+06 1.620771856870388365e+04 7.775555232531385741e+01 4.880971467062383789e+12 0.000000000000000000e+00 1.021490247417794878e+26
9.469049413791241124e+06 1.603454468232308136e+04 7.744431958618881140e+01 4.749354776997655273e+12 0.000000000000000000e+00 1.040390614507645263e+26
9.574261073944477364e+06 1.586175750972640162e+04 7.714372514350633026e+01 4.619662795166315430e+12 0.000000000000000000e+00 1.059508211634042856e+26
9.679472734097713605e+06 1.568932225013551579e+04 7.685298296337728630e+01 4.491863673351845703e+12 0.000000000000000000e+00 1.078838907074728493e+26
9.784684394250949845e+06 1.551720856484559772e+04 7.657135053324763874e+01 4.365928005039248047e+12 0.000000000000000000e+00 1.098378400015701899e+26
9.889896054404186085e+06 1.534502069041997675e+04 7.629812886189850474e+01 4.241828825415041504e+12 0.000000000000000000e+00 1.118122220551221510e+26
9.995107714557422325e+06 1.517306977144814664e+04 7.603266247944611678e+01 4.119541611367266602e+12 0.000000000000000000e+00 1.138065729683803277e+26
1.010031937471065857e+07 1.500134560513315046e+04 7.577433943734182265e+01 3.999044281485485352e+12 0.000000000000000000e+00 1.158204119324222380e+26
1.020553103486389481e+07 1.482966647541528255e+04 7.552259130837212808e+01 3.880317196060777832e+12 0.000000000000000000e+00 1.178532412291511684e+26
1.031074269501713105e+07 1.465787391023070450e+04 7.527689318665861151e+01 3.763343157085745117e+12 0.000000000000000000e+00 1.199045462312962424e+26
1.041595435517036542e+07 1.448624480050279817e+04 7.503676257871143207e+01 3.648107350191489258e+12 0.000000000000000000e+00 1.219737951215853828e+26
1.052116601532360166e+07 1.431453130881573816e+04 7.480163727061751899e+01 3.534591031215175781e+12 0.000000000000000000e+00 1.240604093312746046e+26
1.062637767547683790e+07 1.414263881386505091e+04 7.457097201458874736e+01 3.422776781898543457e+12 0.000000000000000000e+00 1.261637908488435558e+26
1.073158933563007414e+07 1.397085484912162792e+04 7.434429820470174377e+01 3.312651443874327637e+12 0.000000000000000000e+00 1.282833334791150851e+26
1.083680099578331038e+07 1.379859427921265524e+04 7.412116083056437787e+01 3.204202767803709961e+12 0.000000000000000000e+00 1.304184059634508216e+26
1.094201265593654662e+07 1.362639210827610805e+04 7.390111847731571970e+01 3.097419413376318359e+12 0.000000000000000000e+00 1.325683519797511056e+26
1.104722431608978286e+07 1.345374347376480728e+04 7.368374332562602547e+01 2.992290949310229004e+12 0.000000000000000000e+00 1.347324901424550576e+26
1.115243597624301910e+07 1.328102451825941898e+04 7.346862115169679441e+01 2.888807853351962891e+12 0.000000000000000000e+00 1.369101140025406130e+26
1.125764763639625348e+07 1.310775266244177146e+04 7.325535132726074039e+01 2.786961512276490234e+12 0.000000000000000000e+00 1.391004920475243153e+26
1.136285929654948972e+07 1.293434553457442780e+04 7.304354681958177764e+01 2.686744221887223145e+12 0.000000000000000000e+00 1.413028677014616600e+26
1.146807095670272596e+07 1.276033107787890185e+04 7.283283419145502080e+01 2.588149187016024902e+12 0.000000000000000000e+00 1.435164593249467683e+26
1.157328261685596220e+07 1.258593909905175315e+04 7.262285360120681332e+01 2.491170521523204102e+12 0.000000000000000000e+00 1.457404602151125415e+26
1.167849427700919844e+07 1.241116817929786339e+04 7.241325880269471327e+01 2.395803248297516602e+12 0.000000000000000000e+00 1.479740386056306613e+26
1.178370593716243468e+07 1.223567762903490438e+04 7.220371714530747909e+01 2.302043299256163086e+12 0.000000000000000000e+00 1.502163376667115206e+26
1.188891759731567092e+07 1.205961893037296613e+04 7.199390957396509805e+01 2.209887515344792969e+12 0.000000000000000000e+00 1.524664755051043270e+26
1.199412925746890716e+07 1.188297224610302874e+04 7.178353062911874360e+01 2.119333646537501953e+12 0.000000000000000000e+00 1.547235451640969996e+26
1.209934091762214340e+07 1.170565579399607668e+04 7.157228844675084645e+01 2.030380351836831055e+12 0.000000000000000000e+00 1.569866146235162549e+26
1.220455257777537778e+07 1.152759359476697500e+04 7.135990401535980254e+01 1.943027185847162598e+12 0.000000000000000000e+00 1.592547255403178683e+26
1.230976423792861402e+07 1.134871533135953359e+04 7.114606486272803920e+01 1.857273527034392090e+12 0.000000000000000000e+00 1.615268244940387302e+26
1.241497589808185026e+07 1.116894983101950129e+04 7.093046789553186215e+01 1.773118905300985596e+12 0.000000000000000000e+00 1.638018534660995068e+26
1.252018755823508650e+07 1.098823302083367525e+04 7.071283269524344917e+01 1.690563850048982422e+12 0.000000000000000000e+00 1.660787461900222466e+26
1.262539921838832274e+07 1.080651279683586472e+04 7.049287948179066632e+01 1.609609624536731201e+12 0.000000000000000000e+00 1.683563851936027205e+26
1.273061087854155898e+07 1.062373582469065150e+04 7.027032911355702538e+01 1.530258225878889648e+12 0.000000000000000000e+00 1.706336017989102152e+26
1.283582253869479522e+07 1.043986122946286923e+04 7.004490308738178328e+01 1.452512385046424561e+12 0.000000000000000000e+00 1.729091761222878089e+26
1.294103419884803146e+07 1.025473656738213322e+04 6.981632353855984263e+01 1.376375566866611816e+12 0.000000000000000000e+00 1.751818370743520268e+26
1.304624585900126584e+07 1.006819086358934874e+04 6.958431324084182279e+01 1.301851970023037598e+12 0.000000000000000000e+00 1.774502623599931165e+26
1.315145751915450208e+07 9.880374520198698519e+03 6.934859560643398879e+01 1.228946527055593750e+12 0.000000000000000000e+00 1.797130784783750138e+26
1.325666917930773832e+07 9.690847677140234737e+03 6.910889468599832242e+01 1.157664904360484863e+12 0.000000000000000000e+00 1.819688607229351360e+26
1.336188083946097456e+07 9.499753812612976617e+03 6.886493516865250797e+01 1.088013502190222900e+12 0.000000000000000000e+00 1.842161331813846572e+26
1.346709249961421080e+07 9.306911101830133703e+03 6.861644238196987544e+01 1.019999454653629883e+12 0.000000000000000000e+00 1.864533687357083362e+26
1.357230415976744704e+07 9.112119633277157845e+03 6.836314229197945735e+01 9.536306297158366699e+11 0.000000000000000000e+00 1.886789890621644825e+26
1.367751581992068328e+07 8.915194223814054567e+03 6.810476138462786366e+01 8.889156322346474609e+11 0.000000000000000000e+00 1.908913642175976575e+26
1.378272748007391952e+07 8.715971691872324300e+03 6.784099497944276891e+01 8.258644875065955811e+11 0.000000000000000000e+00 1.930887080799238874e+26
1.388793914022715576e+07 8.514313474915226834e+03 6.757152425833804443e+01 7.644880873747769775e+11 0.000000000000000000e+00 1.952691468796456117e+26
1.399315080038039014e+07 8.309976258958964536e+03 6.729603018595783226e+01 7.047985060018835449e+11 0.000000000000000000e+00 1.974307418803837177e+26
1.409836246053362638e+07 8.102676387276263995e+03 6.701417355640532492e+01 6.468096488157164307e+11 0.000000000000000000e+00 1.995714139850722725e+26
1.420357412068686262e+07 7.892070620175303702e+03 6.672559499324266596e+01 5.905372525091918945e+11 0.000000000000000000e+00 2.016889437359580079e+26
1.430878578084009886e+07 7.677875309558745357e+03 6.642991494949103526e+01 5.359988850403378296e+11 0.000000000000000000e+00 2.037809713146005954e+26
1.441399744099333510e+07 7.459605653983197044e+03 6.612673370763059211e+01 4.832139456322937012e+11 0.000000000000000000e+00 2.058449965418727143e+26
1.451920910114657134e+07 7.236881849683222754e+03 6.581563137960050369e+01 4.322036647733114014e+11 0.000000000000000000e+00 2.078783788779598120e+26
1.462442076129980758e+07 7.009085625676374548e+03 6.549614289651209731e+01 3.829926863353290405e+11 0.000000000000000000e+00 2.098782348496144490e+26
1.472963242145304382e+07 6.775495249996220991e+03 6.516774899553684008e+01 3.356093720942818604e+11 0.000000000000000000e+00 2.118414104194441433e+26
1.483484408160627820e+07 6.535274393408273681e+03 6.482987443576719500e+01 2.900864202465053711e+11 0.000000000000000000e+00 2.137644560394833358e+26
1.494005574175951444e+07 6.287320059508417216e+03 6.448184827776458405e+01 2.464637091335264893e+11 0.000000000000000000e+00 2.156434521722428433e+26
1.504526740191275068e+07 6.030237625635176300e+03 6.412290369738381912e+01 2.047883097866513977e+11 0.000000000000000000e+00 2.174740085003029037e+26
1.515047906206598692e+07 5.762154228913690531e+03 6.375217570839181036e+01 1.651146415486885376e+11 0.000000000000000000e+00 2.192512548124083451e+26
1.525569072221922316e+07 5.480527902032370548e+03 6.336860987240389420e+01 1.275107300953582764e+11 0.000000000000000000e+00 2.209694713592728847e+26
1.536090238237245940e+07 5.181696645225992143e+03 6.297087858746940014e+01 9.206438494148176575e+10 0.000000000000000000e+00 2.226217316733067774e+26
1.546611404252569564e+07 4.860022413093882278e+03 6.255727916398541311e+01 5.889078525901553345e+10 0.000000000000000000e+00 2.241994835216042199e+26
1.557132570267893188e+07 4.505967833227500705e+03 6.212550815236535584e+01 2.814861304478813171e+10 0.000000000000000000e+00 2.256916439440010331e+26
1.567653736283216812e+07 4.101123823952617386e+03 6.167207286992591264e+01 8.282548783450698853e+07 0.000000000000000000e+00 2.270822419470501171e+26
