# Radius (m)	Density (kg/m^3)	Gravity (m/s^2)	Pressure (Pa)	Temperature (K)	Mass Enclosed (kg)
0.000000000000000000e+00 2.683726223274354561e+04 0.000000000000000000e+00 3.910460510991382324e+12 0.000000000000000000e+00 0.000000000000000000e+00
7.620014165241745650e+04 2.683596426408908155e+04 5.717447425884659706e-01 3.909875870924520020e+12 0.000000000000000000e+00 4.974026954879856640e+19
1.524002833048349130e+05 2.683207096034654751e+04 1.143389976769751737e+00 3.908122221980435547e+12 0.000000000000000000e+00 3.978845137536077005e+20
2.286004249572523695e+05 2.682558412865170976e+04 1.714836023794276354e+00 3.905200378141788086e+12 0.000000000000000000e+00 1.342674480574905975e+21
3.048005666096698260e+05 2.681650678439064359e+04 2.285984142583146639e+00 3.901111697619743652e+12 0.000000000000000000e+00 3.181994005015846453e+21
3.810007082620873116e+05 2.680484312009553832e+04 2.856734381613652562e+00 3.895858068843798340e+12 0.000000000000000000e+00 6.213160187930295140e+21
4.572008499145047390e+05 2.679057048637709522e+04 3.426985759213632576e+00 3.889441923466401855e+12 0.000000000000000000e+00 1.073275746399971757e+22
5.334009915669221664e+05 2.677354113538330421e+04 3.996635940204365411e+00 3.881866291017015625e+12 0.000000000000000000e+00 1.703687593991855722e+22
6.096011332193396520e+05 2.675391336818971467e+04 4.565583471982018970e+00 3.873134733947402344e+12 0.000000000000000000e+00 2.542029872074341535e+22
6.858012748717571376e+05 2.673169637087471347e+04 5.133728053058921326e+00 3.863251338752317871e+12 0.000000000000000000e+00 3.617639331781654086e+22
7.620014165241746232e+05 2.670690050751894887e+04 5.700970533063564716e+00 3.852220715969512695e+12 0.000000000000000000e+00 4.959711164876580087e+22
8.382015581765919924e+05 2.667953732020531243e+04 6.267212912740601993e+00 3.840048000179733398e+12 0.000000000000000000e+00 6.597299003750474580e+22
9.144016998290094780e+05 2.664961953713829280e+04 6.832357983199302431e+00 3.826738853618666992e+12 0.000000000000000000e+00 8.559302039213530782e+22
9.906018414814269636e+05 2.661716124988565207e+04 7.396301490570022175e+00 3.812299545024213379e+12 0.000000000000000000e+00 1.087424248575977608e+23
1.066801983133844333e+06 2.658203261277366983e+04 7.958943519026410840e+00 3.796736828958761230e+12 0.000000000000000000e+00 1.357070962735254287e+23
1.143002124786261935e+06 2.654407093432381953e+04 8.520186795770850807e+00 3.780057952670534668e+12 0.000000000000000000e+00 1.667711556061183659e+23
1.219202266438679304e+06 2.650358652945356880e+04 9.079933298048681323e+00 3.762270689092990234e+12 0.000000000000000000e+00 2.022154749976448221e+23
1.295402408091096673e+06 2.646059828609570832e+04 9.638084253148214486e+00 3.743383336844818848e+12 0.000000000000000000e+00 2.423176777664415274e+23
1.371602549743514275e+06 2.641512628866012528e+04 1.019454013840072371e+01 3.723404720229945312e+12 0.000000000000000000e+00 2.873521384069138607e+23
1.447802691395931644e+06 2.636682022031911765e+04 1.074920068118043659e+01 3.702344189237526855e+12 0.000000000000000000e+00 3.375899825895350773e+23
1.524002833048349246e+06 2.631581348664851248e+04 1.130196485890456159e+01 3.680211619541955078e+12 0.000000000000000000e+00 3.932990871608475842e+23
1.600202974700766616e+06 2.626236010290605191e+04 1.185273089903325250e+01 3.657017412502854980e+12 0.000000000000000000e+00 4.547440801434614974e+23
1.676403116353183985e+06 2.620648525156599862e+04 1.240139627906964037e+01 3.632772495165085449e+12 0.000000000000000000e+00 5.221863407360557827e+23
1.752603258005601587e+06 2.614754204834237316e+04 1.294785772655981759e+01 3.607488320258738770e+12 0.000000000000000000e+00 5.958839993133778862e+23
1.828803399658018956e+06 2.608614411884780930e+04 1.349201121909283074e+01 3.581176866199140625e+12 0.000000000000000000e+00 6.760919374262431310e+23
1.905003541310436325e+06 2.602237820256352279e+04 1.403375199349126490e+01 3.553850635645540039e+12 0.000000000000000000e+00 7.630617485322035292e+23
1.981203682962853927e+06 2.595560981797388376e+04 1.457297893133807598e+01 3.525522208021027344e+12 0.000000000000000000e+00 8.570299861140507009e+23
2.057403824615271296e+06 2.588633691359922886e+04 1.510959446003175266e+01 3.496204857027375000e+12 0.000000000000000000e+00 9.582358771026703952e+23
2.133603966267688666e+06 2.581471738141479364e+04 1.564349917519158417e+01 3.465912701912610352e+12 0.000000000000000000e+00 1.066923829379696138e+24
2.209804107920106035e+06 2.573994300249735170e+04 1.617459325283311955e+01 3.434660292046747070e+12 0.000000000000000000e+00 1.183331713409347284e+24
2.286004249572523870e+06 2.566290696213656338e+04 1.670277644936817296e+01 3.402462606921780762e+12 0.000000000000000000e+00 1.307690862238430365e+24
2.362204391224941239e+06 2.558307022922961187e+04 1.722794810160481660e+01 3.369335056151693848e+12 0.000000000000000000e+00 1.440226071496336129e+24
2.438404532877358608e+06 2.550059645897983137e+04 1.775000712674737713e+01 3.335293479472452637e+12 0.000000000000000000e+00 1.581155599395043439e+24
2.514604674529775977e+06 2.541561218314127473e+04 1.826885202239645878e+01 3.300354146742007812e+12 0.000000000000000000e+00 1.730691166729116855e+24
2.590804816182193346e+06 2.532773206364142243e+04 1.878438086654891492e+01 3.264533757940295410e+12 0.000000000000000000e+00 1.889037956875707302e+24
2.667004957834611181e+06 2.523748188642064633e+04 1.929649131759787295e+01 3.227849443169235352e+12 0.000000000000000000e+00 2.056394615794552613e+24
2.743205099487028550e+06 2.514424316819517844e+04 1.980508061433270228e+01 3.190318762652733398e+12 0.000000000000000000e+00 2.232953252027974570e+24
2.819405241139445920e+06 2.504862234499039187e+04 2.031004557593905346e+01 3.151959706736678711e+12 0.000000000000000000e+00 2.418899436700882937e+24
2.895605382791863289e+06 2.495008299184129282e+04 2.081128260199882618e+01 3.112790695888945312e+12 0.000000000000000000e+00 2.614412203520774917e+24
2.971805524444280658e+06 2.484899591131750640e+04 2.130868767249019058e+01 3.072830580699392578e+12 0.000000000000000000e+00 2.819664048777731932e+24
3.048005666096698493e+06 2.474522435921586293e+04 2.180215634778756950e+01 3.032098641879864258e+12 0.000000000000000000e+00 3.034820931344422580e+24
3.124205807749115862e+06 2.463858988203884655e+04 2.229158376866165270e+01 2.990614590264188477e+12 0.000000000000000000e+00 3.260042272676100753e+24
3.200405949401533231e+06 2.452958273270965583e+04 2.277686465627938972e+01 2.948398566808178223e+12 0.000000000000000000e+00 3.495480956810607244e+24
3.276606091053950600e+06 2.441742376200978833e+04 2.325789331220399703e+01 2.905471142589631348e+12 0.000000000000000000e+00 3.741283330368370830e+24
3.352806232706367970e+06 2.430272511071638291e+04 2.373456361839494733e+01 2.861853318808329590e+12 0.000000000000000000e+00 3.997589202552402355e+24
3.429006374358785339e+06 2.418551759027726075e+04 2.420676903720797313e+01 2.817566526786040527e+12 0.000000000000000000e+00 4.264531845148304405e+24
3.505206516011203174e+06 2.406511059038626263e+04 2.467440261139508095e+01 2.772632627966514648e+12 0.000000000000000000e+00 4.542237992524262708e+24
3.581406657663620543e+06 2.394210221754678787e+04 2.513735696410451581e+01 2.727073913915490234e+12 0.000000000000000000e+00 4.830827841631047215e+24
3.657606799316037912e+06 2.381646376079714537e+04 2.559552332149849718e+01 2.680913101151614746e+12 0.000000000000000000e+00 5.130413095228896453e+24
3.733806940968455281e+06 2.368800320147609455e+04 2.604878166286630758e+01 2.634173231059449219e+12 0.000000000000000000e+00 5.441073613828642243e+24
3.810007082620872650e+06 2.355649099330789613e+04 2.649702381871970047e+01 2.586877703764104492e+12 0.000000000000000000e+00 5.762898615545285510e+24
3.886207224273290485e+06 2.342224646836275497e+04 2.694014443973441786e+01 2.539050285283888184e+12 0.000000000000000000e+00 6.095974605605160171e+24
3.962407365925707854e+06 2.328521891654845240e+04 2.737803613947234282e+01 2.490715091731211426e+12 0.000000000000000000e+00 6.440376538400845858e+24
4.038607507578125224e+06 2.314536058724155009e+04 2.781058949438151728e+01 2.441896589312585938e+12 0.000000000000000000e+00 6.796167817491172204e+24
4.114807649230542593e+06 2.300262890555636841e+04 2.823769304379611000e+01 2.392619594328625000e+12 0.000000000000000000e+00 7.163400295601214558e+24
4.191007790882959962e+06 2.285697982512024464e+04 2.865923328993644859e+01 2.342909273174043945e+12 0.000000000000000000e+00 7.542114274622295048e+24
4.267207932535377331e+06 2.270829987885305673e+04 2.907509469790899814e+01 2.292791142337659180e+12 0.000000000000000000e+00 7.932338505611986885e+24
4.343408074187794700e+06 2.255663549036880431e+04 2.948515969570637552e+01 2.242291068402389160e+12 0.000000000000000000e+00 8.334090188794103622e+24
4.419608215840212069e+06 2.240199691995899775e+04 2.988930867420733151e+01 2.191435268045254150e+12 0.000000000000000000e+00 8.747374973558708817e+24
4.495808357492630370e+06 2.224435757781558641e+04 3.028741998717677575e+01 2.140250308037375488e+12 0.000000000000000000e+00 9.172186958462122476e+24
4.572008499145047739e+06 2.208366340346958532e+04 3.067936995126574828e+01 2.088763105243976807e+12 0.000000000000000000e+00 9.608508691226888841e+24
4.648208640797465108e+06 2.191975948346364021e+04 3.106503284601144088e+01 2.037000926624383545e+12 0.000000000000000000e+00 1.005631116874182041e+25
4.724408782449882478e+06 2.175271565822624689e+04 3.144428091383718993e+01 1.984991389232021484e+12 0.000000000000000000e+00 1.051555383706197004e+25
4.800608924102299847e+06 2.158250970410163427e+04 3.181698436005247999e+01 1.932762460214419434e+12 0.000000000000000000e+00 1.098618459140863412e+25
4.876809065754717216e+06 2.140913050926095457e+04 3.218301135285292958e+01 1.880342456813206787e+12 0.000000000000000000e+00 1.146813977616936230e+25
4.953009207407134585e+06 2.123256277577501896e+04 3.254222802332031961e+01 1.827760046364114990e+12 0.000000000000000000e+00 1.196134418489794669e+25
5.029209349059551954e+06 2.105265798117259692e+04 3.289449861100289496e+01 1.775044252537856934e+12 0.000000000000000000e+00 1.246571034797939419e+25
5.105409490711969323e+06 2.086913711961375520e+04 3.323968837414550137e+01 1.722224478185519531e+12 0.000000000000000000e+00 1.298112740069315981e+25
5.181609632364386693e+06 2.068236014385782619e+04 3.357766011796681482e+01 1.669330313626841797e+12 0.000000000000000000e+00 1.350747293851936913e+25
5.257809774016804062e+06 2.049207707354433296e+04 3.390827138406227448e+01 1.616391707788771729e+12 0.000000000000000000e+00 1.404461041446791778e+25
5.334009915669222362e+06 2.029803785983526905e+04 3.423137476269147328e+01 1.563439017009156738e+12 0.000000000000000000e+00 1.459238595767789470e+25
5.410210057321639732e+06 2.010056529040771420e+04 3.454681789277815085e+01 1.510503005036746826e+12 0.000000000000000000e+00 1.515062837341755848e+25
5.486410198974057101e+06 1.989905985333049102e+04 3.485444346191022902e+01 1.457614843031189697e+12 0.000000000000000000e+00 1.571914914308438036e+25
5.562610340626474470e+06 1.969386439275858720e+04 3.515408944546440040e+01 1.404806099380542480e+12 0.000000000000000000e+00 1.629774252859406973e+25
5.638810482278891839e+06 1.948473786020073749e+04 3.544558800189592773e+01 1.352108779183476562e+12 0.000000000000000000e+00 1.688618340530531251e+25
5.715010623931309208e+06 1.927751142096373223e+04 3.569343953318328033e+01 1.301061710204710205e+12 0.000000000000000000e+00 1.746693751758726641e+25
5.791210765583726577e+06 9.996887138983634941e+03 3.539223172409527507e+01 1.273928629713815186e+12 0.000000000000000000e+00 1.778447332444967747e+25
5.867410907236143947e+06 9.927787418130341393e+03 3.510741707443821014e+01 1.247168466133388672e+12 0.000000000000000000e+00 1.810865547359904068e+25
5.943611048888561316e+06 9.858947876725576862e+03 3.483723820408217620e+01 1.220802741684783447e+12 0.000000000000000000e+00 1.843906375260156683e+25
6.019811190540978685e+06 9.790340705674445417e+03 3.458087080587809226e+01 1.194817300670753418e+12 0.000000000000000000e+00 1.877569826246654589e+25
6.096011332193396986e+06 9.721934351908945246e+03 3.433753686913368597e+01 1.169198936253167725e+12 0.000000000000000000e+00 1.911855548811128232e+25
6.172211473845814355e+06 9.653705766941984621e+03 3.410649957632912788e+01 1.143935176968669922e+12 0.000000000000000000e+00 1.946762946495036028e+25
6.248411615498231724e+06 9.585627615114084620e+03 3.388706330311705983e+01 1.119014286728677246e+12 0.000000000000000000e+00 1.982291177889566723e+25
6.324611757150649093e+06 9.517670428383560647e+03 3.367857361832257368e+01 1.094425264819379639e+12 0.000000000000000000e+00 2.018439156635638109e+25
6.400811898803066462e+06 9.449812911517597968e+03 3.348041728394323258e+01 1.070157845901741943e+12 0.000000000000000000e+00 2.055205551423896161e+25
6.477012040455483831e+06 9.382028809234467190e+03 3.329202195488699800e+01 1.046202495751297729e+12 0.000000000000000000e+00 2.092588785014279017e+25
6.553212182107901201e+06 9.314300192737340694e+03 3.311282045449359401e+01 1.022549956914718140e+12 0.000000000000000000e+00 2.130586870827576821e+25
6.629412323760318570e+06 9.246601243515848182e+03 3.294229643351934556e+01 9.991920036755675049e+11 0.000000000000000000e+00 2.169197451649864091e+25
6.705612465412735939e+06 9.178913783335654443e+03 3.277998071781907186e+01 9.761212294532042236e+11 0.000000000000000000e+00 2.208417907638217545e+25
6.781812607065153308e+06 9.111218424903800042e+03 3.262542160576224148e+01 9.533305869236159668e+11 0.000000000000000000e+00 2.248245290769581760e+25
6.858012748717570677e+06 9.043497075857194432e+03 3.247818486823295103e+01 9.308133880194201660e+11 0.000000000000000000e+00 2.288676324840770468e+25
6.934212890369988978e+06 8.975731389247956031e+03 3.233785374862993933e+01 9.085633039298635254e+11 0.000000000000000000e+00 2.329707405468467840e+25
7.010413032022406347e+06 8.907903700313221634e+03 3.220402896286657324e+01 8.865743651008228760e+11 0.000000000000000000e+00 2.371334600089224617e+25
7.086613173674823716e+06 8.839997255129408586e+03 3.207632869937086895e+01 8.648409612348039551e+11 0.000000000000000000e+00 2.413553647959462844e+25
7.162813315327241085e+06 8.771996043893988826e+03 3.195438861908547423e+01 8.433578412909421387e+11 0.000000000000000000e+00 2.456359960155472424e+25
7.239013456979658455e+06 8.703884388538135681e+03 3.183786185546765779e+01 8.221201134850021973e+11 0.000000000000000000e+00 2.499748619573413701e+25
7.315213598632075824e+06 8.635647908453658602e+03 3.172641901448935187e+01 8.011232452893789062e+11 0.000000000000000000e+00 2.543714380929315312e+25
7.391413740284493193e+06 8.567272493216805742e+03 3.161974817463709897e+01 7.803630634330960693e+11 0.000000000000000000e+00 2.588251670759074614e+25
7.467613881936910562e+06 8.498745187202814122e+03 3.151755488691209095e+01 7.598357539018071289e+11 0.000000000000000000e+00 2.633354587418458116e+25
7.543814023589327931e+06 8.429982332135776232e+03 3.141956217483016189e+01 7.395378619377951660e+11 0.000000000000000000e+00 2.679016901083102764e+25
7.620014165241745301e+06 8.360984179197488629e+03 3.132551053442176681e+01 7.194662920399726562e+11 0.000000000000000000e+00 2.725232053748512511e+25
7.696214306894162670e+06 8.291792249603826349e+03 3.123515793423200648e+01 6.996183079638815918e+11 0.000000000000000000e+00 2.771993159230062607e+25
7.772414448546580970e+06 8.222397676300448438e+03 3.114827785780233071e+01 6.799915065351928711e+11 0.000000000000000000e+00 2.819292962465363534e+25
7.848614590198998339e+06 8.152786169307117234e+03 3.106461412544541290e+01 6.605831988694711914e+11 0.000000000000000000e+00 2.867123010188321051e+25
7.924814731851415709e+06 8.082777506257278219e+03 3.098393596790593207e+01 6.413911125275943604e+11 0.000000000000000000e+00 2.915474974517640534e+25
8.001014873503833078e+06 8.012531669823015363e+03 3.090603495980069937e+01 6.224133646509594727e+11 0.000000000000000000e+00 2.964340373436567196e+25
8.077215015156250447e+06 7.942042384684037643e+03 3.083070817932110330e+01 6.036482404660024414e+11 0.000000000000000000e+00 3.013710182244660732e+25
8.153415156808667816e+06 7.871134042722052982e+03 3.075775820823313467e+01 5.850941932841984863e+11 0.000000000000000000e+00 3.063574833557797031e+25
8.229615298461085185e+06 7.799914133187525294e+03 3.068699313187735811e+01 5.667498445020614014e+11 0.000000000000000000e+00 3.113924217308168614e+25
8.305815440113502555e+06 7.728383793912047622e+03 3.061822653916893344e+01 5.486139836011437378e+11 0.000000000000000000e+00 3.164747680744282051e+25
8.382015581765919924e+06 7.656370390704526471e+03 3.055127752259761209e+01 5.306855681480372925e+11 0.000000000000000000e+00 3.216034028430960109e+25
8.458215723418338224e+06 7.584076515662939528e+03 3.048597067822772289e+01 5.129637237943723145e+11 0.000000000000000000e+00 3.267771522249341756e+25
8.534415865070754662e+06 7.511220802557772004e+03 3.042213610569819338e+01 4.954477442768189697e+11 0.000000000000000000e+00 3.319947881396879580e+25
8.610616006723172963e+06 7.438045304864875106e+03 3.035960940822252496e+01 4.781370914170846558e+11 0.000000000000000000e+00 3.372550282387345374e+25
8.686816148375589401e+06 7.364292709863973869e+03 3.029823169258882132e+01 4.610313951219174805e+11 0.000000000000000000e+00 3.425565359050821115e+25
8.763016290028007701e+06 7.290114292912507153e+03 3.023784956915976352e+01 4.441304533831026611e+11 0.000000000000000000e+00 3.478979202533710994e+25
8.839216431680424139e+06 7.215436509903618571e+03 3.017831515187262781e+01 4.274342322774661865e+11 0.000000000000000000e+00 3.532777361298728096e+25
8.915416573332842439e+06 7.140151399337804833e+03 3.011948605823927139e+01 4.109428659668710327e+11 0.000000000000000000e+00 3.586944841124907291e+25
8.991616714985260740e+06 7.064341260566419805e+03 3.006122540934613951e+01 3.946566566982205200e+11 0.000000000000000000e+00 3.641466105107594919e+25
9.067816856637677178e+06 6.987958517691378802e+03 3.000340182985427262e+01 3.785760748034566650e+11 0.000000000000000000e+00 3.696325073658452662e+25
9.144016998290095478e+06 6.910958595886792864e+03 2.994588944799929209e+01 3.627017586995593872e+11 0.000000000000000000e+00 3.751505124505460977e+25
9.220217139942511916e+06 6.833282853133512617e+03 2.988855919748296586e+01 3.470344457322495728e+11 0.000000000000000000e+00 3.806988191893070723e+25
9.296417281594930217e+06 6.754916389646154130e+03 2.983127005362601381e+01 3.315747786679074097e+11 0.000000000000000000e+00 3.862754553697396323e+25
9.372617423247346655e+06 6.675841801260714419e+03 2.977389930343619540e+01 3.163235803418399658e+11 0.000000000000000000e+00 3.918785858608506033e+25
9.448817564899764955e+06 6.595983238213466393e+03 2.971632479102052216e+01 3.012818442609122314e+11 0.000000000000000000e+00 3.975062596779010291e+25
9.525017706552181393e+06 6.515319341009961136e+03 2.965842394251966141e+01 2.864507297838633423e+11 0.000000000000000000e+00 4.031563983116450675e+25
9.601217848204599693e+06 6.433830242633332091e+03 2.960007376610792207e+01 2.718315621213038025e+11 0.000000000000000000e+00 4.088267957283313210e+25
9.677417989857016131e+06 6.351494352741203329e+03 2.954115085199326174e+01 2.574258323357182922e+11 0.000000000000000000e+00 4.145151183697016779e+25
9.753618131509434432e+06 6.268151348316489020e+03 2.948153137241727961e+01 2.432351973414628296e+11 0.000000000000000000e+00 4.202189051529922564e+25
9.829818273161852732e+06 6.183883571179580031e+03 2.942109108165522358e+01 2.292614799047673340e+11 0.000000000000000000e+00 4.259355674709327181e+25
9.906018414814269170e+06 6.098492760189736146e+03 2.935970531601598665e+01 2.155066686437343750e+11 0.000000000000000000e+00 4.316623891917463534e+25
9.982218556466687471e+06 6.012012897101760245e+03 2.929724899384210701e+01 2.019729180283384094e+11 0.000000000000000000e+00 4.373965266591506833e+25
1.005841869811910391e+07 5.924345834073701553e+03 2.923359661550976796e+01 1.886625483804278259e+11 0.000000000000000000e+00 4.431350086923565998e+25
1.013461883977152221e+07 5.835406873064795946e+03 2.916862226342879794e+01 1.755780458737226562e+11 0.000000000000000000e+00 4.488747365860693112e+25
1.021081898142393865e+07 5.745124221218471575e+03 2.910219960204267409e+01 1.627220625338167725e+11 0.000000000000000000e+00 4.546124841104872253e+25
1.028701912307635695e+07 5.653350162346244360e+03 2.903420187782851158e+01 1.500974162381758423e+11 0.000000000000000000e+00 4.603448975113029804e+25
1.036321926472877339e+07 5.560032953644584268e+03 2.896450191929708495e+01 1.377070907161393127e+11 0.000000000000000000e+00 4.660684955097027576e+25
1.043941940638119169e+07 5.464995808172745456e+03 2.889296757615362310e+01 1.255543257477493439e+11 0.000000000000000000e+00 4.717795794861173039e+25
1.051561954803360812e+07 5.368100944557765615e+03 2.881943945644747629e+01 1.136430267243269958e+11 0.000000000000000000e+00 4.774737962147876131e+25
1.059181968968602642e+07 5.269222341589444113e+03 2.874376530315463896e+01 1.019771220297232361e+11 0.000000000000000000e+00 4.831467908998673647e+25
1.066801983133844472e+07 5.168122492671056534e+03 2.866578406574945959e+01 9.056096763675753784e+10 0.000000000000000000e+00 4.887938706465015998e+25
1.074421997299086116e+07 5.064618292551709601e+03 2.858532205033493767e+01 7.939942846614801025e+10 0.000000000000000000e+00 4.944099275972343731e+25
1.082042011464327946e+07 4.958395072339035323e+03 2.850219291964272017e+01 6.849787838651052094e+10 0.000000000000000000e+00 4.999894389320090101e+25
1.089662025629569590e+07 4.849186354385206869e+03 2.841619769303312637e+01 5.786220021436062622e+10 0.000000000000000000e+00 5.055264668681673344e+25
1.097282039794811420e+07 4.736585010987340866e+03 2.832711929237403936e+01 4.749895436595696259e+10 0.000000000000000000e+00 5.110145249573927526e+25
1.104902053960053064e+07 4.620128158944950883e+03 2.823471767418755007e+01 3.741551474066448975e+10 0.000000000000000000e+00 5.164464575288806228e+25
1.112522068125294894e+07 4.499225583053828814e+03 2.813872161540228589e+01 2.762036289292516708e+10 0.000000000000000000e+00 5.218142505331872903e+25
1.120142082290536538e+07 4.373119736936261688e+03 2.803881533358100953e+01 1.812352800780574036e+10 0.000000000000000000e+00 5.271087097161104502e+25
1.127762096455778368e+07 4.240820002319063860e+03 2.793463817393942961e+01 8.936596881707208633e+09 0.000000000000000000e+00 5.323194532669020574e+25
1.135382110621020198e+07 4.100967218559344474e+03 2.782576383004867893e+01 7.338153332469177246e+07 0.000000000000000000e+00 5.374344325948823111e+25
