# Radius (m)	Density (kg/m^3)	Gravity (m/s^2)	Pressure (Pa)	Temperature (K)	Mass Enclosed (kg)
0.000000000000000000e+00 5.492378251268707390e+04 0.000000000000000000e+00 2.735616569416798828e+13 0.000000000000000000e+00 0.000000000000000000e+00
1.077072292057741433e+05 5.491971595020525274e+04 1.653890845850999547e+00 2.735127351661973438e+13 0.000000000000000000e+00 2.874684048746103439e+20
2.154144584115482867e+05 5.490751915009321237e+04 3.307340410511961259e+00 2.733660045751010156e+13 0.000000000000000000e+00 2.299444829691882504e+21
3.231216876173224300e+05 5.488720078808805556e+04 4.959909903243036489e+00 2.731215695397033984e+13 0.000000000000000000e+00 7.758896491801717244e+21
4.308289168230965734e+05 5.485877526021274389e+04 6.611157652948002728e+00 2.727796032478026562e+13 0.000000000000000000e+00 1.838541822505743129e+22
5.385361460288707167e+05 5.482226276898379729e+04 8.260645946173184484e+00 2.723403487407837500e+13 0.000000000000000000e+00 3.589509345937346842e+22
6.462433752346448600e+05 5.477768919139769423e+04 9.907937973464715498e+00 2.718041173254613672e+13 0.000000000000000000e+00 6.199705335640087960e+22
7.539506044404190034e+05 5.472508603605654207e+04 1.155259860802810401e+01 2.711712880582901172e+13 0.000000000000000000e+00 9.839220677033878933e+22
8.616578336461931467e+05 5.466449044290009624e+04 1.319419412691720694e+01 2.704423077421416016e+13 0.000000000000000000e+00 1.467730804901972300e+23
9.693650628519672900e+05 5.459594527190196095e+04 1.483227730448187032e+01 2.696176919933417578e+13 0.000000000000000000e+00 2.088170573982244966e+23
1.077072292057741433e+06 5.451902959371892939e+04 1.646640793924533952e+01 2.686980270720174219e+13 0.000000000000000000e+00 2.861978980029962262e+23
1.184779521263515577e+06 5.443369133059459273e+04 1.809615386275313043e+01 2.676839656196768750e+13 0.000000000000000000e+00 3.805765463314464202e+23
1.292486750469289720e+06 5.434046956713510735e+04 1.972108198573425852e+01 2.665762257456445703e+13 0.000000000000000000e+00 4.935944422682985056e+23
1.400193979675063863e+06 5.423943024521414191e+04 2.134075829810122826e+01 2.653755910270611328e+13 0.000000000000000000e+00 6.268735215560659388e+23
1.507901208880838007e+06 5.413064481614439865e+04 2.295474786895002950e+01 2.640829105088832031e+13 0.000000000000000000e+00 7.820162157950512325e+23
1.615608438086612150e+06 5.401384719071362633e+04 2.456261484656014815e+01 2.626990987038836719e+13 0.000000000000000000e+00 9.606054524433466938e+23
1.723315667292386293e+06 5.388826293936924776e+04 2.616392245839455910e+01 2.612251355926515234e+13 0.000000000000000000e+00 1.164204654816834223e+24
1.831022896498160437e+06 5.375508671210608736e+04 2.775823301109973329e+01 2.596620666235918750e+13 0.000000000000000000e+00 1.394357742089185381e+24
1.938730125703934580e+06 5.361441717910948501e+04 2.934504124659510893e+01 2.580110498735481641e+13 0.000000000000000000e+00 1.652574282400257039e+24
2.046437354909708723e+06 5.346558462881523883e+04 3.092323240213009328e+01 2.562737553519350781e+13 0.000000000000000000e+00 1.940201413205392479e+24
2.154144584115482867e+06 5.330837345012607693e+04 3.249263691800955911e+01 2.544512711693037109e+13 0.000000000000000000e+00 2.258756316548680603e+24
2.261851813321257010e+06 5.314389700981265923e+04 3.405332041235469376e+01 2.525445638130832422e+13 0.000000000000000000e+00 2.609775421981034572e+24
2.369559042527031153e+06 5.297156284444646735e+04 3.560527416973616255e+01 2.505546923444635938e+13 0.000000000000000000e+00 2.994746814277979346e+24
2.477266271732805297e+06 5.279060291710701131e+04 3.714841514117407684e+01 2.484828083983956641e+13 0.000000000000000000e+00 3.415110233439647113e+24
2.584973500938579440e+06 5.260258862744689395e+04 3.868258594413799756e+01 2.463301561835910938e+13 0.000000000000000000e+00 3.872257074690781589e+24
2.692680730144353583e+06 5.240613772567339765e+04 4.020755486254696365e+01 2.440980724825225391e+13 0.000000000000000000e+00 4.367530388480733722e+24
2.800387959350127727e+06 5.220185065563452372e+04 4.172301584676944941e+01 2.417879866514234375e+13 0.000000000000000000e+00 4.902224880483467061e+24
2.908095188555901870e+06 5.200123070129500411e+04 4.322858851362340005e+01 2.394014206202881641e+13 0.000000000000000000e+00 5.477586911597552384e+24
3.015802417761676013e+06 5.183683834458234196e+04 4.472381814637621034e+01 2.369399888928719531e+13 0.000000000000000000e+00 6.094814497946170926e+24
3.123509646967450157e+06 5.166714225382434961e+04 4.620817569474475306e+01 2.344053985466908594e+13 0.000000000000000000e+00 6.755057310877113297e+24
3.231216876173224300e+06 5.143090758741926402e+04 4.768105777489532215e+01 2.317994492330218750e+13 0.000000000000000000e+00 7.459416676962780563e+24
3.338924105378998443e+06 5.118837561789977190e+04 4.914178666944371088e+01 2.291240331769028906e+13 0.000000000000000000e+00 8.208945578000181021e+24
3.446631334584772587e+06 5.093708040427259402e+04 5.058961032745513364e+01 2.263811351771325781e+13 0.000000000000000000e+00 9.004648651010935567e+24
3.554338563790546730e+06 5.067945839037689439e+04 5.202370236444428286e+01 2.235728326062705469e+13 0.000000000000000000e+00 9.847482188241274478e+24
3.662045792996320873e+06 5.041348621221244684e+04 5.344316206237530764e+01 2.207012954106373047e+13 0.000000000000000000e+00 1.073835413716203311e+25
3.769753022202095017e+06 5.014085566750420548e+04 5.484701436966179244e+01 2.177687861103142188e+13 0.000000000000000000e+00 1.167812410046866051e+25
3.877460251407869160e+06 4.986077864870274789e+04 5.623503194812751360e+01 2.147773761325696484e+13 0.000000000000000000e+00 1.266762398671151247e+25
3.985167480613643304e+06 4.957326046604303701e+04 5.760749508232192539e+01 2.117289947231453125e+13 0.000000000000000000e+00 1.370768527152790158e+25
4.092874709819417447e+06 4.927924071119278233e+04 5.896406176101579888e+01 2.086258014984965625e+13 0.000000000000000000e+00 1.479908536675761808e+25
4.200581939025191590e+06 4.897729451030299242e+04 6.030438927704107499e+01 2.054699781285471094e+13 0.000000000000000000e+00 1.594254244243783104e+25
4.308289168230965734e+06 4.866852798090699071e+04 6.162813443491766208e+01 2.022637282664408984e+13 0.000000000000000000e+00 1.713871542928360380e+25
4.415996397436739877e+06 4.835319604331317532e+04 6.293495355085347143e+01 1.990092775485420312e+13 0.000000000000000000e+00 1.838820401868790253e+25
4.523703626642514020e+06 4.803046290536187007e+04 6.422450245274438885e+01 1.957088735944348047e+13 0.000000000000000000e+00 1.969154866272158336e+25
4.631410855848288164e+06 4.770064936755167582e+04 6.549643648017428177e+01 1.923647860069237109e+13 0.000000000000000000e+00 2.104923057413339453e+25
4.739118085054062307e+06 4.736426314759022353e+04 6.675041048441502767e+01 1.889793063720333594e+13 0.000000000000000000e+00 2.246167172634998497e+25
4.846825314259836450e+06 4.702127080173340801e+04 6.798607882842645722e+01 1.855547482590086719e+13 0.000000000000000000e+00 2.392923485347590646e+25
4.954532543465610594e+06 4.667150524949551618e+04 6.920309538685640405e+01 1.820934472203146094e+13 0.000000000000000000e+00 2.545222345029358570e+25
5.062239772671384737e+06 4.631450243516852788e+04 7.040111354604067628e+01 1.785977607916364062e+13 0.000000000000000000e+00 2.703088177226336727e+25
5.169947001877158880e+06 4.595096107772360847e+04 7.157978620400308500e+01 1.750700684918794531e+13 0.000000000000000000e+00 2.866539483552348355e+25
5.277654231082933024e+06 4.558088713883073069e+04 7.273876577045540159e+01 1.715127718231693359e+13 0.000000000000000000e+00 3.035588841689005045e+25
5.385361460288707167e+06 4.520429132681168267e+04 7.387770416679740038e+01 1.679282942708517383e+13 0.000000000000000000e+00 3.210242905385710603e+25
5.493068689494481310e+06 4.482118827500843327e+04 7.499625282611683019e+01 1.643190813034926562e+13 0.000000000000000000e+00 3.390502404459656331e+25
5.600775918700255454e+06 4.443160066580760758e+04 7.609406244028060939e+01 1.606875986765946875e+13 0.000000000000000000e+00 3.576361889146947804e+25
5.708483147906029597e+06 4.403555415786705271e+04 7.717078902665490148e+01 1.570362803655080078e+13 0.000000000000000000e+00 3.767803615786350115e+25
5.816190377111803740e+06 4.363309181116388936e+04 7.822612472165126007e+01 1.533675817604351758e+13 0.000000000000000000e+00 3.964809016567325288e+25
5.923897606317577884e+06 4.322426634877901233e+04 7.925976690128553059e+01 1.496839780638771680e+13 0.000000000000000000e+00 4.167355394831008024e+25
6.031604835523352027e+06 4.280912006740768265e+04 8.027140932659615657e+01 1.459879434172598633e+13 0.000000000000000000e+00 4.375412133444559065e+25
6.139312064729126170e+06 4.238772416046305443e+04 8.126074214364406600e+01 1.422819509009339844e+13 0.000000000000000000e+00 4.588940694801164342e+25
6.247019293934900314e+06 4.196016400105092907e+04 8.222745188351275658e+01 1.385684725341751562e+13 0.000000000000000000e+00 4.807894620820038402e+25
6.354726523140674457e+06 4.152643973000107508e+04 8.317122146230828150e+01 1.348499792751838867e+13 0.000000000000000000e+00 5.032219532946419262e+25
6.462433752346448600e+06 4.108589887818958960e+04 8.409173018115922105e+01 1.311289410210855469e+13 0.000000000000000000e+00 5.261853132151570123e+25
6.570140981552222744e+06 4.063934342745310278e+04 8.498865372621668257e+01 1.274078266079303711e+13 0.000000000000000000e+00 5.496725198932782804e+25
6.677848210757996887e+06 4.018687625797832879e+04 8.586166416865435735e+01 1.236891038106935156e+13 0.000000000000000000e+00 5.736757593313373452e+25
6.785555439963771030e+06 3.972827233107082429e+04 8.671042996466843533e+01 1.199752393432749609e+13 0.000000000000000000e+00 5.981864254842684257e+25
6.893262669169545174e+06 3.926295595309087366e+04 8.753461595547767615e+01 1.162686988584995703e+13 0.000000000000000000e+00 6.231951202596084313e+25
7.000969898375319317e+06 3.879203738193420577e+04 8.833388336732336654e+01 1.125719469481171484e+13 0.000000000000000000e+00 6.486916535174966177e+25
7.108677127581093460e+06 3.831450335309591173e+04 8.910788981146936294e+01 1.088874471428023242e+13 0.000000000000000000e+00 6.746650430706751029e+25
7.216384356786867604e+06 3.783101134237118094e+04 8.985628928420203465e+01 1.052176619121545898e+13 0.000000000000000000e+00 7.011035146844883516e+25
7.324091585992641747e+06 3.734111710354217212e+04 9.057873386533664473e+01 1.015650525369782812e+13 0.000000000000000000e+00 7.279944919163561805e+25
7.431798815198415890e+06 3.684530536060284066e+04 9.127493189499806192e+01 9.793202726508617188e+12 0.000000000000000000e+00 7.553247543840336478e+25
7.539506044404190034e+06 3.634263937144484953e+04 9.194461243306496101e+01 9.432093524306427734e+12 0.000000000000000000e+00 7.830804623340153241e+25
7.647213273609964177e+06 3.583404445537425636e+04 9.258740719275787967e+01 9.073420866617425781e+12 0.000000000000000000e+00 8.112461321769789237e+25
7.754920502815738320e+06 2.061622368456936238e+04 9.289666283474461750e+01 8.751616785835193359e+12 0.000000000000000000e+00 8.370456160115174087e+25
7.862627732021512464e+06 2.040712944608305406e+04 9.219248298047625667e+01 8.547645808622177734e+12 0.000000000000000000e+00 8.539358598076391355e+25
7.970334961227286607e+06 2.019936586255594011e+04 9.152713080701808224e+01 8.346759192125258789e+12 0.000000000000000000e+00 8.711587801287003778e+25
8.078042190433060750e+06 1.999331813724536187e+04 9.089406374452211423e+01 8.149325326546445312e+12 0.000000000000000000e+00 8.886731702301369496e+25
8.185749419638834894e+06 1.978888022755827114e+04 9.029123624714912921e+01 7.955233543512476562e+12 0.000000000000000000e+00 9.064770020729569477e+25
8.293456648844609037e+06 1.958595032691088636e+04 8.971674786372332733e+01 7.764378631987409180e+12 0.000000000000000000e+00 9.245682651836406754e+25
8.401163878050383180e+06 1.938434127057208025e+04 8.916883311818898505e+01 7.576660811979426758e+12 0.000000000000000000e+00 9.429449334012536585e+25
8.508871107256157324e+06 1.918402183536832308e+04 8.864578384937547639e+01 7.391988099370794922e+12 0.000000000000000000e+00 9.616045545101725583e+25
8.616578336461931467e+06 1.898492719254144322e+04 8.814605482120150270e+01 7.210278236373105469e+12 0.000000000000000000e+00 9.805444905851980051e+25
8.724285565667705610e+06 1.878698234765055167e+04 8.766819006819420679e+01 7.031453658279224609e+12 0.000000000000000000e+00 9.997619620608499409e+25
8.831992794873479754e+06 1.859011260475739255e+04 8.721080038875535934e+01 6.855440946343439453e+12 0.000000000000000000e+00 1.019254002918177584e+26
8.939700024079253897e+06 1.839424873863413086e+04 8.677256334516138736e+01 6.682170827781455078e+12 0.000000000000000000e+00 1.039017460684758572e+26
9.047407253285028040e+06 1.819932365280509839e+04 8.635222326356338840e+01 6.511578175770397461e+12 0.000000000000000000e+00 1.059048996434700160e+26
9.155114482490802184e+06 1.800527489281011731e+04 8.594859123398707368e+01 6.343602009448808594e+12 0.000000000000000000e+00 1.079345084788637851e+26
9.262821711696576327e+06 1.781204372517314914e+04 8.556054511033282495e+01 6.178185493916651367e+12 0.000000000000000000e+00 1.099902013913736940e+26
9.370528940902350470e+06 1.761945245382596477e+04 8.518702951037563764e+01 6.015275940235306641e+12 0.000000000000000000e+00 1.120715885523690968e+26
9.478236170108124614e+06 1.742741229714249494e+04 8.482705581576520615e+01 5.854824805427575195e+12 0.000000000000000000e+00 1.141782614878723267e+26
9.585943399313898757e+06 1.723602215443152090e+04 8.447970217202582432e+01 5.696787692477675781e+12 0.000000000000000000e+00 1.163097930785585416e+26
9.693650628519672900e+06 1.704523888525965594e+04 8.414411325043433010e+01 5.541124334486701172e+12 0.000000000000000000e+00 1.184657375598479799e+26
9.801357857725447044e+06 1.685502155105942802e+04 8.381942617067974766e+01 5.387793736201216797e+12 0.000000000000000000e+00 1.206456302177579888e+26
9.909065086931221187e+06 1.666518028437961038e+04 8.350482488670314751e+01 5.236758081024587891e+12 0.000000000000000000e+00 1.228489849574398839e+26
1.001677231613699533e+07 1.647558653454989690e+04 8.319957170470145513e+01 5.087984809333579102e+12 0.000000000000000000e+00 1.250752926809934240e+26
1.012447954534276947e+07 1.628643685956255831e+04 8.290295432341454784e+01 4.941443062037911133e+12 0.000000000000000000e+00 1.273240212436670781e+26
1.023218677454854362e+07 1.609770244281490159e+04 8.261428583412536852e+01 4.797103680580264648e+12 0.000000000000000000e+00 1.295946154538581113e+26
1.033989400375431776e+07 1.590903715687095610e+04 8.233290472065978349e+01 4.654939206936277344e+12 0.000000000000000000e+00 1.318864970731125331e+26
1.044760123296009190e+07 1.572056485529951351e+04 8.205817485938671041e+01 4.514923883614545898e+12 0.000000000000000000e+00 1.341990648161250463e+26
1.055530846216586605e+07 1.553241907220321082e+04 8.178948551921803301e+01 4.377033653656625977e+12 0.000000000000000000e+00 1.365316943507391666e+26
1.066301569137164019e+07 1.534420501707331277e+04 8.152625136160864372e+01 4.241246160637030762e+12 0.000000000000000000e+00 1.388837382979471030e+26
1.077072292057741433e+07 1.515608397743404566e+04 8.126791244055642949e+01 4.107540748663231445e+12 0.000000000000000000e+00 1.412545262318898606e+26
1.087843014978318848e+07 1.496813936812331849e+04 8.101393420260227174e+01 3.975898462375659180e+12 0.000000000000000000e+00 1.436433646798571374e+26
1.098613737898896262e+07 1.477989446092617436e+04 8.076380748683003219e+01 3.846302046947701172e+12 0.000000000000000000e+00 1.460495371222874274e+26
1.109384460819473676e+07 1.459187134742349008e+04 8.051704852486659547e+01 3.718735948085704102e+12 0.000000000000000000e+00 1.484723039927679179e+26
1.120155183740051091e+07 1.440343050220272198e+04 8.027319894088182650e+01 3.593186312028972656e+12 0.000000000000000000e+00 1.509109026780346265e+26
1.130925906660628505e+07 1.421513378903142075e+04 8.003182575158858469e+01 3.469640985549771973e+12 0.000000000000000000e+00 1.533645475179722122e+26
1.141696629581205919e+07 1.402632935755421568e+04 7.979252136624273817e+01 3.348089515953320801e+12 0.000000000000000000e+00 1.558324298056141474e+26
1.152467352501783334e+07 1.383754235786779827e+04 7.955490346246600097e+01 3.228523144512311035e+12 0.000000000000000000e+00 1.583137176834564176e+26
1.163238075422360748e+07 1.364828005961803501e+04 7.931855953629275291e+01 3.110931719148536621e+12 0.000000000000000000e+00 1.608075170615685346e+26
1.174008798342938162e+07 1.345873941096330964e+04 7.908308152511800415e+01 2.995305161730332031e+12 0.000000000000000000e+00 1.633129189692137314e+26
1.184779521263515577e+07 1.326895300281454911e+04 7.884810436788174570e+01 2.881636010140688477e+12 0.000000000000000000e+00 1.658290109936099696e+26
1.195550244184092991e+07 1.307850752128365093e+04 7.861326974277102408e+01 2.769917635928857910e+12 0.000000000000000000e+00 1.683548410798695537e+26
1.206320967104670405e+07 1.288763189559263628e+04 7.837822606721992713e+01 2.660144244310354004e+12 0.000000000000000000e+00 1.708894175309993022e+26
1.217091690025247820e+07 1.269627978659797009e+04 7.814262849790958398e+01 2.552310874166951172e+12 0.000000000000000000e+00 1.734317090079003080e+26
1.227862412945825234e+07 1.250436166836357006e+04 7.790613893076820773e+01 2.446413398046685547e+12 0.000000000000000000e+00 1.759806445293681780e+26
1.238633135866402648e+07 1.231179301102887985e+04 7.766842600097102434e+01 2.342448522163854980e+12 0.000000000000000000e+00 1.785351134720929307e+26
1.249403858786980063e+07 1.211845642706522995e+04 7.742916508294034372e+01 2.240413786399017090e+12 0.000000000000000000e+00 1.810939655706589271e+26
1.260174581707557477e+07 1.192433617597491320e+04 7.718803829034553132e+01 2.140307564298991699e+12 0.000000000000000000e+00 1.836560109175450428e+26
1.270945304628134891e+07 1.172940304679261681e+04 7.694473447610296546e+01 2.042129063076859863e+12 0.000000000000000000e+00 1.862200199631244615e+26
1.281716027548712306e+07 1.153349726982286302e+04 7.669894923237613682e+01 1.945878323611963867e+12 0.000000000000000000e+00 1.887847235156648813e+26
1.292486750469289720e+07 1.133659174081949095e+04 7.645038489057554898e+01 1.851556220449906982e+12 0.000000000000000000e+00 1.913488127413283432e+26
1.303257473389867134e+07 1.113864519024161564e+04 7.619875052135874682e+01 1.759164461802553467e+12 0.000000000000000000e+00 1.939109391641712649e+26
1.314028196310444549e+07 1.093961750991793815e+04 7.594376193463037339e+01 1.668705589548029297e+12 0.000000000000000000e+00 1.964697146661446130e+26
1.324798919231021963e+07 1.073934994030032067e+04 7.568514167954208460e+01 1.580182979230721680e+12 0.000000000000000000e+00 1.990237114870936624e+26
1.335569642151599377e+07 1.053764512481423480e+04 7.542261904449262033e+01 1.493600840061279053e+12 0.000000000000000000e+00 2.015714622247580994e+26
1.346340365072176792e+07 1.033462913852561178e+04 7.515593005712773333e+01 1.408964214916610352e+12 0.000000000000000000e+00 2.041114598347721245e+26
1.357111087992754206e+07 1.012993734841583137e+04 7.488478131351962475e+01 1.326278101593165039e+12 0.000000000000000000e+00 2.066420702011341103e+26
1.367881810913331620e+07 9.923573649212536111e+03 7.460885018113840772e+01 1.245547594094570312e+12 0.000000000000000000e+00 2.091615452002446691e+26
1.378652533833909035e+07 9.715414142229717982e+03 7.432783951259769140e+01 1.166779754821036377e+12 0.000000000000000000e+00 2.116681343684200345e+26
1.389423256754486449e+07 9.505257040166212391e+03 7.404144299405554364e+01 1.089982924832165771e+12 0.000000000000000000e+00 2.141599875744200921e+26
1.400193979675063863e+07 9.292910129507061356e+03 7.374934500444207686e+01 1.015166720557395020e+12 0.000000000000000000e+00 2.166351546588007654e+26
1.410964702595641278e+07 9.078213212492624734e+03 7.345122061545949066e+01 9.423420337959956055e+11 0.000000000000000000e+00 2.190915854339139472e+26
1.421735425516218692e+07 8.861028792612785765e+03 7.314673559158205762e+01 8.715210317170727539e+11 0.000000000000000000e+00 2.215271296839076028e+26
1.432506148436796106e+07 8.640855334023704927e+03 7.283554639005612330e+01 8.027171568595662842e+11 0.000000000000000000e+00 2.239395371647256669e+26
1.443276871357373521e+07 8.417668570538851782e+03 7.251730016090012043e+01 7.359451271322501221e+11 0.000000000000000000e+00 2.263264576041081120e+26
1.454047594277950935e+07 8.191034906855562440e+03 7.219162974155121049e+01 6.712212433270570068e+11 0.000000000000000000e+00 2.286854182614965438e+26
1.464818317198528349e+07 7.960579204577950804e+03 7.185812426570967659e+01 6.085649137889051514e+11 0.000000000000000000e+00 2.310137075750637203e+26
1.475589040119105764e+07 7.725916251038734117e+03 7.151635594318943845e+01 5.479970868149710693e+11 0.000000000000000000e+00 2.333084998728963772e+26
1.486359763039683178e+07 7.486451819962919217e+03 7.116585094541157730e+01 4.895426767854104614e+11 0.000000000000000000e+00 2.355666979045124514e+26
1.497130485960260592e+07 7.241500977876597972e+03 7.080608374078074974e+01 4.332309564988972168e+11 0.000000000000000000e+00 2.377849053966097759e+26
1.507901208880838007e+07 6.990461587003366731e+03 7.043647709468525875e+01 3.790955571726239624e+11 0.000000000000000000e+00 2.399594270530661485e+26
1.518671931801415421e+07 6.732242462027201327e+03 7.005640206949699689e+01 3.271744684423016357e+11 0.000000000000000000e+00 2.420862685549391942e+26
1.529442654721992835e+07 6.465732302590237850e+03 6.966516985172989962e+01 2.775106481089758301e+11 0.000000000000000000e+00 2.441611014323235418e+26
1.540213377642570250e+07 6.189343469743418609e+03 6.926194217326157343e+01 2.301584347867334595e+11 0.000000000000000000e+00 2.461788886739512093e+26
1.550984100563147664e+07 5.900976662674640465e+03 6.884574836708416967e+01 1.851823724329830933e+11 0.000000000000000000e+00 2.481339542762865599e+26
1.561754823483725078e+07 5.597788883085422640e+03 6.841536273680512181e+01 1.426672266398426819e+11 0.000000000000000000e+00 2.500194221254966222e+26
1.572525546404302493e+07 5.275646896071189985e+03 6.796927711945961903e+01 1.027201145159403992e+11 0.000000000000000000e+00 2.518270948137084128e+26
1.583296269324879907e+07 4.927963073454644473e+03 6.750562910151595020e+01 6.547595964619531250e+10 0.000000000000000000e+00 2.535471577614264719e+26
1.594066992245457321e+07 4.543576093774800029e+03 6.702172045143257151e+01 3.113460473173947525e+10 0.000000000000000000e+00 2.551661673342722025e+26
1.604837715166034736e+07 4.099792018808970170e+03 6.651349021957797447e+01 2.546125030162811279e+06 0.000000000000000000e+00 2.566648293157544186e+26
