# Radius (m)	Density (kg/m^3)	Gravity (m/s^2)	Pressure (Pa)	Temperature (K)	Mass Enclosed (kg)
0.000000000000000000e+00 3.268850606751638406e+04 0.000000000000000000e+00 7.013869576163607422e+12 9.556176057736880456e+20 0.000000000000000000e+00
8.629491096438340901e+04 3.268668519243374612e+04 7.886730908910773996e-01 7.012757128933548828e+12 9.412725064056999772e+20 8.799576645059470950e+19
1.725898219287668180e+05 3.268122353883778123e+04 1.577187851617757097e+00 7.009420380865373047e+12 9.286262729032278999e+20 7.038912361438996070e+20
2.588847328931502416e+05 3.267212403127570724e+04 2.365386628087651211e+00 7.003861118684869141e+12 9.038477790430160486e+20 2.375252510957707985e+21
3.451796438575336360e+05 3.265939153231787350e+04 3.153111693024823303e+00 6.996082313135582031e+12 8.679298732736867205e+20 5.628903419320640471e+21
4.314745548219170305e+05 3.264303287314240879e+04 3.940203457043053525e+00 6.986088137664264648e+12 8.222774859097923912e+20 1.099041423538679028e+22
5.177694657863004832e+05 3.262305673354248938e+04 4.726507687863333196e+00 6.973883895112370117e+12 7.686154625898040525e+20 1.898453877228361797e+22
6.040643767506838776e+05 3.259947369387192157e+04 5.511869846427805975e+00 6.959476049451753906e+12 7.088794934932352532e+20 3.013410235323751019e+22
6.903592877150672721e+05 3.257229631331370911e+04 6.296132387164876221e+00 6.942872273602145508e+12 6.450999157162833347e+20 4.495938393188636767e+22
7.766541986794506665e+05 3.254153912988006050e+04 7.079134757989206328e+00 6.924081449431147461e+12 5.792880985107449774e+20 6.397811609227954749e+22
8.629491096438340610e+05 3.250691944565615995e+04 7.860713400301722942e+00 6.903113667754237305e+12 5.133342196331654676e+20 8.770548504887790508e+22
9.492440206082174554e+05 3.246859872748086491e+04 8.640704165548701354e+00 6.879980250982729492e+12 4.489233196733582541e+20 1.166528394153252209e+23
1.035538931572600966e+06 3.242671124494015385e+04 9.418953151874225327e+00 6.854693653098759766e+12 3.874733418002298962e+20 1.513275014728001069e+23
1.121833842536984244e+06 3.238127926156330432e+04 1.019530719865702473e+01 6.827267314129714844e+12 3.300983955721327084e+20 1.922368128978837874e+23
1.208128753501367755e+06 3.233232693350001500e+04 1.096961199736213288e+01 6.797715816638369141e+12 2.775965320827854520e+20 2.398826557069171601e+23
1.294423664465751033e+06 3.227988032185677002e+04 1.174171228010067303e+01 6.766054893170115234e+12 2.304590246092535562e+20 2.947611616107470866e+23
1.380718575430134544e+06 3.222339809439571764e+04 1.251145181962986008e+01 6.732301426252963867e+12 1.888972487805947412e+20 3.573627120147273655e+23
1.467013486394518055e+06 3.216333375811393489e+04 1.327867342935300243e+01 6.696473448397546875e+12 1.528821234895063941e+20 4.281719380187178263e+23
1.553308397358901333e+06 3.209982373646891938e+04 1.404321896331949127e+01 6.658590142097114258e+12 1.221901643958367355e+20 5.076677204170845643e+23
1.639603308323284844e+06 3.203290211613652355e+04 1.480492931622482544e+01 6.618671839827535156e+12 9.645305816860694938e+19 5.963231896987007462e+23
1.725898219287668122e+06 3.196199353581854666e+04 1.556364442341057952e+01 6.576740024047296875e+12 7.520570103479928422e+19 6.946057260469453345e+23
1.812193130252051633e+06 3.188746933098660520e+04 1.631920326086442685e+01 6.532817327197504883e+12 5.792943869166356070e+19 8.029769593397039606e+23
1.898488041216434911e+06 3.180960752019205393e+04 1.707144386890254140e+01 6.486927529118917969e+12 4.408823569771406950e+19 9.218927287197201093e+23
1.984782952180818422e+06 3.172809079449261480e+04 1.782021473495691311e+01 6.439094526109682617e+12 3.315768193073166746e+19 1.051787922416627830e+24
2.071077863145201933e+06 3.164265746757728994e+04 1.856536710668701673e+01 6.389343669446577148e+12 2.464622524425824666e+19 1.193099341356414645e+24
2.157372774109585211e+06 3.155397749579753872e+04 1.930674505376250849e+01 6.337702176317375000e+12 1.810887505952805274e+19 1.346268342622863084e+24
2.243667685073968489e+06 3.146157122644450646e+04 2.004419256825478968e+01 6.284198172857284180e+12 1.315463342341499699e+19 1.511724926849115316e+24
2.329962596038352232e+06 3.136539306443594251e+04 2.077755356463697822e+01 6.228860694148954102e+12 9.449031626106957824e+18 1.689887738217672745e+24
2.416257507002735510e+06 3.126608031224118531e+04 2.150667187978392292e+01 6.171719684222466797e+12 6.712663705388654592e+18 1.881164064460391716e+24
2.502552417967118789e+06 3.116256617943109813e+04 2.223139127297219630e+01 6.112805996055347656e+12 4.717162294669924352e+18 2.085949836858490226e+24
2.588847328931502067e+06 3.105586793998150097e+04 2.295155542588010178e+01 6.052151391572552734e+12 3.279662166982509056e+18 2.304629630242544433e+24
2.675142239895885810e+06 3.094539918480602500e+04 2.366700794258767360e+01 5.989788541646481445e+12 2.256443097759686144e+18 2.537576662992488661e+24
2.761437150860269088e+06 3.083138098036706651e+04 2.437759234957665910e+01 5.925751026096967773e+12 1.536578495473836544e+18 2.785152797037614049e+24
2.847732061824652366e+06 3.071382827024295693e+04 2.508315209573054716e+01 5.860073333691284180e+12 1.035882575864128512e+18 3.047708537856572317e+24
2.934026972789036110e+06 3.059257551908467940e+04 2.578353055233455038e+01 5.792790862144138672e+12 6.914876022112910080e+17 3.325583034477374421e+24
3.020321883753419388e+06 3.046782654748186178e+04 2.647857101307560157e+01 5.723939918117680664e+12 4.571638406572024320e+17 3.619104079477384914e+24
3.106616794717802666e+06 3.033944036795016655e+04 2.716811669404237506e+01 5.653557717221492188e+12 2.994127915769885440e+17 3.928588108983331614e+24
3.192911705682185944e+06 3.020740078722728504e+04 2.785201073372525471e+01 5.581682384012597656e+12 1.943031908105318720e+17 4.254340202671301305e+24
3.279206616646569688e+06 3.007200473856455937e+04 2.853009619301636945e+01 5.508352951995453125e+12 1.249691756321075840e+17 4.596654083766736516e+24
3.365501527610952966e+06 2.993260272718087072e+04 2.920221605520955421e+01 5.433609363621958984e+12 7.967888531541060800e+16 4.955812119044437672e+24
3.451796438575336244e+06 2.979004814534427715e+04 2.986821322600039252e+01 5.357492470291447266e+12 5.037425958770777600e+16 5.332085318828565239e+24
3.538091349539719988e+06 2.964352488965295925e+04 3.052793053348618457e+01 5.280044032350690430e+12 3.158689348756369600e+16 5.725733336992641333e+24
3.624386260504103266e+06 2.949347816215340572e+04 3.118121072816595074e+01 5.201306719093898438e+12 1.964943122098144800e+16 6.137004470959536301e+24
3.710681171468486544e+06 2.934013289893129695e+04 3.182789515453011475e+01 5.121323855841048828e+12 1.212971439613503600e+16 6.566128191912099155e+24
3.796976082432869822e+06 2.918274675121455221e+04 3.246782289752839290e+01 5.040138637391887695e+12 7.432290337428076000e+15 7.013293938102199655e+24
3.883270993397253565e+06 2.902182580298573521e+04 3.310084143765600118e+01 4.957795905308308594e+12 4.521524030110370000e+15 7.478705157165469556e+24
3.969565904361636844e+06 2.885748092587455176e+04 3.372679778218336111e+01 4.874341259317889648e+12 2.731843897269998500e+15 7.962551057190342403e+24
4.055860815326020122e+06 2.868956751317357703e+04 3.434553742268876420e+01 4.789820907327791992e+12 1.639665721387091500e+15 8.465002041293309303e+24
4.142155726290403865e+06 2.851761957515450922e+04 3.495690433505833994e+01 4.704281665424752930e+12 9.779251304924425000e+14 8.986209707618916782e+24
4.228450637254786678e+06 2.834214915265838499e+04 3.556074097948606294e+01 4.617770957875095703e+12 5.797394368477377500e+14 9.526306849339752824e+24
4.314745548219170421e+06 2.816310703154076327e+04 3.615688830047378133e+01 4.530336817124717773e+12 3.417140289962534375e+14 1.008540745465647694e+25
4.401040459183554165e+06 2.798044664119165100e+04 3.674518572683116702e+01 4.442027883799100586e+12 2.003191660255780625e+14 1.066360670679778366e+25
4.487335370147936977e+06 2.779412323010635737e+04 3.732547117167575124e+01 4.352893406703307129e+12 1.168263565308795000e+14 1.126098098402042399e+25
4.573630281112320721e+06 2.760409453396698518e+04 3.789758103243292453e+01 4.262983242821976074e+12 6.780294461199639062e+13 1.187758785960921619e+25
4.659925192076704465e+06 2.741022634779394502e+04 3.846135019083592255e+01 4.172347857319330078e+12 3.917223658447775000e+13 1.251346610187701352e+25
4.746220103041087277e+06 2.721258203559100730e+04 3.901661201292581183e+01 4.081038323539172363e+12 2.253539190136883594e+13 1.316863567416472358e+25
4.832515014005471021e+06 2.701120498836727347e+04 3.956319834905154664e+01 3.989106323004882812e+12 1.291352369517576562e+13 1.384309773484132336e+25
4.918809924969854765e+06 2.680607175383548019e+04 4.010093953386989796e+01 3.896604145419424805e+12 7.373170264719976562e+12 1.453683463730382916e+25
5.005104835934237577e+06 2.659715603451179777e+04 4.062966438634550315e+01 3.803584688665342773e+12 4.195965373546044922e+12 1.524980992997729874e+25
5.091399746898621321e+06 2.638429563216770475e+04 4.114920020975085890e+01 3.710101458804756836e+12 2.380770611314091309e+12 1.598196835631488069e+25
5.177694657863004133e+06 2.616750205801558332e+04 4.165937265338767048e+01 3.616208578317582520e+12 1.347265723210876953e+12 1.673323564481227850e+25
5.263989568827387877e+06 2.594682022360268093e+04 4.215999934660234771e+01 3.521961146638604980e+12 7.606453861572275391e+11 1.750350150676118678e+25
5.350284479791771621e+06 2.572224339605096247e+04 4.265091237085588460e+01 3.427413758883811035e+12 4.285963028277546997e+11 1.829263872897064972e+25
5.436579390756154433e+06 2.549377452788269147e+04 4.313194530051737985e+01 3.332621172975533691e+12 2.410996620357778931e+11 1.910050328380394502e+25
5.522874301720538177e+06 2.526141605542587058e+04 4.360292270717517482e+01 3.237638928929395996e+12 1.354479172986292419e+11 1.992692301477968793e+25
5.609169212684921920e+06 2.502456385356850660e+04 4.406366015963674698e+01 3.142523348854314453e+12 7.601912996113771057e+10 2.077169763657178396e+25
5.695464123649304733e+06 2.478372846051399029e+04 4.451396422392877383e+01 3.047331536952500000e+12 4.263825745979098511e+10 2.163459873500945043e+25
5.781759034613688476e+06 2.453899023692365154e+04 4.495363253997919628e+01 2.952121375481373047e+12 2.390844781852482605e+10 2.251536979955651071e+25
5.868053945578072220e+06 2.428947926861333690e+04 4.538246764274747136e+01 2.856950811261415527e+12 1.340691421312398529e+10 2.341373066453557240e+25
5.954348856542455032e+06 2.403603347163413855e+04 4.580027224655086115e+01 2.761878053424370605e+12 7.521194372233779907e+09 2.432937349443724030e+25
6.040643767506838776e+06 2.377787397316590796e+04 4.620686264533308929e+01 2.666960734321534180e+12 4.222580915834920883e+09 2.526197173262491878e+25
6.126938678471221589e+06 2.351557124009312247e+04 4.660201903903521270e+01 2.572258642871627930e+12 2.373330758949676991e+09 2.621115220797225833e+25
6.213233589435605332e+06 2.324822257757273474e+04 4.698552533477955251e+01 2.477831601275907715e+12 1.335927868798431873e+09 2.717651477621325544e+25
6.299528500399989076e+06 2.297642617544634413e+04 4.735716309810062796e+01 2.383739725159656250e+12 7.533766146058275700e+08 2.815762871201116669e+25
6.385823411364371888e+06 1.225445460274598918e+04 4.733851686625916955e+01 2.311766434492850098e+12 4.455255968448531628e+08 2.892296187741387052e+25
6.472118322328755632e+06 1.215955168792898621e+04 4.695638069098671963e+01 2.262100195235717285e+12 3.148511037237979174e+08 2.947011426779561537e+25
6.558413233293139376e+06 1.206578334832479595e+04 4.659405888126814688e+01 2.213205413171076660e+12 2.333336078751571476e+08 3.002772567416955575e+25
6.644708144257522188e+06 1.197240176343869098e+04 4.625038975168330069e+01 2.165054465326851318e+12 1.737203538013835549e+08 3.059578329392399407e+25
6.731003055221905932e+06 1.187936799451438674e+04 4.592428050322603639e+01 2.117621615686608887e+12 1.299133282665396184e+08 3.117426818592393283e+25
6.817297966186289676e+06 1.178664274245928937e+04 4.561469893767356609e+01 2.070882688862788574e+12 9.757094155071474612e+07 3.176315622224523440e+25
6.903592877150672488e+06 1.169419037670882608e+04 4.532067345758650845e+01 2.024815070096699707e+12 7.358505504585561156e+07 3.236241808817463384e+25
6.989887788115056232e+06 1.160197601742839470e+04 4.504129306630883889e+01 1.979397705258518799e+12 5.571905033657120168e+07 3.297201928220975616e+25
7.076182699079439975e+06 1.150996589622300962e+04 4.477570362683680116e+01 1.934611017839364258e+12 4.235543898384279758e+07 3.359192007916741304e+25
7.162477610043822788e+06 1.141812880486658833e+04 4.452305727775764410e+01 1.890435819504105957e+12 3.231886247592400759e+07 3.422207499923472925e+25
7.248772521008206531e+06 1.132643430589024501e+04 4.428261307336152441e+01 1.846855562595284668e+12 2.475128392029755935e+07 3.486243354719857692e+25
7.335067431972589344e+06 1.123485503203357075e+04 4.405368467237480701e+01 1.803855083184880615e+12 1.902351006340101734e+07 3.551293950816933243e+25
7.421362342936973087e+06 1.114336493212785717e+04 4.383561187853273822e+01 1.761419956835723877e+12 1.467216262021173351e+07 3.617353065619719967e+25
7.507657253901356831e+06 1.105193704085242280e+04 4.362776064057950265e+01 1.719536498601496826e+12 1.135455589420451783e+07 3.684413875427218429e+25
7.593952164865739644e+06 1.096054862780476105e+04 4.342952305226817344e+01 1.678191763026732910e+12 8.816236759308040142e+06 3.752468955432410229e+25
7.680247075830123387e+06 1.086917501252135844e+04 4.324031735236075491e+01 1.637373544146815918e+12 6.867526424770357087e+06 3.821510279722260577e+25
7.766541986794507131e+06 1.077779242606362641e+04 4.305958792462814699e+01 1.597070375487981689e+12 5.366494048589469865e+06 3.891529221277714000e+25
7.852836897758889943e+06 1.068637781651609475e+04 4.288680529785016660e+01 1.557271530067317627e+12 4.206545231370441616e+06 3.962516551973695201e+25
7.939131808723273687e+06 1.059491323185646615e+04 4.272146614581554758e+01 1.517967020392761230e+12 3.307337291037383955e+06 4.034462442579115069e+25
8.025426719687657431e+06 1.050337644209037535e+04 4.256309328732191943e+01 1.479147598463102051e+12 2.608103003523290157e+06 4.107356462756861235e+25
8.111721630652040243e+06 1.041161359136399915e+04 4.241123568617585704e+01 1.440804755767981689e+12 2.062726527617607964e+06 4.181187581063802792e+25
8.198016541616423987e+06 1.031973157465996701e+04 4.226546845119280249e+01 1.402930723287890381e+12 1.636096510813310742e+06 4.255944164950793733e+25
8.284311452580807731e+06 1.022771475843697408e+04 4.212539283619713615e+01 1.365518471494171875e+12 1.301389193142148899e+06 4.331613980762666080e+25
8.370606363545190543e+06 1.013554656313527812e+04 4.199063624002215533e+01 1.328561710349021484e+12 1.038050308936039917e+06 4.408184193738235036e+25
8.456901274509573355e+06 1.004321603290625353e+04 4.186085220651004590e+01 1.292054889305483398e+12 8.302823504570932128e+05 4.485641368010295549e+25
8.543196185473958030e+06 9.950623333381885459e+03 4.173572042451191777e+01 1.255993197307454346e+12 6.659077149605713785e+05 4.563971466605628327e+25
8.629491096438340843e+06 9.857713420816808139e+03 4.161490344524451501e+01 1.220371560854992920e+12 5.355124100330597721e+05 4.643159147535091638e+25
8.715786007402723655e+06 9.764594226197303215e+03 4.149804838266172879e+01 1.185184687795234375e+12 4.317974444827502593e+05 4.723188024862852777e+25
8.802080918367108330e+06 9.671255998866879963e+03 4.138485892030681867e+01 1.150428720096409424e+12 3.490871342836867552e+05 4.804041736457676718e+25
8.888375829331491143e+06 9.577498894438882417e+03 4.127504740244992121e+01 1.116100116921882324e+12 2.829568341917133657e+05 4.885703010629796635e+25
8.974670740295873955e+06 9.483419620775959629e+03 4.116833451088020723e+01 1.082195647129603271e+12 2.299483954066432198e+05 4.968153660414754813e+25
9.060965651260258630e+06 9.389087704355963069e+03 4.106444926490583214e+01 1.048712389272110718e+12 1.873510380895065027e+05 5.051374583573398350e+25
9.147260562224641442e+06 9.294238067479915117e+03 4.096312902135399270e+01 1.015647731596533813e+12 1.530345905664009333e+05 5.135345762591869713e+25
9.233555473189024255e+06 9.199061617388910236e+03 4.086411947457089866e+01 9.829993720445876465e+11 1.253213624314980989e+05 5.220046264681623913e+25
9.319850384153408930e+06 9.103459425976001512e+03 4.076717465642176563e+01 9.507653182525759277e+11 1.028861406290415325e+05 5.305454241779415623e+25
9.406145295117791742e+06 9.007366421804867059e+03 4.067205693629084351e+01 9.189438875513923340e+11 8.467987972340093984e+04 5.391546930547300036e+25
9.492440206082174554e+06 8.910848814324082923e+03 4.057853702108138805e+01 8.875337069665170898e+11 6.987012861942773452e+04 5.478300652372640595e+25
9.578735117046559229e+06 8.813780357499570528e+03 4.048639395521566797e+01 8.565337132180187988e+11 5.779464717691801343e+04 5.565690813368103842e+25
9.665030028010942042e+06 8.716195313249469109e+03 4.039541512063498629e+01 8.259431527205559082e+11 4.792547278823161469e+04 5.653691904371655979e+25
9.751324938975324854e+06 8.618106629246431112e+03 4.030539623679965189e+01 7.957615815833737793e+11 3.984063997858828952e+04 5.742277500946568882e+25
9.837619849939709529e+06 8.519317286815597981e+03 4.021614136068898659e+01 7.659888656103056641e+11 3.320215931054885732e+04 5.831420263381421819e+25
9.923914760904092342e+06 8.419987150628101517e+03 4.012746288680133944e+01 7.366251802997752686e+11 2.773874692416958351e+04 5.921091936690088566e+25
1.001020967186847515e+07 8.320053452480202395e+03 4.003918154715406530e+01 7.076710108447924805e+11 2.323207450050214902e+04 6.011263350611754586e+25
1.009650458283285797e+07 8.219327130809941082e+03 3.995112620864213682e+01 6.791271502721827393e+11 1.950611213499377845e+04 6.101904394132210674e+25
1.018279949379724264e+07 8.117907117335462317e+03 3.986310735426500429e+01 6.509943768103153076e+11 1.641864644522516392e+04 6.192981139088878094e+25
1.026909440476162545e+07 8.015748708833489218e+03 3.977494055410222984e+01 6.232734991942919922e+11 1.385448231481717448e+04 6.284459813405782648e+25
1.035538931572600827e+07 7.912799763882338993e+03 3.968645749645641985e+01 5.959656834822230225e+11 1.172013112848576384e+04 6.376306940044029975e+25
1.044168422669039294e+07 7.809012312838056459e+03 3.959749013254524641e+01 5.690723628573176270e+11 9.939566923365611729e+03 6.468487029728531851e+25
1.052797913765477575e+07 7.704340688515630973e+03 3.950787067650145445e+01 5.425952376278859863e+11 8.450833561966050183e+03 6.560962580948004477e+25
1.061427404861915857e+07 7.598744892900022023e+03 3.941743160537284751e+01 5.165362752273358765e+11 7.203335058944627235e+03 6.653694079954977924e+25
1.070056895958354324e+07 7.492188932264538380e+03 3.932600565912228774e+01 4.908977102141741943e+11 6.155666791772279794e+03 6.746640000765793557e+25
1.078686387054792605e+07 7.384537966260751091e+03 3.923342584062768879e+01 4.656820442720085449e+11 5.273878163735121234e+03 6.839756805160592010e+25
1.087315878151230887e+07 7.275778810377292757e+03 3.913952541568203713e+01 4.408920462095441895e+11 4.530078125276537321e+03 6.932998942683332082e+25
1.095945369247669354e+07 7.165929664783442604e+03 3.904413791299337788e+01 4.165307519605856934e+11 3.901300333091433004e+03 7.026318850641780432e+25
1.104574860344107635e+07 7.054734426141618314e+03 3.894709712418481473e+01 3.926014645840381470e+11 3.368596928630821367e+03 7.119666954107505561e+25
1.113204351440545917e+07 6.942279694973034566e+03 3.884823710379451711e+01 3.691077542639044189e+11 2.916312108953170082e+03 7.212991665915893279e+25
1.121833842536984384e+07 6.828437398655141806e+03 3.874739216927570595e+01 3.460534583092864380e+11 2.531475154944979295e+03 7.306239386666137256e+25
1.130463333633422665e+07 6.713074591964945284e+03 3.864439690099667501e+01 3.234426811543869629e+11 2.203323826569481298e+03 7.399354504721233862e+25
1.139092824729860947e+07 6.596071276354103247e+03 3.853908614224076956e+01 3.012797943585062866e+11 1.922912004814817919e+03 7.492279396207993342e+25
1.147722315826299414e+07 6.477323237018187683e+03 3.843129499920640058e+01 2.795694366060441895e+11 1.682787802561061653e+03 7.584954425017038092e+25
1.156351806922737695e+07 6.356745040578212866e+03 3.832084136824862242e+01 2.583168078615569153e+11 1.476731246016886416e+03 7.677313910963738575e+25
1.164981298019175977e+07 6.234119540155281356e+03 3.820752515882840328e+01 2.375276486411929932e+11 1.299540846421215520e+03 7.769285899576274898e+25
1.173610789115614444e+07 6.109315450390959086e+03 3.809115222379149657e+01 2.172080089089819336e+11 1.146860136652701385e+03 7.860797177424711517e+25
1.182240280212052725e+07 5.982102649473861675e+03 3.797151531441655692e+01 1.973646530714095459e+11 1.015032639605910731e+03 7.951768697936618044e+25
1.190869771308491006e+07 5.852296229297169702e+03 3.784839398222334950e+01 1.780050617805377197e+11 9.009842302272289771e+02 8.042115558480355544e+25
1.199499262404929474e+07 5.719543225880792306e+03 3.772155457897276420e+01 1.591374319340058289e+11 8.021254972696830237e+02 8.131747000365059364e+25
1.208128753501367755e+07 5.583587942147940339e+03 3.759074794811118636e+01 1.407707737845050964e+11 7.162722888595377526e+02 8.220565630828841552e+25
1.216758244597806036e+07 5.444038611391481027e+03 3.745570419145870744e+01 1.229150776896433563e+11 6.415783031900765536e+02 8.308465556286150487e+25
1.225387735694244318e+07 5.300392473569469075e+03 3.731613825906139681e+01 1.055810489601121216e+11 5.764808115782262803e+02 8.395334799960484367e+25
1.234017226790682785e+07 5.152137430742252036e+03 3.717171893610786526e+01 8.878148779847395325e+10 5.196553841198082182e+02 8.481045511979944660e+25
1.242646717887121066e+07 4.998533512773727125e+03 3.702206549310405848e+01 7.253143592401843262e+10 4.699777634527799819e+02 8.565452874530471951e+25
1.251276208983559348e+07 4.838656883746558378e+03 3.686674768587322149e+01 5.684817657276005554e+10 4.264931569724523683e+02 8.648395101855866558e+25
1.259905700079997815e+07 4.671335753259452758e+03 3.670528553070673894e+01 4.175124375899627686e+10 3.883904089057826923e+02 8.729693376568039764e+25
1.268535191176436096e+07 4.494892012467822497e+03 3.653710221397980717e+01 2.726435250422977448e+10 3.549807263875379135e+02 8.809138469233455229e+25
1.277164682272874378e+07 4.307005894273421291e+03 3.636147479681035577e+01 1.341749492764436340e+10 3.256808957483207791e+02 8.886476461087468345e+25
1.285794173369312845e+07 4.104137955619189597e+03 3.617747319704804454e+01 2.496170556265029907e+08 3.000000000000000000e+02 8.961391236139787828e+25
