# Radius (m)	Density (kg/m^3)	Gravity (m/s^2)	Pressure (Pa)	Temperature (K)	Mass Enclosed (kg)
0.000000000000000000e+00 5.713548602649605891e+04 0.000000000000000000e+00 3.009277712959057422e+13 0.000000000000000000e+00 0.000000000000000000e+00
1.090650687066505634e+05 5.713118976412083430e+04 1.742179305778875698e+00 3.008734869714061719e+13 0.000000000000000000e+00 3.104971156643134833e+20
2.181301374133011268e+05 5.711830407556488353e+04 3.483886587367626575e+00 3.007106731490928516e+13 0.000000000000000000e+00 2.483646771510031942e+21
3.271952061199516756e+05 5.709683826762523677e+04 5.224652272740687664e+00 3.004394474226194531e+13 0.000000000000000000e+00 8.380400289524188447e+21
4.362602748266022536e+05 5.706680778860780993e+04 6.964004003051854852e+00 3.000600049851042969e+13 0.000000000000000000e+00 1.985805999455112423e+22
5.453253435332528315e+05 5.702823431438875559e+04 8.701473553124740690e+00 2.995726197165373828e+13 0.000000000000000000e+00 3.877002711802054286e+22
6.543904122399033513e+05 5.698114560356961738e+04 1.043659371276174141e+01 2.989776423536293750e+13 0.000000000000000000e+00 6.696198532846063714e+22
7.634554809465539875e+05 5.692557545930224296e+04 1.216889902118086830e+01 2.982755000074605078e+13 0.000000000000000000e+00 1.062707520589678909e+23
8.725205496532045072e+05 5.686156372767534049e+04 1.389792612379828896e+01 2.974666961430940234e+13 0.000000000000000000e+00 1.585237138667908566e+23
9.815856183598550269e+05 5.678915625164877565e+04 1.562321771337313869e+01 2.965518099975255469e+13 0.000000000000000000e+00 2.255321752338875757e+23
1.090650687066505663e+06 5.670840485486781108e+04 1.734430925238577359e+01 2.955314963751710547e+13 0.000000000000000000e+00 3.091047246280229839e+23
1.199715755773156183e+06 5.661867079586921318e+04 1.906073266500509078e+01 2.944064855735153906e+13 0.000000000000000000e+00 4.110336772765671091e+23
1.308780824479806703e+06 5.652021276506585127e+04 2.077201906523768926e+01 2.931775832911413672e+13 0.000000000000000000e+00 5.330901848611789440e+23
1.417845893186457222e+06 5.641350167833220621e+04 2.247769875692785746e+01 2.918456706277296094e+13 0.000000000000000000e+00 6.770242355178070165e+23
1.526910961893107975e+06 5.629861416924971127e+04 2.417730123375758922e+01 2.904117040840587109e+13 0.000000000000000000e+00 8.445646538366886515e+23
1.635976030599758495e+06 5.617563291243635467e+04 2.587035517924656602e+01 2.888767155620052734e+13 0.000000000000000000e+00 1.037419100862349769e+24
1.745041099306409014e+06 5.604350121631609363e+04 2.755638846675215703e+01 2.872418123645436719e+13 0.000000000000000000e+00 1.257274074093605423e+24
1.854106168013059534e+06 5.590289487126095628e+04 2.923492815946944035e+01 2.855081771957463281e+13 0.000000000000000000e+00 1.505794907483560401e+24
1.963171236719710054e+06 5.575438184640261170e+04 3.090551800734501242e+01 2.836770549742139844e+13 0.000000000000000000e+00 1.784618699613963488e+24
2.072236305426360806e+06 5.559797716968160967e+04 3.256775572813952380e+01 2.817497261097114453e+13 0.000000000000000000e+00 2.095342050754249714e+24
2.181301374133011326e+06 5.543194396991824760e+04 3.422117813110217810e+01 2.797275867979242578e+13 0.000000000000000000e+00 2.439559241981546985e+24
2.290366442839661613e+06 5.525824614438624121e+04 3.586531858970115394e+01 2.776120990407719531e+13 0.000000000000000000e+00 2.818828826193340416e+24
2.399431511546312366e+06 5.507699023454725102e+04 3.749971474842526220e+01 2.754047845966841406e+13 0.000000000000000000e+00 3.234670127497304743e+24
2.508496580252963118e+06 5.488600841423629026e+04 3.912390852278394959e+01 2.731072249806001172e+13 0.000000000000000000e+00 3.688563241211297077e+24
2.617561648959613405e+06 5.468766150355090213e+04 4.073744609930727734e+01 2.707210614639692969e+13 0.000000000000000000e+00 4.181949033863359052e+24
2.726626717666264158e+06 5.448115718578107044e+04 4.233987793554600643e+01 2.682479950747508594e+13 0.000000000000000000e+00 4.716229143191725950e+24
2.835691786372914445e+06 5.426587134914663329e+04 4.393075876007146974e+01 2.656897865974140234e+13 0.000000000000000000e+00 5.292765978144811136e+24
2.944756855079565197e+06 5.404357359415430983e+04 4.550964757247569281e+01 2.630482565729377734e+13 0.000000000000000000e+00 5.912882718881221622e+24
3.053821923786215950e+06 5.381159411054117663e+04 4.707610764337130149e+01 2.603252852988111719e+13 0.000000000000000000e+00 6.577863316769747331e+24
3.162886992492866237e+06 5.357281852358901233e+04 4.862970651439158587e+01 2.575228128290330469e+13 0.000000000000000000e+00 7.288952494389358953e+24
3.271952061199516989e+06 5.332489847716327495e+04 5.017001599819046476e+01 2.546428389741122656e+13 0.000000000000000000e+00 8.047355745529223509e+24
3.381017129906167276e+06 5.306995833233033773e+04 5.169661217844249279e+01 2.516874233010675391e+13 0.000000000000000000e+00 8.854239335188688250e+24
3.490082198612818029e+06 5.280596086575499794e+04 5.320920188562524800e+01 2.486586478105579688e+13 0.000000000000000000e+00 9.710705895131277200e+24
3.599147267319468781e+06 5.253518306933266285e+04 5.470775449251519262e+01 2.455584024821728125e+13 0.000000000000000000e+00 1.061785494534019359e+25
3.708212336026119068e+06 5.225496097289925092e+04 5.619205757033583382e+01 2.423885601060972266e+13 0.000000000000000000e+00 1.157682138204312995e+25
3.817277404732769821e+06 5.198451202174043283e+04 5.766183937755387490e+01 2.391510933598301172e+13 0.000000000000000000e+00 1.258866324897976781e+25
3.926342473439420108e+06 5.176391238918967429e+04 5.911677501573163340e+01 2.358480752300647266e+13 0.000000000000000000e+00 1.365435932219552234e+25
4.035407542146070860e+06 5.149275312047159241e+04 6.055648642952701977e+01 2.324816790126887109e+13 0.000000000000000000e+00 1.477480911004158310e+25
4.144472610852721613e+06 5.118201123004035617e+04 6.198054240669355153e+01 2.290541783127839844e+13 0.000000000000000000e+00 1.595083285317487974e+25
4.253537679559372365e+06 5.086256801120916498e+04 6.338845857808034623e+01 2.255679470446268750e+13 0.000000000000000000e+00 1.718317152455810557e+25
4.362602748266022652e+06 5.053613508106967492e+04 6.477969741763214984e+01 2.220254594316881250e+13 0.000000000000000000e+00 1.847248682945969827e+25
4.471667816972672939e+06 5.020269672692565655e+04 6.615366824238928700e+01 2.184292900066326953e+13 0.000000000000000000e+00 1.981936120545386993e+25
4.580732885679323226e+06 4.986122220506409212e+04 6.750972721248768948e+01 2.147821136113199219e+13 0.000000000000000000e+00 2.122429782242057485e+25
4.689797954385974444e+06 4.951247010082134511e+04 6.884717733115894589e+01 2.110867053968035547e+13 0.000000000000000000e+00 2.268772058254553531e+25
4.798863023092624731e+06 4.915678485000164801e+04 7.016526844473014535e+01 2.073459408233317188e+13 0.000000000000000000e+00 2.420997412032020290e+25
4.907928091799275018e+06 4.879417873836768558e+04 7.146319724262406226e+01 2.035627956603467969e+13 0.000000000000000000e+00 2.579132380254181008e+25
5.016993160505926237e+06 4.842441665335961443e+04 7.274060738797282966e+01 1.997399307780006641e+13 0.000000000000000000e+00 2.743206245819198936e+25
5.126058229212576523e+06 4.804717355494999356e+04 7.399748702949676726e+01 1.958797636812925391e+13 0.000000000000000000e+00 2.913252039739654758e+25
5.235123297919226810e+06 4.766310326022849767e+04 7.523350655827863420e+01 1.919849880636065625e+13 0.000000000000000000e+00 3.089290329284627620e+25
5.344188366625878029e+06 4.727221305136653245e+04 7.644833481823229704e+01 1.880583057208855859e+13 0.000000000000000000e+00 3.271334204324941532e+25
5.453253435332528315e+06 4.687451323906870675e+04 7.764163910637630295e+01 1.841024265514037109e+13 0.000000000000000000e+00 3.459389277338425840e+25
5.562318504039178602e+06 4.647003058959706686e+04 7.881308517283407866e+01 1.801200685557657812e+13 0.000000000000000000e+00 3.653453683409928116e+25
5.671383572745828889e+06 4.605879626082236791e+04 7.996233722083384521e+01 1.761139578369077344e+13 0.000000000000000000e+00 3.853518080231302556e+25
5.780448641452480108e+06 4.564084636114048772e+04 8.108905790670857527e+01 1.720868286000965234e+13 0.000000000000000000e+00 4.059565648101419864e+25
5.889513710159130394e+06 4.521623890466990269e+04 8.219290833989606426e+01 1.680414231529301562e+13 0.000000000000000000e+00 4.271572089926153503e+25
5.998578778865780681e+06 4.478503058521577623e+04 8.327354808293888766e+01 1.639804919053375781e+13 0.000000000000000000e+00 4.489505631218395162e+25
6.107643847572431900e+06 4.434728609345553559e+04 8.433063515148442946e+01 1.599067933695787109e+13 0.000000000000000000e+00 4.713327020098047019e+25
6.216708916279082187e+06 4.390307804801792372e+04 8.536382601428483952e+01 1.558230941602446094e+13 0.000000000000000000e+00 4.942989527292019170e+25
6.325773984985732473e+06 4.345250950580273638e+04 8.637277559319709042e+01 1.517321689942572266e+13 0.000000000000000000e+00 5.178438946134235638e+25
6.434839053692383692e+06 4.299532211986530456e+04 8.735713726318293482e+01 1.476368006908695312e+13 0.000000000000000000e+00 5.419613592565631799e+25
6.543904122399033979e+06 4.253137127308288473e+04 8.831657566826382322e+01 1.435397658871659961e+13 0.000000000000000000e+00 5.666444112976614898e+25
6.652969191105684265e+06 4.206125582064583432e+04 8.925081742279887465e+01 1.394437652990822461e+13 0.000000000000000000e+00 5.918855671952320461e+25
6.762034259812334552e+06 4.158508589892095188e+04 9.015956286838827793e+01 1.353515134407573828e+13 0.000000000000000000e+00 6.176764572338650636e+25
6.871099328518985771e+06 4.110225016416973085e+04 9.104244758826978057e+01 1.312657863871171484e+13 0.000000000000000000e+00 6.440074394282300486e+25
6.980164397225636058e+06 4.061294109359383583e+04 9.189910911873073474e+01 1.271893525119262109e+13 0.000000000000000000e+00 6.708680369838953956e+25
7.089229465932286344e+06 4.011791081899713026e+04 9.272923259562948317e+01 1.231249202719091211e+13 0.000000000000000000e+00 6.982472305835538257e+25
7.198294534638937563e+06 3.961570709279486618e+04 9.353249542496260460e+01 1.190751918189308008e+13 0.000000000000000000e+00 7.261330884119682088e+25
7.307359603345587850e+06 3.910788218766252976e+04 9.430858330407104972e+01 1.150428464127409766e+13 0.000000000000000000e+00 7.545128710789395062e+25
7.416424672052238137e+06 3.859306173629600380e+04 9.505716382606459547e+01 1.110305668165303125e+13 0.000000000000000000e+00 7.833728087418221503e+25
7.525489740758888423e+06 3.807255437471006007e+04 9.577789713131340932e+01 1.070410266351103320e+13 0.000000000000000000e+00 8.126981820181163238e+25
7.634554809465539642e+06 3.754490852134578745e+04 9.647044019377162272e+01 1.030768843761124219e+13 0.000000000000000000e+00 8.424733012453901747e+25
7.743619878172189929e+06 3.701109412544529187e+04 9.713444222472706713e+01 9.914078797657644531e+12 0.000000000000000000e+00 8.726814592003621195e+25
7.852684946878840216e+06 2.145067482682939226e+04 9.726505229857086476e+01 9.582772010356486328e+12 0.000000000000000000e+00 8.986445780892014425e+25
7.961750015585491434e+06 2.122640340665975236e+04 9.654813502063420572e+01 9.356727033396406250e+12 0.000000000000000000e+00 9.169705859056468923e+25
8.070815084292141721e+06 2.100472867626974767e+04 9.586196741587060899e+01 9.135163093693710938e+12 0.000000000000000000e+00 9.355684674737097786e+25
8.179880152998792008e+06 2.078502386516859406e+04 9.520872449307000807e+01 8.917441471773890625e+12 0.000000000000000000e+00 9.544761025092635468e+25
8.288945221705443226e+06 2.056711507823094144e+04 9.458631884560931269e+01 8.703438870271528320e+12 0.000000000000000000e+00 9.736912859050897360e+25
8.398010290412092581e+06 2.035088947340339655e+04 9.399280538282437192e+01 8.493039235284049805e+12 0.000000000000000000e+00 9.932117337393960306e+25
8.507075359118744731e+06 2.013627828528859391e+04 9.342634427999797708e+01 8.286132478365398438e+12 0.000000000000000000e+00 1.013035034633813891e+26
8.616140427825395018e+06 1.992318328224761353e+04 9.288520005831452409e+01 8.082617484227469727e+12 0.000000000000000000e+00 1.033158475052947783e+26
8.725205496532045305e+06 1.971151351927538781e+04 9.236781229352610012e+01 7.882404030984221680e+12 0.000000000000000000e+00 1.053579140859336622e+26
8.834270565238695592e+06 1.950118315079128661e+04 9.187269054157970061e+01 7.685406519404860352e+12 0.000000000000000000e+00 1.074293919146804202e+26
8.943335633945345879e+06 1.929211153287021079e+04 9.139841125538954714e+01 7.491543822561057617e+12 0.000000000000000000e+00 1.095299496581604014e+26
9.052400702651996166e+06 1.908422015691651904e+04 9.094361778483715852e+01 7.300739285826952148e+12 0.000000000000000000e+00 1.116592359402420447e+26
9.161465771358646452e+06 1.887743618697855709e+04 9.050702037677125134e+01 7.112920726879149414e+12 0.000000000000000000e+00 1.138168793420367926e+26
9.270530840065298602e+06 1.867169030920659861e+04 9.008739617500785357e+01 6.928020435696717773e+12 0.000000000000000000e+00 1.160024884018991433e+26
9.379595908771948889e+06 1.846675497999638173e+04 8.968358922033024783e+01 6.745975174561201172e+12 0.000000000000000000e+00 1.182156516154265646e+26
9.488660977478599176e+06 1.826260965627148107e+04 8.929451045048894287e+01 6.566726178056600586e+12 0.000000000000000000e+00 1.204559374354595967e+26
9.597726046185249463e+06 1.805930153539803723e+04 8.891913770020174468e+01 6.390219153069387695e+12 0.000000000000000000e+00 1.227228942720818525e+26
9.706791114891899750e+06 1.785678008908264019e+04 8.855651570115369964e+01 6.216404278788498047e+12 0.000000000000000000e+00 1.250160504926199145e+26
9.815856183598550037e+06 1.765499898823462718e+04 8.820575608199709450e+01 6.045236206705337891e+12 0.000000000000000000e+00 1.273349144216434035e+26
9.924921252305202186e+06 1.745377380314438051e+04 8.786603736835149903e+01 5.876674060613771484e+12 0.000000000000000000e+00 1.296789743409650815e+26
1.003398632101185247e+07 1.725295202470647200e+04 8.753653272938124985e+01 5.710676715400859375e+12 0.000000000000000000e+00 1.320476925356863456e+26
1.014305138971850276e+07 1.705272566487984295e+04 8.721641940528623138e+01 5.547203402697666992e+12 0.000000000000000000e+00 1.344405072310197049e+26
1.025211645842515305e+07 1.685306351369649201e+04 8.690497788518807454e+01 5.386220250120905273e+12 0.000000000000000000e+00 1.368568390567606405e+26
1.036118152713180333e+07 1.665366402701394691e+04 8.660151327584439684e+01 5.227695170981010742e+12 0.000000000000000000e+00 1.392960833819787787e+26
1.047024659583845362e+07 1.645454285702323978e+04 8.630535498367092373e+01 5.071597843543379883e+12 0.000000000000000000e+00 1.417576102868861809e+26
1.057931166454510391e+07 1.625588059897308631e+04 8.601585671474150274e+01 4.917899711028368164e+12 0.000000000000000000e+00 1.442407645628372757e+26
1.068837673325175606e+07 1.605737563402012165e+04 8.573239647478813197e+01 4.766573981611289062e+12 0.000000000000000000e+00 1.467448657123289786e+26
1.079744180195840634e+07 1.585898696393286809e+04 8.545437656920094582e+01 4.617595628422421875e+12 0.000000000000000000e+00 1.492692079490004346e+26
1.090650687066505663e+07 1.566097616635755185e+04 8.518122360302818663e+01 4.470941389547000000e+12 0.000000000000000000e+00 1.518130601976333444e+26
1.101557193937170692e+07 1.546275045002008119e+04 8.491238848097624725e+01 4.326589768025215820e+12 0.000000000000000000e+00 1.543756660941517586e+26
1.112463700807835720e+07 1.526479541933889050e+04 8.464734640740965688e+01 4.184521031852223145e+12 0.000000000000000000e+00 1.569562439856221116e+26
1.123370207678500749e+07 1.506670777170927613e+04 8.438559688635106681e+01 4.044717213978136230e+12 0.000000000000000000e+00 1.595539869302532561e+26
1.134276714549165778e+07 1.486867600296840283e+04 8.412666372148123628e+01 3.907162112308025391e+12 0.000000000000000000e+00 1.621680626973964291e+26
1.145183221419830993e+07 1.467044807804610900e+04 8.387009501613911766e+01 3.771841289701923340e+12 0.000000000000000000e+00 1.647976137675453202e+26
1.156089728290496022e+07 1.447223134883321472e+04 8.361546317332174283e+01 3.638742073974824219e+12 0.000000000000000000e+00 1.674417573323358827e+26
1.166996235161161050e+07 1.427361311536520225e+04 8.336236489568430841e+01 3.507853557896677734e+12 0.000000000000000000e+00 1.700995852945466087e+26
1.177902742031826079e+07 1.407497711659936249e+04 8.311042018876308646e+01 3.379166542865933105e+12 0.000000000000000000e+00 1.727701633225203841e+26
1.188809248902491108e+07 1.387590911501486698e+04 8.285921406216660046e+01 3.252670047217148438e+12 0.000000000000000000e+00 1.754524851169532898e+26
1.199715755773156136e+07 1.367650145999003871e+04 8.260834854905006353e+01 3.128353915734665527e+12 0.000000000000000000e+00 1.781455399606253112e+26
1.210622262643821165e+07 1.347681420591740061e+04 8.235745856515592322e+01 3.006210277082413086e+12 0.000000000000000000e+00 1.808483036746514624e+26
1.221528769514486380e+07 1.327670587187237106e+04 8.210618526597670552e+01 2.886232152809676270e+12 0.000000000000000000e+00 1.835597081247442922e+26
1.232435276385151409e+07 1.307592654064660019e+04 8.185417604675500058e+01 2.768413457351100098e+12 0.000000000000000000e+00 1.862786412212138502e+26
1.243341783255816437e+07 1.287464470926593094e+04 8.160108454248343435e+01 2.652748998026680664e+12 0.000000000000000000e+00 1.890039469189678928e+26
1.254248290126481466e+07 1.267277442071861515e+04 8.134657062790469695e+01 2.539234475041772461e+12 0.000000000000000000e+00 1.917344252175117110e+26
1.265154796997146495e+07 1.247023348835092111e+04 8.109030041751154272e+01 2.427866481487083984e+12 0.000000000000000000e+00 1.944688321609481312e+26
1.276061303867811523e+07 1.226694721916743219e+04 8.083194626554677598e+01 2.318642503338682617e+12 0.000000000000000000e+00 1.972058798379776520e+26
1.286967810738476738e+07 1.206284641262228979e+04 8.057118676600326523e+01 2.211560919457986328e+12 0.000000000000000000e+00 1.999442363818983069e+26
1.297874317609141767e+07 1.185786787122838723e+04 8.030770675262394320e+01 2.106621001591778564e+12 0.000000000000000000e+00 2.026825259706055957e+26
1.308780824479806796e+07 1.165195516017610498e+04 8.004119729890179258e+01 2.003822914372189697e+12 0.000000000000000000e+00 2.054193288265927251e+26
1.319687331350471824e+07 1.144500229476363165e+04 7.977135571807983183e+01 1.903167715316710205e+12 0.000000000000000000e+00 2.081531812169505053e+26
1.330593838221136853e+07 1.123676067488297122e+04 7.949788556315117205e+01 1.804657354828186279e+12 0.000000000000000000e+00 2.108825754533672470e+26
1.341500345091801882e+07 1.102740337578996332e+04 7.922049662685898852e+01 1.708294676194817871e+12 0.000000000000000000e+00 2.136059598921287963e+26
1.352406851962466910e+07 1.081670402024803479e+04 7.893890494169646388e+01 1.614083415590164551e+12 0.000000000000000000e+00 2.163217389341187742e+26
1.363313358833132125e+07 1.060453370009403807e+04 7.865283277990687338e+01 1.522028202073136963e+12 0.000000000000000000e+00 2.190282730248181654e+26
1.374219865703797154e+07 1.039077642463445591e+04 7.836200865220480694e+01 1.432134557567408691e+12 0.000000000000000000e+00 2.217238786508440547e+26
1.385126372574462183e+07 1.017539839695448609e+04 7.806611877483814510e+01 1.344408047500921875e+12 0.000000000000000000e+00 2.244067026852234076e+26
1.396032879445127212e+07 9.958168014993410907e+03 7.776482556665645518e+01 1.258854693104658447e+12 0.000000000000000000e+00 2.270747816117701690e+26
1.406939386315792240e+07 9.738851094946316152e+03 7.745781617373128825e+01 1.175482498717563477e+12 0.000000000000000000e+00 2.297261423782092657e+26
1.417845893186457269e+07 9.517323201253439038e+03 7.714476578502151938e+01 1.094301003744339600e+12 0.000000000000000000e+00 2.323586955960063811e+26
1.428752400057122298e+07 9.293357913228224788e+03 7.682533763237337610e+01 1.015321282655444824e+12 0.000000000000000000e+00 2.349702355403676795e+26
1.439658906927787513e+07 9.066841318131824664e+03 7.649918299052043835e+01 9.385559449870944824e+11 0.000000000000000000e+00 2.375584401502400820e+26
1.450565413798452541e+07 8.837407238280538877e+03 7.616594117708362432e+01 8.640191353412635498e+11 0.000000000000000000e+00 2.401208710283109220e+26
1.461471920669117570e+07 8.604845628976152511e+03 7.582523955257114778e+01 7.917265333856800537e+11 0.000000000000000000e+00 2.426549734410082549e+26
1.472378427539782599e+07 8.368715947337139369e+03 7.547669334085985327e+01 7.216953655404206543e+11 0.000000000000000000e+00 2.451580753745094808e+26
1.483284934410447627e+07 8.128637853368602009e+03 7.511988415886276016e+01 6.539456118592497559e+11 0.000000000000000000e+00 2.476272854036510941e+26
1.494191441281112656e+07 7.884280724859341717e+03 7.475436368354014860e+01 5.884995330595251465e+11 0.000000000000000000e+00 2.500595435426396304e+26
1.505097948151777685e+07 7.634910439323809442e+03 7.437963995423710628e+01 5.253833615713894043e+11 0.000000000000000000e+00 2.524515321605622605e+26
1.516004455022442900e+07 7.379911972487776438e+03 7.399516240336367900e+01 4.646284374924556274e+11 0.000000000000000000e+00 2.547995914797018435e+26
1.526910961893107928e+07 7.118594459923885552e+03 7.360032185639491331e+01 4.062712085878112793e+11 0.000000000000000000e+00 2.570997195755365490e+26
1.537817468763772957e+07 6.849831194058333494e+03 7.319445053187084227e+01 3.503532302900122070e+11 0.000000000000000000e+00 2.593475723767403378e+26
1.548723975634437986e+07 6.572455872031823674e+03 7.277682125986927986e+01 2.969212235349988403e+11 0.000000000000000000e+00 2.615384603566307377e+26
1.559630482505103014e+07 6.284782792239102491e+03 7.234656577546343215e+01 2.460331394090586243e+11 0.000000000000000000e+00 2.636670029838017610e+26
1.570536989375768043e+07 5.984571362589058481e+03 7.190262930230174732e+01 1.977620074744436035e+11 0.000000000000000000e+00 2.657269157490962056e+26
1.581443496246433258e+07 5.668852029418401798e+03 7.144374469678956530e+01 1.521984687536068115e+11 0.000000000000000000e+00 2.677108680708991129e+26
1.592350003117098287e+07 5.333123344334276226e+03 7.096834118263321045e+01 1.094580563877734680e+11 0.000000000000000000e+00 2.696100895477198454e+26
1.603256509987763315e+07 4.970317897659879236e+03 7.047438308562178122e+01 6.969395696083375549e+10 0.000000000000000000e+00 2.714136876904997799e+26
1.614163016858428344e+07 4.568336749378191598e+03 6.995889874537448350e+01 3.313583811925251770e+10 0.000000000000000000e+00 2.731065912443132777e+26
1.625069523729093373e+07 4.101863706066402301e+03 6.941752057720884750e+01 1.274579296139755249e+08 0.000000000000000000e+00 2.746675910226941227e+26
