# Radius (m)	Density (kg/m^3)	Gravity (m/s^2)	Pressure (Pa)	Temperature (K)	Mass Enclosed (kg)
0.000000000000000000e+00 7.360100436456411262e+04 0.000000000000000000e+00 5.479023425004215625e+13 0.000000000000000000e+00 0.000000000000000000e+00
8.839418138404710044e+04 7.359756619879724167e+04 1.818930475387586343e+00 5.478431705430326562e+13 0.000000000000000000e+00 2.129402316215161324e+20
1.767883627680942009e+05 7.358725323904393008e+04 3.637554381127131364e+00 5.476656811325582031e+13 0.000000000000000000e+00 1.703375455912663450e+21
2.651825441521413159e+05 7.357007012119291176e+04 5.455568000706058740e+00 5.473699540541599219e+13 0.000000000000000000e+00 5.748099842820525785e+21
3.535767255361884017e+05 7.354602452620488475e+04 7.272664080226931560e+00 5.469561214996828906e+13 0.000000000000000000e+00 1.362229665213194437e+22
4.419709069202354876e+05 7.351512722290639067e+04 9.088537798933547407e+00 5.464243688041549219e+13 0.000000000000000000e+00 2.659921847180379711e+22
5.303650883042826317e+05 7.347739206954732072e+04 1.090288558092898086e+01 5.457749344725888281e+13 0.000000000000000000e+00 4.594979073865682413e+22
6.187592696883296594e+05 7.343283593827557343e+04 1.271540430227688567e+01 5.450081088801687500e+13 0.000000000000000000e+00 7.294054483190990714e+22
7.071534510723768035e+05 7.338147871201107046e+04 1.452579151825386639e+01 5.441242342184492188e+13 0.000000000000000000e+00 1.088334917533996312e+23
7.955476324564239476e+05 7.332334328444564017e+04 1.633374546334945165e+01 5.431237044953552344e+13 0.000000000000000000e+00 1.548861221275799409e+23
8.839418138404709753e+05 7.325845530071077519e+04 1.813897715372222663e+01 5.420069610719873438e+13 0.000000000000000000e+00 2.123490404655987677e+23
9.723359952245181194e+05 7.318684329587305547e+04 1.994120301094422487e+01 5.407744950461744531e+13 0.000000000000000000e+00 2.824664311430506223e+23
1.060730176608565263e+06 7.310853957185796753e+04 2.174010171559567794e+01 5.394268623446193750e+13 0.000000000000000000e+00 3.664812551245325538e+23
1.149124357992612291e+06 7.302357930575351929e+04 2.353535534276268493e+01 5.379646683765124219e+13 0.000000000000000000e+00 4.656261950590484459e+23
1.237518539376659319e+06 7.293156446103774942e+04 2.532665108222463246e+01 5.363885673991209375e+13 0.000000000000000000e+00 5.811233115083809961e+23
1.325912720760706579e+06 7.283226280354343180e+04 2.711368123845419120e+01 5.346992625177889844e+13 0.000000000000000000e+00 7.141840429470909779e+23
1.414306902144753607e+06 7.272635093305649934e+04 2.889614323061729095e+01 5.328975056859373438e+13 0.000000000000000000e+00 8.660092057625172409e+23
1.502701083528800635e+06 7.261387592273524206e+04 3.067373959257316685e+01 5.309840977050638281e+13 0.000000000000000000e+00 1.037788994254777717e+24
1.591095264912847895e+06 7.249488771715265466e+04 3.244617797287433092e+01 5.289598882247428906e+13 0.000000000000000000e+00 1.230702980636768884e+24
1.679489446296894923e+06 7.236943913229662576e+04 3.421317113476655436e+01 5.268257757426259375e+13 0.000000000000000000e+00 1.445920115034164021e+24
1.767883627680941951e+06 7.223743154263062752e+04 3.597443695618892434e+01 5.245827076044410156e+13 0.000000000000000000e+00 1.684598725485416428e+24
1.856277809064989211e+06 7.209761822603689507e+04 3.772969842977378363e+01 5.222316800039931250e+13 0.000000000000000000e+00 1.947886517941758220e+24
1.944671990449036239e+06 7.195144659204862546e+04 3.947864606849086044e+01 5.197737342640493750e+13 0.000000000000000000e+00 2.236902122936712261e+24
2.033066171833083266e+06 7.179898161557488493e+04 4.122095105133099224e+01 5.172099629686941406e+13 0.000000000000000000e+00 2.552750620826531514e+24
2.121460353217130527e+06 7.164029131673787197e+04 4.295632876803389166e+01 5.145415099087240625e+13 0.000000000000000000e+00 2.896546024855205166e+24
2.209854534601177555e+06 7.147468638630575151e+04 4.468449447489741289e+01 5.117695608759074219e+13 0.000000000000000000e+00 3.269381758902108141e+24
2.298248715985224582e+06 7.130175928142355406e+04 4.640516304647752577e+01 5.088953436274366406e+13 0.000000000000000000e+00 3.672330517219269576e+24
2.386642897369271610e+06 7.112275560838775709e+04 4.811804897558833005e+01 5.059201278859282812e+13 0.000000000000000000e+00 4.106444264431371208e+24
2.475037078753318638e+06 7.093775428482913412e+04 4.982286637330203405e+01 5.028452253394228125e+13 0.000000000000000000e+00 4.572754235535747371e+24
2.563431260137366131e+06 7.074576725923264166e+04 5.151932896894898306e+01 4.996719896413846875e+13 0.000000000000000000e+00 5.072270935902385003e+24
2.651825441521413159e+06 7.054670927233944531e+04 5.320715011011762385e+01 4.964018164107027344e+13 0.000000000000000000e+00 5.605984141273922565e+24
2.740219622905460186e+06 7.034183812934644811e+04 5.488604276265455439e+01 4.930361432316894531e+13 0.000000000000000000e+00 6.174862897765650583e+24
2.828613804289507214e+06 7.013109917068574578e+04 5.655571951066447411e+01 4.895764496540816406e+13 0.000000000000000000e+00 6.779855521865514866e+24
2.917007985673554242e+06 6.991233392693717906e+04 5.821589255651019812e+01 4.860242571930400781e+13 0.000000000000000000e+00 7.421889600434115973e+24
3.005402167057601269e+06 6.968796833754636464e+04 5.986627372081269982e+01 4.823811293291496094e+13 0.000000000000000000e+00 8.101871990704699544e+24
3.093796348441648297e+06 6.945810127547450247e+04 6.150657444245104699e+01 4.786486715084189844e+13 0.000000000000000000e+00 8.820688820283171337e+24
3.182190529825695790e+06 6.922008002335636411e+04 6.313650577856242307e+01 4.748285311422812500e+13 0.000000000000000000e+00 9.579205487148088634e+24
3.270584711209742818e+06 6.897668704251675808e+04 6.475577840454215561e+01 4.709223976075934375e+13 0.000000000000000000e+00 1.037826665965065273e+25
3.358978892593789846e+06 6.872745302519566030e+04 6.636410261404365940e+01 4.669320022466364062e+13 0.000000000000000000e+00 1.121869627651472933e+25
3.447373073977836873e+06 6.847067391878411581e+04 6.796119020351601137e+01 4.628591119133790625e+13 0.000000000000000000e+00 1.210129485715173377e+25
3.535767255361883901e+06 6.820880064356127696e+04 6.954679264325407928e+01 4.587054206489337500e+13 0.000000000000000000e+00 1.302679542486466487e+25
3.624161436745930929e+06 6.793999978084108443e+04 7.112065260764549635e+01 4.544727407342897656e+13 0.000000000000000000e+00 1.399594327942408879e+25
3.712555618129978422e+06 6.766507609384824173e+04 7.268250168370764186e+01 4.501629567384282812e+13 0.000000000000000000e+00 1.500947299182744586e+25
3.800949799514025450e+06 6.738467174003270338e+04 7.423207254500496788e+01 4.457779757436146875e+13 0.000000000000000000e+00 1.606808716523827711e+25
3.889343980898072477e+06 6.709691115156677552e+04 7.576909895164902764e+01 4.413197273453982812e+13 0.000000000000000000e+00 1.717245643498625644e+25
3.977738162282119505e+06 6.680454747029424470e+04 7.729331575029846135e+01 4.367901636526125000e+13 0.000000000000000000e+00 1.832321946856717131e+25
4.066132343666166533e+06 6.650439499376772437e+04 7.880445887415903883e+01 4.321912592873748438e+13 0.000000000000000000e+00 1.952098296564292919e+25
4.154526525050213560e+06 6.619963399238523562e+04 8.030226534298357421e+01 4.275250113850870312e+13 0.000000000000000000e+00 2.076632165804154466e+25
4.242920706434261054e+06 6.588766631502172095e+04 8.178647326307201126e+01 4.227934395944344531e+13 0.000000000000000000e+00 2.205977830975717377e+25
4.331314887818307616e+06 6.557078216574870748e+04 8.325682182727138070e+01 4.179985860773870312e+13 0.000000000000000000e+00 2.340186371695004534e+25
4.419709069202355109e+06 6.524691887871968356e+04 8.471305131497581442e+01 4.131425155091984375e+13 0.000000000000000000e+00 2.479305670794657046e+25
4.508103250586401671e+06 6.491821248016046593e+04 8.615490309212651709e+01 4.082273150784064844e+13 0.000000000000000000e+00 2.623380414323920937e+25
4.596497431970449165e+06 6.458239953460748075e+04 8.758211961121182298e+01 4.032550944868330469e+13 0.000000000000000000e+00 2.772452091548659597e+25
4.684891613354496658e+06 6.424219591040661908e+04 8.899444441126713912e+01 3.982279859495841406e+13 0.000000000000000000e+00 2.926558994951345197e+25
4.773285794738543220e+06 6.389441213136586885e+04 9.039162211787495949e+01 3.931481441950497656e+13 0.000000000000000000e+00 3.085736220231060405e+25
4.861679976122590713e+06 6.354222406307389610e+04 9.177339844316489348e+01 3.880177464649040625e+13 0.000000000000000000e+00 3.250015666303504828e+25
4.950074157506637275e+06 6.318331243662704219e+04 9.313952018581363745e+01 3.828389925141050781e+13 0.000000000000000000e+00 3.419426035300983416e+25
5.038468338890684769e+06 6.281906112933503755e+04 9.448973523104498895e+01 3.776141046108950781e+13 0.000000000000000000e+00 3.593992832572418916e+25
5.126862520274732262e+06 6.244952739595003368e+04 9.582379255062983248e+01 3.723453275368003125e+13 0.000000000000000000e+00 3.773738366683340709e+25
5.215256701658778824e+06 6.207327069032094732e+04 9.714144220288615372e+01 3.670349285866312500e+13 0.000000000000000000e+00 3.958681749415892106e+25
5.303650883042826317e+06 6.169234588374239684e+04 9.844243533267903956e+01 3.616851975684821094e+13 0.000000000000000000e+00 4.148838895768830784e+25
5.392045064426872879e+06 6.130537599404194771e+04 9.972652336416688001e+01 3.562984330198606250e+13 0.000000000000000000e+00 4.344221531694000773e+25
5.480439245810920373e+06 6.091248451627691247e+04 1.009934614584796435e+02 3.508768665744745703e+13 0.000000000000000000e+00 4.544832352906024298e+25
5.568833427194966935e+06 6.051478334110361175e+04 1.022430227498180670e+02 3.454228149089198047e+13 0.000000000000000000e+00 4.750676577332360283e+25
5.657227608579014428e+06 6.011121843639240251e+04 1.034749822715828600e+02 3.399386160874590234e+13 0.000000000000000000e+00 4.961756611813385086e+25
5.745621789963061921e+06 5.970166265699864744e+04 1.046891147000852982e+02 3.344266099514871875e+13 0.000000000000000000e+00 5.178070565745540293e+25
5.834015971347108483e+06 5.928719816148348036e+04 1.058851943545472807e+02 3.288891381195311328e+13 0.000000000000000000e+00 5.399612251081334432e+25
5.922410152731155977e+06 5.886775597674833261e+04 1.070629951971013440e+02 3.233285439872495312e+13 0.000000000000000000e+00 5.626371182329354143e+25
6.010804334115202539e+06 5.844186401828168891e+04 1.082222908327906339e+02 3.177471727274332031e+13 0.000000000000000000e+00 5.858332576554245277e+25
6.099198515499250032e+06 5.801076348047688953e+04 1.093628545095689333e+02 3.121473712900046875e+13 0.000000000000000000e+00 6.095477353376734371e+25
6.187592696883296594e+06 5.757463788949004811e+04 1.104844591183006060e+02 3.065314884020187109e+13 0.000000000000000000e+00 6.337782134973604601e+25
6.275986878267344087e+06 5.713343646356565296e+04 1.115868771927606815e+02 3.009018745676617188e+13 0.000000000000000000e+00 6.585219246077723263e+25
6.364381059651391581e+06 5.668698743693489814e+04 1.126698809096347560e+02 2.952608820682523047e+13 0.000000000000000000e+00 6.837756713978016007e+25
6.452775241035438143e+06 5.623445199455495458e+04 1.137332420885190913e+02 2.896108649622410156e+13 0.000000000000000000e+00 7.095358268519478005e+25
6.541169422419485636e+06 5.577685797579542850e+04 1.147767321919205585e+02 2.839541790852101562e+13 0.000000000000000000e+00 7.357983342103182538e+25
6.629563603803532198e+06 5.531416830100845254e+04 1.158001223252566234e+02 2.782931820498741797e+13 0.000000000000000000e+00 7.625587069686263816e+25
6.717957785187579691e+06 5.484635906233510468e+04 1.168031832368554035e+02 2.726302332460793750e+13 0.000000000000000000e+00 7.898120288781932444e+25
6.806351966571627185e+06 5.437341353441873798e+04 1.177856853179556396e+02 2.669676938408039844e+13 0.000000000000000000e+00 8.175529539459466828e+25
6.894746147955673747e+06 5.389531689409210958e+04 1.187473986027066388e+02 2.613079267781583594e+13 0.000000000000000000e+00 8.457757064344204585e+25
6.983140329339721240e+06 5.341206261504521535e+04 1.196880927681683886e+02 2.556532967793846094e+13 0.000000000000000000e+00 8.744740808617573472e+25
7.071534510723767802e+06 5.292365451360428415e+04 1.206075371343114568e+02 2.500061703428569531e+13 0.000000000000000000e+00 9.036414420017048428e+25
7.159928692107815295e+06 5.243008911985917075e+04 1.215055006640170632e+02 2.443689157440813672e+13 0.000000000000000000e+00 9.332707248836189378e+25
7.248322873491861857e+06 5.195719572153488116e+04 1.223828741732277336e+02 2.387420888942569531e+13 0.000000000000000000e+00 9.633638277242820287e+25
7.336717054875909351e+06 5.155118206190930505e+04 1.232405198263753618e+02 2.331262197236482812e+13 0.000000000000000000e+00 9.939222154888205579e+25
7.425111236259956844e+06 5.104181346505526744e+04 1.240778492563710813e+02 2.275241354031080078e+13 0.000000000000000000e+00 1.024934856694467084e+26
7.513505417644003406e+06 5.052808955694600445e+04 1.248943098946968178e+02 2.219385968811051562e+13 0.000000000000000000e+00 1.056390507850991807e+26
7.601899599028050900e+06 5.001010621897422243e+04 1.256893877025137840e+02 2.163722945074296484e+13 0.000000000000000000e+00 1.088277736176961211e+26
7.690293780412097462e+06 4.948797018617404683e+04 1.264626071706624657e+02 2.108278480331924609e+13 0.000000000000000000e+00 1.120584919599736167e+26
7.778687961796144955e+06 4.896177809257984336e+04 1.272135313196626782e+02 2.053078066108253516e+13 0.000000000000000000e+00 1.153300246755474689e+26
7.867082143180191517e+06 4.843164366510706895e+04 1.279417616997134814e+02 1.998146487940812500e+13 0.000000000000000000e+00 1.186411716989128664e+26
7.955476324564239010e+06 4.789698123351501999e+04 1.286469383906932080e+02 1.943507825380337500e+13 0.000000000000000000e+00 1.219907140354447120e+26
8.043870505948286504e+06 4.735819032689213782e+04 1.293287400021595488e+02 1.889185451990776172e+13 0.000000000000000000e+00 1.253774137613973818e+26
8.132264687332333066e+06 4.681567942120470252e+04 1.299868836733494106e+02 1.835202035349285938e+13 0.000000000000000000e+00 1.288000140239047771e+26
8.220658868716380559e+06 4.626956908715599275e+04 1.306211250731790017e+02 1.781579537046230078e+13 0.000000000000000000e+00 1.322572390409804958e+26
8.309053050100427121e+06 4.571887887846688682e+04 1.312312584002438314e+02 1.728339212685185938e+13 0.000000000000000000e+00 1.357477941015175234e+26
8.397447231484474614e+06 4.516435656955404556e+04 1.318171163828187389e+02 1.675501611882936914e+13 0.000000000000000000e+00 1.392703655652885937e+26
8.485841412868522108e+06 4.460649676720320713e+04 1.323785702788577510e+02 1.623086578269476953e+13 0.000000000000000000e+00 1.428236208629458453e+26
8.574235594252569601e+06 4.404374878983432427e+04 1.329155298759942525e+02 1.571113249488010547e+13 0.000000000000000000e+00 1.464062084960210447e+26
8.662629775636615232e+06 4.347766724086526665e+04 1.334279434915408729e+02 1.519600057194950586e+13 0.000000000000000000e+00 1.500167580369253977e+26
8.751023957020662725e+06 4.290720128933624801e+04 1.339157979724896279e+02 1.468564727059917773e+13 0.000000000000000000e+00 1.536538801289500129e+26
8.839418138404710218e+06 4.233296086169658520e+04 1.343791186955116643e+02 1.418024278765744727e+13 0.000000000000000000e+00 1.573161664862651631e+26
8.927812319788757712e+06 4.175426671400627674e+04 1.348176863555450211e+02 1.367998450425881641e+13 0.000000000000000000e+00 1.610019054679654680e+26
9.016206501172803342e+06 4.117212144098729186e+04 1.352311384296470465e+02 1.318508287571673242e+13 0.000000000000000000e+00 1.647092775934367616e+26
9.104600682556850836e+06 4.058488146642364154e+04 1.356193462981102584e+02 1.269571646412289453e+13 0.000000000000000000e+00 1.684366831347094141e+26
9.192994863940898329e+06 3.999388032034206844e+04 1.359821674412562231e+02 1.221206282279078906e+13 0.000000000000000000e+00 1.721824395912682169e+26
9.281389045324945822e+06 3.939885618304947275e+04 1.363194452397293048e+02 1.173429852074107031e+13 0.000000000000000000e+00 1.759447814706797465e+26
9.369783226708993316e+06 3.879895291213870951e+04 1.366310089744965239e+02 1.126259914270157422e+13 0.000000000000000000e+00 1.797218602885926055e+26
9.458177408093038946e+06 3.819455049866026093e+04 1.369166738268476422e+02 1.079713928910732422e+13 0.000000000000000000e+00 1.835117445687370441e+26
9.546571589477086440e+06 3.758565199761617259e+04 1.371762408783950775e+02 1.033809257610050000e+13 0.000000000000000000e+00 1.873124198429255102e+26
9.634965770861133933e+06 3.697207714030089119e+04 1.374094971110739891e+02 9.885631635530484375e+12 0.000000000000000000e+00 1.911217886510519622e+26
9.723359952245181426e+06 3.635363831545814901e+04 1.376162154071422776e+02 9.439928114953833984e+12 0.000000000000000000e+00 1.949376705410923497e+26
9.811754133629228920e+06 3.573018625308053743e+04 1.377961545491804998e+02 9.001152677634285156e+12 0.000000000000000000e+00 1.987578020691045110e+26
9.900148315013274550e+06 3.510158859516306256e+04 1.379490592200919536e+02 8.569475002542767578e+12 0.000000000000000000e+00 2.025798367992279663e+26
9.988542496397322044e+06 3.446774074157802534e+04 1.380746600031026219e+02 8.145063784357354492e+12 0.000000000000000000e+00 2.064013453036843992e+26
1.007693667778136954e+07 3.382793058062435011e+04 1.381726733817612001e+02 7.728086733463336914e+12 0.000000000000000000e+00 2.102198151627771069e+26
1.016533085916541703e+07 3.318222023078177881e+04 1.382428017399391251e+02 7.318710575953169922e+12 0.000000000000000000e+00 2.140326509648913092e+26
1.025372504054946452e+07 3.253086683095971966e+04 1.382847333618305186e+02 6.917101053626491211e+12 0.000000000000000000e+00 2.178371743064940454e+26
1.034211922193351015e+07 3.187226667762473517e+04 1.382981424319521864e+02 6.523422923990130859e+12 0.000000000000000000e+00 2.216306237921342092e+26
1.043051340331755765e+07 3.120730008757360338e+04 1.382826890351436759e+02 6.137839960258065430e+12 0.000000000000000000e+00 2.254101550344426510e+26
1.051890758470160514e+07 3.053506484127525619e+04 1.382380194135419913e+02 5.760514870580550781e+12 0.000000000000000000e+00 2.291727997669243668e+26
1.060730176608565263e+07 2.985472597089879127e+04 1.381637384569735048e+02 5.391612862873819336e+12 0.000000000000000000e+00 2.329154046593974264e+26
1.069569594746969827e+07 2.916619078306684241e+04 1.380593995620639589e+02 5.031303554787666016e+12 0.000000000000000000e+00 2.366346660825619706e+26
1.078409012885374576e+07 2.846883166874016024e+04 1.379245126186666539e+02 4.679760097031190430e+12 0.000000000000000000e+00 2.403271107138771304e+26
1.087248431023779325e+07 2.776136660061783914e+04 1.377585452874531882e+02 4.337158862171059082e+12 0.000000000000000000e+00 2.439890937435249784e+26
1.096087849162184075e+07 2.704359768005471415e+04 1.375609279220740859e+02 4.003678112037278809e+12 0.000000000000000000e+00 2.476168018154331932e+26
1.104927267300588824e+07 2.631418215856752431e+04 1.373310192646437429e+02 3.679503762366038086e+12 0.000000000000000000e+00 2.512061778042583069e+26
1.113766685438993387e+07 2.557216094484022324e+04 1.370680900827886148e+02 3.364832179177204590e+12 0.000000000000000000e+00 2.547528768377968142e+26
1.122606103577398136e+07 2.481597837073003029e+04 1.367713204847361794e+02 3.059870685468539551e+12 0.000000000000000000e+00 2.582522492188872993e+26
1.131445521715802886e+07 2.404420970510176994e+04 1.364398249054778773e+02 2.764832763627546875e+12 0.000000000000000000e+00 2.616993879590409339e+26
1.140284939854207635e+07 2.325447137684618065e+04 1.360725963655630153e+02 2.479946374315636719e+12 0.000000000000000000e+00 2.650890098635533790e+26
1.149124357992612384e+07 2.244470068890942639e+04 1.356684325329734122e+02 2.205466654540631836e+12 0.000000000000000000e+00 2.684152385744315776e+26
1.157963776131016947e+07 2.161181014403885638e+04 1.352259338591375695e+02 1.941676248406396973e+12 0.000000000000000000e+00 2.716715982579841815e+26
1.166803194269421697e+07 2.075181628288857610e+04 1.347435033278541141e+02 1.688885339904444336e+12 0.000000000000000000e+00 2.748510128935780596e+26
1.175642612407826446e+07 1.986000562979535607e+04 1.342192629094653284e+02 1.447443214806484375e+12 0.000000000000000000e+00 2.779455820701578417e+26
1.184482030546231195e+07 1.892942235134673683e+04 1.336508920008694759e+02 1.217763145538574707e+12 0.000000000000000000e+00 2.809461616938969219e+26
1.193321448684635945e+07 9.270366190803348218e+03 1.329911424161307707e+02 1.007385199479938599e+12 0.000000000000000000e+00 2.837474046991474305e+26
1.202160866823040508e+07 8.951784204158560897e+03 1.317131407235809206e+02 9.007799410585784912e+11 0.000000000000000000e+00 2.851993730800023593e+26
1.211000284961445257e+07 8.628445304321583535e+03 1.304443155684628550e+02 7.989186407478115234e+11 0.000000000000000000e+00 2.866209537686623806e+26
1.219839703099850006e+07 8.299387685333345871e+03 1.291836763834498640e+02 7.017820695686730957e+11 0.000000000000000000e+00 2.880099266933079428e+26
1.228679121238254756e+07 7.963585572778749338e+03 1.279301849936843922e+02 6.093623175731726074e+11 0.000000000000000000e+00 2.893638488453246746e+26
1.237518539376659319e+07 7.619712908541563593e+03 1.266827332745478714e+02 5.216656122085767212e+11 0.000000000000000000e+00 2.906799925313177147e+26
1.246357957515064068e+07 7.266027047027216213e+03 1.254401492257421182e+02 4.387108866428399048e+11 0.000000000000000000e+00 2.919553452675507611e+26
1.255197375653468817e+07 6.900297338256721559e+03 1.242011299056323708e+02 3.605391318732042847e+11 0.000000000000000000e+00 2.931864396170827889e+26
1.264036793791873567e+07 6.519545921125401946e+03 1.229642129559326094e+02 2.872168543517262573e+11 0.000000000000000000e+00 2.943692579869007127e+26
1.272876211930278316e+07 6.119476955179668948e+03 1.217277031106251002e+02 2.188458815912328796e+11 0.000000000000000000e+00 2.954990270588731090e+26
1.281715630068682879e+07 5.693604481768285041e+03 1.204895474340028301e+02 1.555801879817360229e+11 0.000000000000000000e+00 2.965698662849762245e+26
1.290555048207087629e+07 5.231483787314162328e+03 1.192471242497957746e+02 9.765444877261816406e+10 0.000000000000000000e+00 2.975741966506500026e+26
1.299394466345492378e+07 4.713459286234490719e+03 1.179967921030165598e+02 4.544542047170745087e+10 0.000000000000000000e+00 2.985014972086397098e+26
1.308233884483897127e+07 2.106974947627941219e+03 1.165971397455195131e+02 1.872230065781110001e+10 0.000000000000000000e+00 2.989874583420604030e+26
1.317073302622301690e+07 1.466451374803403951e+03 1.151710558033488070e+02 1.069275542931861877e+08 0.000000000000000000e+00 2.993350196865284341e+26
