# Radius (m)	Density (kg/m^3)	Gravity (m/s^2)	Pressure (Pa)	Temperature (K)	Mass Enclosed (kg)
0.000000000000000000e+00 4.906680420688628510e+04 0.000000000000000000e+00 2.064054984016362500e+13 0.000000000000000000e+00 0.000000000000000000e+00
1.035233634690733306e+05 4.906335307092173025e+04 1.420131856736227105e+00 2.063694284809095703e+13 0.000000000000000000e+00 2.280339595831025992e+20
2.070467269381466613e+05 4.905300198951007769e+04 2.839903638139145592e+00 2.062612430342078125e+13 0.000000000000000000e+00 1.824040232790144582e+21
3.105700904072200065e+05 4.903575796055012324e+04 4.258957725965567320e+00 2.060810152008271094e+13 0.000000000000000000e+00 6.154841355169082376e+21
4.140934538762933225e+05 4.901163259454551735e+04 5.676934170675260738e+00 2.058288663292017969e+13 0.000000000000000000e+00 1.458468289954078261e+22
5.176168173453666386e+05 4.898064215547814092e+04 7.093476028365536479e+00 2.055049664040972266e+13 0.000000000000000000e+00 2.847511317873498155e+22
6.211401808144400129e+05 4.894280751480108302e+04 8.508225143689230663e+00 2.051095335657623438e+13 0.000000000000000000e+00 4.918278763873545748e+22
7.246635442835133290e+05 4.889815413608221570e+04 9.920823954193496164e+00 2.046428339494301953e+13 0.000000000000000000e+00 7.805781157048495584e+22
8.281869077525866451e+05 4.884664038526892546e+04 1.133091551219223625e+01 2.041051816856864844e+13 0.000000000000000000e+00 1.164437343376012791e+23
9.317102712216599612e+05 4.878780894782560790e+04 1.273813677101964004e+01 2.034969402101573828e+13 0.000000000000000000e+00 1.656751976361289392e+23
1.035233634690733277e+06 4.872218993648368632e+04 1.414211545949719095e+01 2.028185239413074609e+13 0.000000000000000000e+00 2.270776238787571871e+23
1.138756998159806710e+06 4.864982769724466198e+04 1.554249760026029570e+01 2.020703913598158984e+13 0.000000000000000000e+00 3.019715389386573249e+23
1.242280361628880026e+06 4.857077095722191734e+04 1.693893131729933543e+01 2.012530462414295312e+13 0.000000000000000000e+00 3.916629929096695744e+23
1.345803725097953342e+06 4.848507283791446389e+04 1.833106592771423493e+01 2.003670377941966797e+13 0.000000000000000000e+00 4.974431727582518465e+23
1.449327088567026658e+06 4.839267057995036885e+04 1.971855194171445191e+01 1.994129606584667969e+13 0.000000000000000000e+00 6.205884023234791379e+23
1.552850452036099974e+06 4.829278166900927317e+04 2.110104106261899659e+01 1.983914549068906641e+13 0.000000000000000000e+00 7.623601423170447721e+23
1.656373815505173290e+06 4.818636621952470159e+04 2.247818618685640857e+01 1.973032060444203906e+13 0.000000000000000000e+00 9.240049903232583194e+23
1.759897178974246606e+06 4.807349570689078973e+04 2.384964140396478172e+01 1.961489450083092578e+13 0.000000000000000000e+00 1.106754680799047342e+24
1.863420542443319922e+06 4.795418679924866592e+04 2.521506102257647441e+01 1.949294458872040234e+13 0.000000000000000000e+00 1.311823667217498603e+24
1.966943905912393238e+06 4.782725737407822453e+04 2.657407971435484484e+01 1.936454902906564062e+13 0.000000000000000000e+00 1.540369169309016846e+24
2.070467269381466554e+06 4.769404204494092846e+04 2.792634303904194226e+01 1.922979495831955859e+13 0.000000000000000000e+00 1.793573629008492674e+24
2.173990632850539871e+06 4.755463260535248264e+04 2.927150600971310013e+01 1.908877523028502344e+13 0.000000000000000000e+00 2.072612846187888947e+24
2.277513996319613419e+06 4.740789495639770757e+04 3.060922520738247243e+01 1.894158613129950000e+13 0.000000000000000000e+00 2.378632360090115926e+24
2.381037359788686503e+06 4.725471935586989275e+04 3.193915878100302663e+01 1.878832738023503516e+13 0.000000000000000000e+00 2.712747449329031540e+24
2.484560723257760052e+06 4.709558049179476802e+04 3.326096644746657915e+01 1.862910212849827344e+13 0.000000000000000000e+00 3.076043131889444612e+24
2.588084086726833135e+06 4.692885234230135393e+04 3.457430949160373501e+01 1.846401696003044141e+13 0.000000000000000000e+00 3.469574165127109485e+24
2.691607450195906684e+06 4.675622297119045834e+04 3.587885076618394464e+01 1.829318189130737109e+13 0.000000000000000000e+00 3.894365045768732738e+24
2.795130813664979767e+06 4.657700202436537074e+04 3.717425469191546483e+01 1.811671037133947656e+13 0.000000000000000000e+00 4.351410009911962712e+24
2.898654177134053316e+06 4.639106893668485282e+04 3.846018725744539779e+01 1.793471928167176172e+13 0.000000000000000000e+00 4.841673033025406156e+24
3.002177540603126399e+06 4.619921704852041148e+04 3.973631601935964142e+01 1.774732893638383203e+13 0.000000000000000000e+00 5.366087829948607289e+24
3.105700904072199948e+06 4.600019061172788497e+04 4.100231010218293193e+01 1.755466308208987891e+13 0.000000000000000000e+00 5.925557854892067125e+24
3.209224267541273031e+06 4.579560318597053993e+04 4.225784019837880834e+01 1.735684889793867969e+13 0.000000000000000000e+00 6.520956301437228445e+24
3.312747631010346580e+06 4.558374882570814952e+04 4.350257856834967640e+01 1.715401699561361133e+13 0.000000000000000000e+00 7.153126102536490825e+24
3.416270994479420129e+06 4.536637359464148176e+04 4.473619904043670914e+01 1.694630141933264062e+13 0.000000000000000000e+00 7.822879930513194532e+24
3.519794357948493212e+06 4.514199202788660477e+04 4.595837701091992500e+01 1.673383964584832422e+13 0.000000000000000000e+00 8.531000197061625892e+24
3.623317721417566761e+06 4.491181434370513307e+04 4.716878944401817364e+01 1.651677258444780859e+13 0.000000000000000000e+00 9.278239053247034469e+24
3.726841084886639845e+06 4.467524636434629792e+04 4.836711487188912884e+01 1.629524457695283594e+13 0.000000000000000000e+00 1.006531838950559871e+25
3.830364448355713394e+06 4.443229557606679737e+04 4.955303339462926715e+01 1.606940339771973828e+13 0.000000000000000000e+00 1.089292983564446459e+25
3.933887811824786477e+06 4.418381070464108780e+04 5.072622436340171959e+01 1.583939802375158203e+13 0.000000000000000000e+00 1.176170632141478668e+25
4.037411175293860026e+06 4.392826735614496283e+04 5.188637073057455495e+01 1.560537721381431445e+13 0.000000000000000000e+00 1.267220170892056151e+25
4.140934538762933109e+06 4.366703332594592939e+04 5.303316664071110864e+01 1.536749672845425586e+13 0.000000000000000000e+00 1.362498658766203543e+25
4.244457902232006192e+06 4.340015717286517611e+04 5.416630709971636293e+01 1.512591423008695312e+13 0.000000000000000000e+00 1.462058732483133670e+25
4.347981265701079741e+06 4.312643796471062524e+04 5.528548761660953659e+01 1.488078904524404492e+13 0.000000000000000000e+00 1.565948310595860268e+25
4.451504629170153290e+06 4.284693717533025483e+04 5.639040420352406358e+01 1.463228216457327344e+13 0.000000000000000000e+00 1.674210593491197980e+25
4.555027992639226839e+06 4.256172621884862747e+04 5.748075337570761434e+01 1.438055624283848438e+13 0.000000000000000000e+00 1.786884063389761933e+25
4.658551356108299457e+06 4.227075732238158525e+04 5.855623215152206029e+01 1.412577559891961914e+13 0.000000000000000000e+00 1.904002484345968594e+25
4.762074719577373005e+06 4.197316752445377642e+04 5.961653805244355198e+01 1.386810621581271289e+13 0.000000000000000000e+00 2.025594902248037914e+25
4.865598083046446554e+06 4.166984897209901828e+04 6.066136910306241958e+01 1.360771574062991016e+13 0.000000000000000000e+00 2.151685644817987750e+25
4.969121446515520103e+06 4.136077920581435319e+04 6.169042383108324401e+01 1.334477348459945312e+13 0.000000000000000000e+00 2.282294321611637944e+25
5.072644809984593652e+06 4.104593792254192522e+04 6.270340126732482133e+01 1.307945042306567773e+13 0.000000000000000000e+00 2.417435824018611394e+25
5.176168173453666270e+06 4.072531108096380194e+04 6.370000094572016280e+01 1.281191919548902930e+13 0.000000000000000000e+00 2.557120325262327613e+25
5.279691536922739819e+06 4.039889276976713154e+04 6.467992290331655170e+01 1.254235410544603906e+13 0.000000000000000000e+00 2.701353280400013898e+25
5.383214900391813368e+06 4.006666321349877398e+04 6.564286768027544383e+01 1.227093112062934766e+13 0.000000000000000000e+00 2.850135426322693300e+25
5.486738263860886917e+06 3.972865245446456538e+04 6.658853631987257415e+01 1.199782787284769531e+13 0.000000000000000000e+00 3.003462781755191929e+25
5.590261627329959534e+06 3.938484507219635270e+04 6.751662618459749865e+01 1.172322278884041797e+13 0.000000000000000000e+00 3.161324953990116007e+25
5.693784990799033083e+06 3.903528640511904814e+04 6.842683644751939198e+01 1.144729243586505664e+13 0.000000000000000000e+00 3.323702515703098709e+25
5.797308354268106632e+06 3.867999747651017242e+04 6.931889829412595816e+01 1.117021644344262695e+13 0.000000000000000000e+00 3.490577894756796369e+25
5.900831717737180181e+06 3.831899518518356490e+04 7.019254157270185601e+01 1.089217503021670117e+13 0.000000000000000000e+00 3.661927862633089010e+25
6.004355081206252798e+06 3.795233156829986547e+04 7.104749190204590548e+01 1.061334863844955273e+13 0.000000000000000000e+00 3.837722673864643751e+25
6.107878444675326347e+06 3.758005771213700064e+04 7.188347067147101654e+01 1.033391793402214062e+13 0.000000000000000000e+00 4.017926066034923823e+25
6.211401808144399896e+06 3.720223544321415829e+04 7.270019504080416084e+01 1.005406380643413281e+13 0.000000000000000000e+00 4.202495259778175264e+25
6.314925171613473445e+06 3.681892291646104422e+04 7.349737794038642846e+01 9.773967368803892578e+12 0.000000000000000000e+00 4.391380958779436786e+25
6.418448535082546063e+06 3.642928277478263772e+04 7.427472807107299957e+01 9.493809957868480469e+12 0.000000000000000000e+00 4.584527349774534631e+25
6.521971898551619612e+06 3.603418091551458929e+04 7.503194990423318700e+01 9.213773133983648438e+12 0.000000000000000000e+00 4.781872102550091153e+25
6.625495262020693161e+06 3.563373525403937674e+04 7.576874368175035102e+01 8.934038681123855469e+12 0.000000000000000000e+00 4.983346369943511080e+25
6.729018625489766710e+06 3.522710673078436230e+04 7.648480541602199878e+01 8.654788606882250977e+12 0.000000000000000000e+00 5.188874787842990959e+25
6.832541988958840258e+06 3.481488317276308953e+04 7.717982688995968488e+01 8.376205142470685547e+12 0.000000000000000000e+00 5.398375475187519159e+25
6.936065352427912876e+06 3.439702194184203108e+04 7.785349565698909657e+01 8.098470742719710938e+12 0.000000000000000000e+00 5.611760033966868137e+25
7.039588715896986425e+06 3.397305600837574457e+04 7.850549504105001120e+01 7.821768086078566406e+12 0.000000000000000000e+00 5.828933549221609044e+25
7.143112079366059974e+06 3.354343379848609038e+04 7.913550413659631033e+01 7.546280074615196289e+12 0.000000000000000000e+00 6.049794589043097120e+25
7.246635442835133523e+06 3.310786497678367596e+04 7.974319665465803553e+01 7.272190153747826172e+12 0.000000000000000000e+00 6.274234738645660399e+25
7.350158806304206140e+06 3.266606071249657543e+04 8.032830547229112028e+01 6.999676953362059570e+12 0.000000000000000000e+00 6.502140417758621480e+25
7.453682169773279689e+06 3.221849069183769461e+04 8.089050624500062270e+01 6.728922000803129883e+12 0.000000000000000000e+00 6.733387166142244569e+25
7.557205533242353238e+06 1.824479179974210274e+04 8.050600098300670027e+01 6.551199534900194336e+12 0.000000000000000000e+00 6.888822815862422292e+25
7.660728896711426787e+06 1.807113667688545684e+04 7.990030860524458944e+01 6.400431160776344727e+12 0.000000000000000000e+00 7.025592175066629231e+25
7.764252260180499405e+06 1.789867856597890204e+04 7.932473428570975216e+01 6.252198624484458984e+12 0.000000000000000000e+00 7.164769543768216099e+25
7.867775623649572954e+06 1.772733455098720879e+04 7.877741479159325877e+01 6.106417092620196289e+12 0.000000000000000000e+00 7.306342827931142751e+25
7.971298987118646502e+06 1.755702917779887503e+04 7.825660820329471790e+01 5.963009208406034180e+12 0.000000000000000000e+00 7.450297411903726075e+25
8.074822350587720051e+06 1.738769041083067714e+04 7.776066739220905788e+01 5.821902041817567383e+12 0.000000000000000000e+00 7.596617482135494279e+25
8.178345714056792669e+06 1.721924859938252484e+04 7.728803994735940819e+01 5.683026908325450195e+12 0.000000000000000000e+00 7.745286145733471269e+25
8.281869077525866218e+06 1.705163691804813425e+04 7.683726817539699994e+01 5.546319368895388672e+12 0.000000000000000000e+00 7.896285430462185237e+25
8.385392440994939767e+06 1.688479430300673266e+04 7.640698910060123694e+01 5.411719229988155273e+12 0.000000000000000000e+00 8.049596284743656635e+25
8.488915804464012384e+06 1.671866172158174595e+04 7.599593446487966730e+01 5.279170543559577148e+12 0.000000000000000000e+00 8.205198577657406766e+25
8.592439167933085933e+06 1.655318416939982126e+04 7.560289154372706832e+01 5.148620877846245117e+12 0.000000000000000000e+00 8.363070277673080777e+25
8.695962531402159482e+06 1.638831029788209344e+04 7.522667803450289625e+01 5.020021749988986328e+12 0.000000000000000000e+00 8.523186265965739566e+25
8.799485894871233031e+06 1.622393034486033685e+04 7.486625900579964821e+01 4.893330071496041992e+12 0.000000000000000000e+00 8.685521200124843859e+25
8.903009258340306580e+06 1.605993596721653012e+04 7.452064393447875545e+01 4.768504996216946289e+12 0.000000000000000000e+00 8.850048190654106787e+25
9.006532621809380129e+06 1.589639660552213172e+04 7.418888193111968121e+01 4.645507806295381836e+12 0.000000000000000000e+00 9.016738718315532034e+25
9.110055985278453678e+06 1.573327046552644606e+04 7.387006174001990644e+01 4.524301912169173828e+12 0.000000000000000000e+00 9.185562634129413838e+25
9.213579348747527227e+06 1.557052077560998987e+04 7.356331173919498667e+01 4.404852852570296875e+12 0.000000000000000000e+00 9.356488159374326683e+25
9.317102712216598913e+06 1.540811012187404776e+04 7.326779994037848098e+01 4.287128294524875000e+12 0.000000000000000000e+00 9.529481885587137325e+25
9.420626075685672462e+06 1.524600454245532819e+04 7.298273398902195197e+01 4.171098033353168945e+12 0.000000000000000000e+00 9.704508774563006506e+25
9.524149439154746011e+06 1.508390488710504724e+04 7.270736116429507945e+01 4.056733992669594238e+12 0.000000000000000000e+00 9.881532158355371782e+25
9.627672802623819560e+06 1.492199622178926438e+04 7.244096837908550413e+01 3.944010224382709961e+12 0.000000000000000000e+00 1.006051373927596298e+26
9.731196166092893109e+06 1.476028842888947838e+04 7.218288217999892709e+01 3.832902908695222656e+12 0.000000000000000000e+00 1.024141358989479704e+26
9.834719529561966658e+06 1.459875818774455729e+04 7.193246874735909557e+01 3.723390354103983887e+12 0.000000000000000000e+00 1.042419015304017974e+26
9.938242893031040207e+06 1.443712459813601527e+04 7.168913389520776036e+01 3.615452997399992188e+12 0.000000000000000000e+00 1.060880024179870397e+26
1.004176625650011376e+07 1.427547992920629622e+04 7.145232307130474680e+01 3.509073403668392578e+12 0.000000000000000000e+00 1.079519903951524804e+26
1.014528961996918730e+07 1.411394256704231884e+04 7.122152135712788379e+01 3.404236266288477051e+12 0.000000000000000000e+00 1.098334009979298251e+26
1.024881298343825899e+07 1.395231327478322055e+04 7.099619944727834309e+01 3.300925702326554688e+12 0.000000000000000000e+00 1.117317413498489189e+26
1.035233634690733254e+07 1.379046282096236246e+04 7.077581632504335118e+01 3.199125235492336914e+12 0.000000000000000000e+00 1.136464972534620841e+26
1.045585971037640609e+07 1.362866438090023075e+04 7.055990487972962910e+01 3.098822177939129883e+12 0.000000000000000000e+00 1.155771492835572691e+26
1.055938307384547964e+07 1.346652875461582153e+04 7.034801172961851989e+01 3.000004727687423340e+12 0.000000000000000000e+00 1.175231549533737373e+26
1.066290643731455319e+07 1.330425351727461020e+04 7.013969684831995721e+01 2.902661950214264160e+12 0.000000000000000000e+00 1.194839486188158955e+26
1.076642980078362674e+07 1.314176516995998645e+04 6.993453356477239424e+01 2.806783778453256836e+12 0.000000000000000000e+00 1.214589414784533967e+26
1.086995316425270028e+07 1.297891022343986151e+04 6.973210856324288898e+01 2.712361012794562988e+12 0.000000000000000000e+00 1.234475215735209514e+26
1.097347652772177383e+07 1.281582910116806488e+04 6.953202188332704736e+01 2.619385321084903320e+12 0.000000000000000000e+00 1.254490537879185334e+26
1.107699989119084552e+07 1.265230898944986620e+04 6.933388691994908015e+01 2.527849238627556641e+12 0.000000000000000000e+00 1.274628798482112084e+26
1.118052325465991907e+07 1.248841309922700566e+04 6.913733042336171764e+01 2.437746168182353516e+12 0.000000000000000000e+00 1.294883183236292886e+26
1.128404661812899262e+07 1.232416077314897848e+04 6.894199249914628069e+01 2.349070379965688965e+12 0.000000000000000000e+00 1.315246646260681948e+26
1.138756998159806617e+07 1.215925243186593616e+04 6.874752660821266659e+01 2.261817011650513184e+12 0.000000000000000000e+00 1.335711910100885428e+26
1.149109334506713971e+07 1.199395655224621078e+04 6.855359956679932054e+01 2.175982068366333252e+12 0.000000000000000000e+00 1.356271465729161260e+26
1.159461670853621326e+07 1.182813084866445570e+04 6.835989154647329258e+01 2.091562422699215332e+12 0.000000000000000000e+00 1.376917572544418467e+26
1.169814007200528681e+07 1.166152535109935343e+04 6.816609607413015226e+01 2.008555814691781250e+12 0.000000000000000000e+00 1.397642258372218536e+26
1.180166343547436036e+07 1.149432602822925401e+04 6.797192003199408816e+01 1.926960851843212402e+12 0.000000000000000000e+00 1.418437319464774215e+26
1.190518679894343391e+07 1.132645738812346281e+04 6.777708365761780840e+01 1.846777009109246338e+12 0.000000000000000000e+00 1.439294320500949855e+26
1.200871016241250560e+07 1.115784267679687764e+04 6.758131492392806194e+01 1.768004369967471191e+12 0.000000000000000000e+00 1.460204518400070791e+26
1.211223352588157915e+07 1.098840602027198474e+04 6.738430844616675586e+01 1.690641633182757080e+12 0.000000000000000000e+00 1.481158427694026205e+26
1.221575688935065269e+07 1.081808326101830971e+04 6.718578347446300825e+01 1.614688881172561279e+12 0.000000000000000000e+00 1.502146665700254056e+26
1.231928025281972624e+07 1.064680852190697260e+04 6.698546815497510920e+01 1.540147175739510254e+12 0.000000000000000000e+00 1.523159515750048127e+26
1.242280361628879979e+07 1.047452887331556849e+04 6.678309174089135070e+01 1.467018222918861084e+12 0.000000000000000000e+00 1.544186801742767291e+26
1.252632697975787334e+07 1.030119126580128977e+04 6.657838459243014029e+01 1.395304372978499023e+12 0.000000000000000000e+00 1.565217888145836029e+26
1.262985034322694689e+07 1.012675410972477039e+04 6.637107817683998690e+01 1.325008620418938965e+12 0.000000000000000000e+00 1.586241679994744082e+26
1.273337370669602044e+07 9.951096619620569982e+03 6.616090506839944396e+01 1.256134603973325928e+12 0.000000000000000000e+00 1.607246622893045943e+26
1.283689707016509213e+07 9.774014339799179652e+03 6.594759894841713788e+01 1.188686606607433594e+12 0.000000000000000000e+00 1.628220703012361535e+26
1.294042043363416567e+07 9.595697959461816936e+03 6.573089460523176797e+01 1.122669555519663330e+12 0.000000000000000000e+00 1.649151447092376562e+26
1.304394379710323922e+07 9.415678866969303272e+03 6.551052793421214915e+01 1.058089022141047729e+12 0.000000000000000000e+00 1.670025922440841474e+26
1.314746716057231277e+07 9.234166477163744275e+03 6.528623593775711242e+01 9.949512221352487793e+11 0.000000000000000000e+00 1.690830736933571813e+26
1.325099052404138632e+07 9.050943477595566947e+03 6.505775672529563280e+01 9.332630153985566406e+11 0.000000000000000000e+00 1.711552039014448555e+26
1.335451388751045987e+07 8.865733537639094720e+03 6.482482951328668719e+01 8.730319060598914795e+11 0.000000000000000000e+00 1.732175517695417768e+26
1.345803725097953342e+07 8.678530488681466522e+03 6.458719447382000567e+01 8.142660470034512939e+11 0.000000000000000000e+00 1.752686397579630941e+26
1.356156061444860697e+07 8.489107896253761282e+03 6.434455854474661862e+01 7.569750934554008789e+11 0.000000000000000000e+00 1.773068368339891601e+26
1.366508397791768052e+07 8.297236539901903598e+03 6.409661875165978984e+01 7.011692586574062500e+11 0.000000000000000000e+00 1.793304425009908945e+26
1.376860734138675220e+07 8.102858324632159565e+03 6.384307470112921123e+01 6.468596574802229004e+11 0.000000000000000000e+00 1.813377042338064695e+26
1.387213070485582575e+07 7.905507249157059050e+03 6.358360588474217678e+01 5.940591417703101807e+11 0.000000000000000000e+00 1.833267377608609620e+26
1.397565406832489930e+07 7.705057479415494527e+03 6.331787167910354697e+01 5.427823003498377075e+11 0.000000000000000000e+00 1.852955270641662510e+26
1.407917743179397285e+07 7.501149089957503747e+03 6.304551134583579142e+01 4.930454590166818237e+11 0.000000000000000000e+00 1.872419243793210861e+26
1.418270079526304640e+07 7.293386452018967248e+03 6.276614403157893207e+01 4.448666805444256592e+11 0.000000000000000000e+00 1.891636501955110876e+26
1.428622415873211995e+07 7.081328067130401905e+03 6.247936876799060713e+01 3.982657646823594971e+11 0.000000000000000000e+00 1.910582932555087119e+26
1.438974752220119350e+07 6.864350743701294050e+03 6.218474892696343659e+01 3.532651389435528564e+11 0.000000000000000000e+00 1.929232437785482652e+26
1.449327088567026705e+07 6.641906195020878840e+03 6.188179864335869951e+01 3.098904220688953247e+11 0.000000000000000000e+00 1.947556459099975688e+26
1.459679424913933873e+07 6.413123315888633442e+03 6.156997934954534912e+01 2.681711324125108643e+11 0.000000000000000000e+00 1.965523809899302970e+26
1.470031761260841228e+07 6.177014023568439370e+03 6.124866390682441164e+01 2.281431232739979553e+11 0.000000000000000000e+00 1.983099057844679641e+26
1.480384097607748583e+07 5.932285828781074997e+03 6.091713606613402021e+01 1.898486166720126648e+11 0.000000000000000000e+00 2.000242500954441887e+26
1.490736433954655938e+07 5.677196754656225494e+03 6.057459027306970967e+01 1.533362160855569458e+11 0.000000000000000000e+00 2.016910160046255862e+26
1.501088770301563293e+07 5.409428072502754731e+03 6.022006102363335600e+01 1.186655247444783020e+11 0.000000000000000000e+00 2.033051024328385852e+26
1.511441106648470648e+07 5.125618777468364897e+03 5.985232342219060797e+01 8.591396498215484619e+10 0.000000000000000000e+00 2.048603026511869141e+26
1.521793442995378003e+07 4.820696116242552307e+03 5.946981495724719480e+01 5.518243882932625580e+10 0.000000000000000000e+00 2.063489835840032219e+26
1.532145779342285357e+07 4.486212593927035414e+03 5.907046645058520085e+01 2.660677624194293976e+10 0.000000000000000000e+00 2.077614258739497342e+26
1.542498115689192712e+07 4.106296230746191213e+03 5.865115661948144066e+01 3.953449350520801544e+08 0.000000000000000000e+00 2.090837111275116111e+26
