# Radius (m)	Density (kg/m^3)	Gravity (m/s^2)	Pressure (Pa)	Temperature (K)	Mass Enclosed (kg)
0.000000000000000000e+00 5.419708312121394556e+04 0.000000000000000000e+00 2.648723866672122656e+13 0.000000000000000000e+00 0.000000000000000000e+00
1.072323587405516155e+05 5.419310960540879751e+04 1.624813479103047964e+00 2.648251699901819922e+13 0.000000000000000000e+00 2.799296349726321213e+20
2.144647174811032310e+05 5.418119185146044765e+04 3.249197652784544310e+00 2.646835531534309766e+13 0.000000000000000000e+00 2.239144926450193007e+21
3.216970762216548319e+05 5.416133825484725821e+04 4.872725699412478129e+00 2.644476359191368359e+13 0.000000000000000000e+00 7.555448661254732775e+21
4.289294349622064619e+05 5.413356280340326339e+04 6.494965955693622561e+00 2.641175845025796484e+13 0.000000000000000000e+00 1.790333887900822589e+22
5.361617937027580338e+05 5.409788493484439095e+04 8.115496311323237677e+00 2.636936298791475781e+13 0.000000000000000000e+00 3.495405772565793840e+22
6.433941524433096638e+05 5.405432970021406072e+04 9.733889440171481056e+00 2.631760697265355859e+13 0.000000000000000000e+00 6.037209917811611769e+22
7.506265111838612938e+05 5.400244474945520051e+04 1.134970713280190324e+01 2.625652699983493359e+13 0.000000000000000000e+00 9.581376452164934068e+22
8.578588699244129239e+05 5.394249635437823599e+04 1.296250059200610494e+01 2.618616648729048438e+13 0.000000000000000000e+00 1.429271014055449188e+23
9.650912286649645539e+05 5.387468300381426525e+04 1.457185289208989687e+01 2.610657499702769141e+13 0.000000000000000000e+00 2.033458818675175976e+23
1.072323587405516068e+06 5.379905262315904838e+04 1.617734744552512893e+01 2.601780877834908594e+13 0.000000000000000000e+00 2.786996411859438844e+23
1.179555946146067698e+06 5.371565882224336383e+04 1.777854805346072808e+01 2.591993075229143750e+13 0.000000000000000000e+00 3.706062609719824461e+23
1.286788304886619328e+06 5.362456048723804997e+04 1.937502283851682705e+01 2.581301003265095312e+13 0.000000000000000000e+00 4.806646503420427502e+23
1.394020663627170958e+06 5.352574927885649959e+04 2.096634424478477854e+01 2.569712192598328125e+13 0.000000000000000000e+00 6.104547459177854838e+23
1.501253022367722588e+06 5.341811670287506422e+04 2.255208903782715879e+01 2.557234793160348438e+13 0.000000000000000000e+00 7.615375118261226884e+23
1.608485381108274218e+06 5.330289462504934636e+04 2.413183830467774271e+01 2.543877574158607422e+13 0.000000000000000000e+00 9.354549396992164847e+23
1.715717739848825848e+06 5.318016403233957681e+04 2.570517745384153230e+01 2.529649924076498438e+13 0.000000000000000000e+00 1.133730048674481220e+24
1.822950098589377478e+06 5.305001125370577211e+04 2.727169621529474242e+01 2.514561850673358594e+13 0.000000000000000000e+00 1.357866885394580917e+24
1.930182457329929108e+06 5.291109733589591633e+04 2.883098864048480436e+01 2.498623980984468359e+13 0.000000000000000000e+00 1.609350524007432497e+24
2.037414816070480738e+06 5.276460619497753214e+04 3.038203076435182126e+01 2.481851613335323828e+13 0.000000000000000000e+00 1.889533667055980889e+24
2.144647174811032135e+06 5.261094097103126114e+04 3.192424775187175001e+01 2.464257855687203125e+13 0.000000000000000000e+00 2.199815747972550936e+24
2.251879533551583998e+06 5.244920677308464656e+04 3.345787967043846578e+01 2.445850988820139062e+13 0.000000000000000000e+00 2.541709510413788599e+24
2.359111892292135395e+06 5.227932212425250327e+04 3.498305675771533885e+01 2.426640369170363281e+13 0.000000000000000000e+00 2.916677874646013285e+24
2.466344251032687258e+06 5.210242193392309127e+04 3.649979932351237721e+01 2.406636429463314453e+13 0.000000000000000000e+00 3.326133920055667020e+24
2.573576609773238655e+06 5.194670871280766733e+04 3.800801774978620529e+01 2.385850678713637500e+13 0.000000000000000000e+00 3.771440885149308281e+24
2.680808968513790518e+06 5.180274886438471731e+04 3.950751249064011006e+01 2.364295702225185156e+13 0.000000000000000000e+00 4.253912167553618703e+24
2.788041327254341915e+06 5.164838793977808382e+04 4.099797407232396296e+01 2.341985161591017188e+13 0.000000000000000000e+00 4.774811324015395566e+24
2.895273685994893778e+06 5.143942255658062641e+04 4.247898309323429800e+01 2.318933794693400781e+13 0.000000000000000000e+00 5.335352070401561454e+24
3.002506044735445175e+06 5.122388478961544024e+04 4.395001022391425494e+01 2.295157415703810156e+13 0.000000000000000000e+00 5.936698281699150303e+24
3.109738403475997038e+06 5.099995287892715714e+04 4.541041620705362192e+01 2.270672915082925391e+13 0.000000000000000000e+00 6.579963992015325647e+24
3.216970762216548435e+06 5.076927762051639729e+04 4.685945185748879283e+01 2.245498259580635938e+13 0.000000000000000000e+00 7.266213394577359150e+24
3.324203120957100298e+06 5.053055819346524368e+04 4.829625806220283124e+01 2.219652492236035938e+13 0.000000000000000000e+00 7.996460841732655297e+24
3.431435479697651695e+06 5.028513560431644146e+04 4.971986578032537096e+01 2.193155732377428906e+13 0.000000000000000000e+00 8.771670844948724553e+24
3.538667838438203093e+06 5.003169878506733221e+04 5.112919604313272259e+01 2.166029175622324219e+13 0.000000000000000000e+00 9.592758074813204838e+24
3.645900197178754956e+06 4.977202086606796365e+04 5.252344811579108352e+01 2.138293836206799609e+13 0.000000000000000000e+00 1.046060573276026262e+25
3.753132555919306353e+06 4.950395016978889180e+04 5.390314380743404854e+01 2.109966868429857812e+13 0.000000000000000000e+00 1.137613549819788971e+25
3.860364914659858216e+06 4.922958320893361815e+04 5.526803903951885388e+01 2.081068007438556250e+13 0.000000000000000000e+00 1.234020639420139738e+25
3.967597273400409613e+06 4.894780401835941302e+04 5.661779035244229163e+01 2.051617550630056641e+13 0.000000000000000000e+00 1.335361906490634507e+25
4.074829632140961476e+06 4.865884362020545814e+04 5.795205440253441509e+01 2.021636044194188281e+13 0.000000000000000000e+00 1.441711940877379908e+25
4.182061990881512873e+06 4.836347831060810131e+04 5.927048796205848191e+01 1.991144283113450000e+13 0.000000000000000000e+00 1.553139857859030469e+25
4.289294349622064270e+06 4.806052793140058930e+04 6.057274791921096835e+01 1.960163311163008203e+13 0.000000000000000000e+00 1.669709298146790544e+25
4.396526708362616599e+06 4.775073643107059615e+04 6.185849127812160475e+01 1.928714420910697266e+13 0.000000000000000000e+00 1.791478427884415176e+25
4.503759067103167996e+06 4.743448592750524404e+04 6.312737515885329742e+01 1.896819153717020703e+13 0.000000000000000000e+00 1.918499938648204726e+25
4.610991425843719393e+06 4.711146273905696580e+04 6.437905679740222809e+01 1.864499299735150000e+13 0.000000000000000000e+00 2.050821047447012388e+25
4.718223784584270790e+06 4.678106830029303092e+04 6.561319354569778284e+01 1.831776897910924609e+13 0.000000000000000000e+00 2.188483496722239040e+25
4.825456143324823119e+06 4.644421885501324141e+04 6.682944287160258057e+01 1.798674235982852734e+13 0.000000000000000000e+00 2.331523554347837105e+25
4.932688502065374516e+06 4.610088404353569786e+04 6.802746235891243032e+01 1.765213850482110938e+13 0.000000000000000000e+00 2.479972013630303034e+25
5.039920860805925913e+06 4.575104177296582202e+04 6.920690970735640235e+01 1.731418526732543359e+13 0.000000000000000000e+00 2.633854193308687190e+25
5.147153219546477310e+06 4.539468937964016368e+04 7.036744273259679971e+01 1.697311298850663672e+13 0.000000000000000000e+00 2.793189937554587830e+25
5.254385578287028708e+06 4.503143369183484174e+04 7.150871928448802350e+01 1.662915448614137305e+13 0.000000000000000000e+00 2.957993595852034069e+25
5.361617937027581036e+06 4.466168076214329631e+04 7.263037984991500196e+01 1.628254141723255273e+13 0.000000000000000000e+00 3.128268333030898111e+25
5.468850295768132433e+06 4.428554930657599471e+04 7.373209638621825945e+01 1.593350723789014062e+13 0.000000000000000000e+00 3.304014134329988532e+25
5.576082654508683830e+06 4.390305514818692609e+04 7.481356446711710362e+01 1.558228844487796680e+13 0.000000000000000000e+00 3.485229085180456043e+25
5.683315013249235228e+06 4.351423968257226807e+04 7.587447709046175248e+01 1.522912177833697656e+13 0.000000000000000000e+00 3.671903943101375756e+25
5.790547371989787556e+06 4.311912968304302194e+04 7.691452467823329187e+01 1.487424422178524219e+13 0.000000000000000000e+00 3.864022137699749765e+25
5.897779730730338953e+06 4.271775985253228282e+04 7.793339507654364695e+01 1.451789300211796484e+13 0.000000000000000000e+00 4.061559770670499845e+25
6.005012089470890351e+06 4.231019184586389747e+04 7.893077355563563913e+01 1.416030558960746094e+13 0.000000000000000000e+00 4.264485615796477326e+25
6.112244448211441748e+06 4.189646660289422289e+04 7.990634280988298599e+01 1.380171969790317188e+13 0.000000000000000000e+00 4.472761118948457944e+25
6.219476806951994076e+06 4.147608316850369010e+04 8.085978295779025871e+01 1.344237328403166016e+13 0.000000000000000000e+00 4.686340398085143556e+25
6.326709165692545474e+06 4.104958721503560082e+04 8.179077154199288202e+01 1.308250454839661719e+13 0.000000000000000000e+00 4.905170243253156129e+25
6.433941524433096871e+06 4.061707011494625476e+04 8.269898352925717688e+01 1.272235193477884961e+13 0.000000000000000000e+00 5.129190116587047186e+25
6.541173883173648268e+06 4.017861745980997512e+04 8.358409131048034624e+01 1.236215413033629297e+13 0.000000000000000000e+00 5.358332152309294374e+25
6.648406241914200597e+06 3.973405804299547162e+04 8.444576470069046081e+01 1.200215006560399609e+13 0.000000000000000000e+00 5.592521156730296306e+25
6.755638600654751994e+06 3.928282831400595751e+04 8.528367093904647334e+01 1.164257891449414062e+13 0.000000000000000000e+00 5.831674608248379437e+25
6.862870959395303391e+06 3.882592809266818222e+04 8.609747468883816168e+01 1.128368009429602930e+13 0.000000000000000000e+00 6.075702657349792905e+25
6.970103318135854788e+06 3.836288568633467366e+04 8.688683803748625678e+01 1.092569326567608398e+13 0.000000000000000000e+00 6.324508126608712833e+25
7.077335676876406185e+06 3.789339084363088477e+04 8.765145633777369483e+01 1.056885535000060742e+13 0.000000000000000000e+00 6.577987543762168478e+25
7.184568035616958514e+06 3.741825011715939036e+04 8.839105038183089391e+01 1.021339986115065430e+13 0.000000000000000000e+00 6.836029541755182544e+25
7.291800394357509911e+06 3.693632256818158203e+04 8.910528591785174513e+01 9.859563088560466797e+12 0.000000000000000000e+00 7.098512048230529352e+25
7.399032753098061308e+06 3.644861465882668563e+04 8.979382765354436913e+01 9.507580134145869141e+12 0.000000000000000000e+00 7.365304416058464155e+25
7.506265111838612705e+06 3.595451347557608096e+04 9.045634007472099825e+01 9.157684848953494141e+12 0.000000000000000000e+00 7.636267451999257825e+25
7.613497470579165034e+06 3.545389808343203913e+04 9.109248744529797648e+01 8.810109833160783203e+12 0.000000000000000000e+00 7.911253416703201151e+25
7.720729829319716431e+06 2.034891508425125721e+04 9.146456634341937786e+01 8.491133171082095703e+12 0.000000000000000000e+00 8.168906176869442179e+25
7.827962188060267828e+06 2.014377291671159765e+04 9.077198050786081751e+01 8.293304541300053711e+12 0.000000000000000000e+00 8.333809452529474421e+25
7.935194546800819226e+06 1.994037549915692216e+04 9.011359268631061070e+01 8.098923981087129883e+12 0.000000000000000000e+00 8.501582587751414440e+25
8.042426905541371554e+06 1.973860971298270306e+04 8.948725986109391783e+01 7.907873589486026367e+12 0.000000000000000000e+00 8.672210188653971729e+25
8.149659264281922951e+06 1.953837282683746162e+04 8.889097166930424976e+01 7.720046141571294922e+12 0.000000000000000000e+00 8.845673627110625074e+25
8.256891623022474349e+06 1.933956738859569305e+04 8.832285891782170495e+01 7.535339887369164062e+12 0.000000000000000000e+00 9.021954208528303337e+25
8.364123981763025746e+06 1.914210107730954769e+04 8.778115097224979024e+01 7.353659891919162109e+12 0.000000000000000000e+00 9.201030848479475159e+25
8.471356340503577143e+06 1.894588651049449254e+04 8.726417575691536399e+01 7.174918035274117188e+12 0.000000000000000000e+00 9.382880072702155827e+25
8.578588699244128540e+06 1.875084461311794439e+04 8.677035975486863606e+01 6.999033012500154297e+12 0.000000000000000000e+00 9.567476017099908998e+25
8.685821057984679937e+06 1.855690065786303603e+04 8.629822657313246737e+01 6.825930174064292969e+12 0.000000000000000000e+00 9.754790498484684238e+25
8.793053416725233197e+06 1.836397804244315194e+04 8.584633675214293191e+01 6.655533093418916016e+12 0.000000000000000000e+00 9.944797337955512390e+25
8.900285775465784594e+06 1.817200817319592170e+04 8.541341690901130335e+01 6.487775216989220703e+12 0.000000000000000000e+00 1.013746786271864245e+26
9.007518134206335992e+06 1.798093277018878143e+04 8.499829767791975144e+01 6.322598294024106445e+12 0.000000000000000000e+00 1.033276943912895126e+26
9.114750492946887389e+06 1.779062389434389115e+04 8.459985353137635400e+01 6.159946752834161133e+12 0.000000000000000000e+00 1.053066756432179551e+26
9.221982851687438786e+06 1.760093063167249784e+04 8.421700278021509689e+01 5.999767700791659180e+12 0.000000000000000000e+00 1.073112586621301695e+26
9.329215210427990183e+06 1.741195212696425369e+04 8.384870757359590243e+01 5.842010924330560547e+12 0.000000000000000000e+00 1.093410610349893892e+26
9.436447569168541580e+06 1.722363919366584742e+04 8.349397389900452993e+01 5.686628888946510742e+12 0.000000000000000000e+00 1.113956816565637152e+26
9.543679927909092978e+06 1.703594351619377994e+04 8.315185158225271778e+01 5.533576739196843750e+12 0.000000000000000000e+00 1.134747007294260642e+26
9.650912286649646237e+06 1.684882267782536655e+04 8.282143428747806979e+01 5.382812298700572266e+12 0.000000000000000000e+00 1.155776797639542207e+26
9.758144645390197635e+06 1.666205180237261811e+04 8.250185951714411203e+01 5.234296070138408203e+12 0.000000000000000000e+00 1.177041615783307335e+26
9.865377004130749032e+06 1.647559478653335100e+04 8.219230861204026439e+01 5.087991235252737305e+12 0.000000000000000000e+00 1.198536702985430534e+26
9.972609362871300429e+06 1.628957847965924520e+04 8.189200675128186901e+01 4.943863654847636719e+12 0.000000000000000000e+00 1.220257113583834470e+26
1.007984172161185183e+07 1.610397037687550619e+04 8.160022295231016187e+01 4.801881868788867188e+12 0.000000000000000000e+00 1.242197714994490485e+26
1.018707408035240322e+07 1.591852338522736318e+04 8.131627007089230119e+01 4.662017096003878906e+12 0.000000000000000000e+00 1.264353187711417738e+26
1.029430643909295462e+07 1.573319096738667940e+04 8.103950480112133903e+01 4.524243234481803711e+12 0.000000000000000000e+00 1.286718025306684405e+26
1.040153879783350602e+07 1.554817408392024117e+04 8.076932767541623548e+01 4.388536861273462402e+12 0.000000000000000000e+00 1.309286534430406824e+26
1.050877115657405742e+07 1.536328717617686925e+04 8.050518306452184447e+01 4.254877232491361328e+12 0.000000000000000000e+00 1.332052834810749147e+26
1.061600351531461067e+07 1.517831329402279152e+04 8.024655917750895640e+01 4.123246283309690430e+12 0.000000000000000000e+00 1.355010859253925061e+26
1.072323587405516207e+07 1.499359346632355664e+04 7.999296111017953592e+01 3.993627341823427734e+12 0.000000000000000000e+00 1.378154251694890139e+26
1.083046823279571347e+07 1.480871481633753865e+04 7.974377471476871904e+01 3.865998430485159668e+12 0.000000000000000000e+00 1.401475919899224692e+26
1.093770059153626487e+07 1.462384191660661236e+04 7.949849508611731608e+01 3.740342955461573730e+12 0.000000000000000000e+00 1.424968943956017703e+26
1.104493295027681626e+07 1.443893046751000657e+04 7.925665321104987981e+01 3.616646403071166016e+12 0.000000000000000000e+00 1.448626209238135713e+26
1.115216530901736766e+07 1.425378217184937967e+04 7.901779339157143056e+01 3.494895279966448242e+12 0.000000000000000000e+00 1.472440314075915163e+26
1.125939766775791906e+07 1.406857555209986640e+04 7.878147324486755565e+01 3.375077113133948242e+12 0.000000000000000000e+00 1.496403569757163936e+26
1.136663002649847046e+07 1.388305052726958638e+04 7.854726370330439522e+01 3.257180449894209961e+12 0.000000000000000000e+00 1.520508000527160327e+26
1.147386238523902372e+07 1.369730190086789844e+04 7.831474901442858538e+01 3.141194857901793457e+12 0.000000000000000000e+00 1.544745343588653730e+26
1.158109474397957511e+07 1.351132087449474420e+04 7.808352674096734347e+01 3.027110925145279297e+12 0.000000000000000000e+00 1.569107049101863435e+26
1.168832710272012651e+07 1.332480687903797661e+04 7.785320776082839700e+01 2.914920259947257812e+12 0.000000000000000000e+00 1.593584280184480520e+26
1.179555946146067791e+07 1.313804466223091003e+04 7.762341626709999787e+01 2.804615490964339355e+12 0.000000000000000000e+00 1.618167912911666130e+26
1.190279182020122930e+07 1.295083983583700319e+04 7.739378976805097921e+01 2.696190267187149414e+12 0.000000000000000000e+00 1.642848536316052682e+26
1.201002417894178070e+07 1.276297852428431361e+04 7.716397908713065590e+01 2.589639257940331055e+12 0.000000000000000000e+00 1.667616452387742833e+26
1.211725653768233210e+07 1.257464064293227057e+04 7.693364836296890985e+01 2.484958152882541992e+12 0.000000000000000000e+00 1.692461676074310854e+26
1.222448889642288350e+07 1.238573671714550437e+04 7.670247504937616156e+01 2.382143662006456055e+12 0.000000000000000000e+00 1.717373935280800570e+26
1.233172125516343489e+07 1.219618536792754458e+04 7.647014991534335593e+01 2.281193515638765137e+12 0.000000000000000000e+00 1.742342670869727763e+26
1.243895361390398815e+07 1.200590858270164244e+04 7.623637704504199064e+01 2.182106464440175049e+12 0.000000000000000000e+00 1.767357036661078457e+26
1.254618597264453955e+07 1.181483494835538113e+04 7.600086380011101994e+01 2.084882043013431152e+12 0.000000000000000000e+00 1.792405724504731682e+26
1.265341833138509095e+07 1.162289297050626556e+04 7.576327644875112810e+01 1.989518984172569336e+12 0.000000000000000000e+00 1.817476368796925245e+26
1.276065069012564234e+07 1.143001851112830991e+04 7.552331783798554454e+01 1.896016869064911377e+12 0.000000000000000000e+00 1.842556949457859682e+26
1.286788304886619374e+07 1.123615744852667922e+04 7.528069800044295334e+01 1.804376245572843506e+12 0.000000000000000000e+00 1.867635005221524352e+26
1.297511540760674514e+07 1.104125754570170102e+04 7.503512689775374156e+01 1.714598511666422119e+12 0.000000000000000000e+00 1.892697489010951687e+26
1.308234776634729654e+07 1.084528016440835199e+04 7.478631442055004186e+01 1.626685915403375000e+12 0.000000000000000000e+00 1.917730767938215480e+26
1.318958012508784793e+07 1.064796199740358861e+04 7.453397038846568989e+01 1.540641554929101074e+12 0.000000000000000000e+00 1.942720623304432943e+26
1.329681248382840119e+07 1.044931808677600566e+04 7.427780455013622429e+01 1.456469378476667725e+12 0.000000000000000000e+00 1.967652250599763679e+26
1.340404484256895259e+07 1.024928248644031919e+04 7.401752658319894351e+01 1.374174184366819336e+12 0.000000000000000000e+00 1.992510259503407960e+26
1.351127720130950399e+07 1.004765878381313087e+04 7.375284609429282057e+01 1.293761621007964844e+12 0.000000000000000000e+00 2.017278673883610510e+26
1.361850956005005538e+07 9.844307297914492665e+03 7.348347261905855987e+01 1.215238186896187500e+12 0.000000000000000000e+00 2.041940931797657066e+26
1.372574191879060678e+07 9.639183244952913810e+03 7.320911562213859725e+01 1.138611230615240723e+12 0.000000000000000000e+00 2.066479885491876789e+26
1.383297427753115818e+07 9.432082704525862937e+03 7.292948449717707149e+01 1.063888950836547974e+12 0.000000000000000000e+00 2.090877801401640195e+26
1.394020663627170958e+07 9.222816490393059212e+03 7.264428856628536835e+01 9.910803963378811035e+11 0.000000000000000000e+00 2.115116360131510913e+26
1.404743899501226097e+07 9.011221616759110475e+03 7.235320822233295246e+01 9.201962485682681885e+11 0.000000000000000000e+00 2.139175638926915727e+26
1.415467135375281237e+07 8.797158102789184341e+03 7.205590853362122061e+01 8.512478741219289551e+11 0.000000000000000000e+00 2.163034723063249060e+26
1.426190371249336563e+07 8.580117069258369156e+03 7.175205685186728033e+01 7.842477259972440186e+11 0.000000000000000000e+00 2.186672103528439438e+26
1.436913607123391703e+07 8.360097086033074447e+03 7.144129624021503844e+01 7.192105425361707764e+11 0.000000000000000000e+00 2.210064623582292064e+26
1.447636842997446842e+07 8.136669852926556814e+03 7.112324547323517265e+01 6.561533474242360840e+11 0.000000000000000000e+00 2.233187478756492598e+26
1.458360078871501982e+07 7.909460946733163837e+03 7.079749903692510316e+01 5.950954496905408936e+11 0.000000000000000000e+00 2.256014216854605780e+26
1.469083314745557122e+07 7.678116365068124651e+03 7.046362712870910627e+01 5.360584437077591553e+11 0.000000000000000000e+00 2.278516737952074745e+26
1.479806550619612262e+07 7.442011160202601786e+03 7.012117565743814396e+01 4.790662091921376953e+11 0.000000000000000000e+00 2.300665294396221711e+26
1.490529786493667401e+07 7.200523448384268704e+03 6.976964926656999921e+01 4.241459422867253418e+11 0.000000000000000000e+00 2.322427705557560385e+26
1.501253022367722541e+07 6.953027746130576816e+03 6.940849433678577896e+01 3.713289823039647217e+11 0.000000000000000000e+00 2.343768696007202250e+26
1.511976258241777867e+07 6.698424005431874320e+03 6.903709112751651844e+01 3.206521041749262695e+11 0.000000000000000000e+00 2.364649528248344057e+26
1.522699494115833007e+07 6.435684022517474659e+03 6.865471734688200911e+01 2.721602338293769226e+11 0.000000000000000000e+00 2.385026241385023262e+26
1.533422729989888147e+07 6.163252421440615763e+03 6.826054769226865915e+01 2.259064791308923950e+11 0.000000000000000000e+00 2.404849629228409189e+26
1.544145965863943286e+07 5.879129076431255271e+03 6.785364715955924453e+01 1.819526157071923523e+11 0.000000000000000000e+00 2.424064963394345056e+26
1.554869201737998426e+07 5.580425053209282851e+03 6.743286002409455193e+01 1.403772197907776794e+11 0.000000000000000000e+00 2.442607345827144072e+26
1.565592437612053566e+07 5.263183391749330440e+03 6.699673117928175259e+01 1.012819813671040344e+11 0.000000000000000000e+00 2.460398191389159491e+26
1.576315673486108705e+07 4.921108834561771801e+03 6.654338697099733224e+01 6.480097581349703979e+10 0.000000000000000000e+00 2.477340150895877889e+26
1.587038909360163845e+07 4.543426528054196751e+03 6.607024761359561182e+01 3.112258942595845795e+10 0.000000000000000000e+00 2.493305192009949048e+26
1.597762145234218985e+07 4.108688561226994352e+03 6.557337113966208619e+01 5.402860710971584320e+08 0.000000000000000000e+00 2.508107348287434051e+26
