# Radius (m)	Density (kg/m^3)	Gravity (m/s^2)	Pressure (Pa)	Temperature (K)	Mass Enclosed (kg)
0.000000000000000000e+00 5.344812223582768638e+04 0.000000000000000000e+00 2.560713210512952344e+13 0.000000000000000000e+00 0.000000000000000000e+00
1.067249597666935006e+05 5.344419842195790261e+04 1.594777749790877719e+00 2.560258338997269531e+13 0.000000000000000000e+00 2.721609880881190666e+20
2.134499195333870011e+05 5.343242974239717296e+04 3.189133557603530900e+00 2.558894044643092969e+13 0.000000000000000000e+00 2.177003037716686307e+21
3.201748793000804726e+05 5.341282449852723221e+04 4.782647983774176659e+00 2.556621289795282812e+13 0.000000000000000000e+00 7.345765870280299774e+21
4.268998390667740023e+05 5.338539646253250248e+04 6.374898671923359572e+00 2.553441671006221875e+13 0.000000000000000000e+00 1.740650227112479818e+22
5.336247988334675319e+05 5.335016496248570911e+04 7.965467104079515082e+00 2.549357428899455078e+13 0.000000000000000000e+00 3.398397831650551949e+22
6.403497586001609452e+05 5.330715475931511901e+04 9.553935592744764449e+00 2.544371433907004688e+13 0.000000000000000000e+00 5.869650662048161124e+22
7.470747183668544749e+05 5.325639600040684309e+04 1.113988809631329602e+01 2.538487180890668359e+13 0.000000000000000000e+00 9.315459178720265241e+22
8.537996781335480046e+05 5.319792421928663680e+04 1.272291022424782625e+01 2.531708789105148438e+13 0.000000000000000000e+00 1.389609041885811893e+23
9.605246379002415342e+05 5.313178027451223170e+04 1.430258952541473327e+01 2.524040995114076953e+13 0.000000000000000000e+00 1.977042272535231259e+23
1.067249597666935064e+06 5.305801049809326651e+04 1.587850992637102543e+01 2.515489169995734375e+13 0.000000000000000000e+00 2.709688502258798135e+23
1.173974557433628477e+06 5.297603804650227539e+04 1.745025315088479090e+01 2.506059307563659375e+13 0.000000000000000000e+00 3.603285614959150414e+23
1.280699517200321890e+06 5.288606574398496741e+04 1.901740072385894820e+01 2.495758012027289453e+13 0.000000000000000000e+00 4.673386098082631825e+23
1.387424476967015537e+06 5.278854529104764515e+04 2.057953397133125151e+01 2.484592497991958594e+13 0.000000000000000000e+00 5.935357042619295791e+23
1.494149436733708950e+06 5.268354503184910573e+04 2.213623402047429778e+01 2.472570590458899609e+13 0.000000000000000000e+00 7.404380143102894014e+23
1.600874396500402596e+06 5.257113864179259690e+04 2.368708179959549653e+01 2.459700724825241797e+13 0.000000000000000000e+00 9.095451697610891251e+23
1.707599356267096009e+06 5.245045330295291205e+04 2.523165803813711960e+01 2.445991946884013672e+13 0.000000000000000000e+00 1.102338260776444987e+24
1.814324316033789422e+06 5.232188957851311716e+04 2.676954326667623718e+01 2.431453912824139844e+13 0.000000000000000000e+00 1.320279837872844662e+24
1.921049275800483068e+06 5.218608140755348722e+04 2.830036437744294275e+01 2.416096674041398438e+13 0.000000000000000000e+00 1.564816831880439160e+24
2.027774235567176482e+06 5.204303205073860590e+04 2.982587019417004370e+01 2.399920599252964844e+13 0.000000000000000000e+00 1.837517366194191798e+24
2.134499195333870128e+06 5.192722033189159993e+04 3.134620991985028837e+01 2.382932701256410156e+13 0.000000000000000000e+00 2.139843047664427253e+24
2.241224155100563541e+06 5.180843264008370897e+04 3.286018929684932743e+01 2.365146728764178516e+13 0.000000000000000000e+00 2.473138606038405574e+24
2.347949114867256954e+06 5.168440890919565572e+04 3.436671278510979732e+01 2.346576768927542969e+13 0.000000000000000000e+00 2.838717711395398579e+24
2.454674074633950368e+06 5.151469506302920490e+04 3.586478356215131669e+01 2.327237247336605859e+13 0.000000000000000000e+00 3.237862974146683685e+24
2.561399034400643781e+06 5.133253592449853750e+04 3.735350352307044375e+01 2.307142928020298438e+13 0.000000000000000000e+00 3.671825945035548465e+24
2.668123994167337660e+06 5.114322546363729634e+04 3.883207328054074736e+01 2.286308913446381250e+13 0.000000000000000000e+00 4.141827115137291191e+24
2.774848953934031073e+06 5.094568713963933260e+04 4.029979216481273596e+01 2.264750644521444922e+13 0.000000000000000000e+00 4.649055915859210630e+24
2.881573913700724486e+06 5.074165706225950271e+04 4.175605822371389309e+01 2.242483900590907812e+13 0.000000000000000000e+00 5.194670718940621079e+24
2.988298873467417900e+06 5.052937545651827531e+04 4.320036822264869159e+01 2.219524799439018359e+13 0.000000000000000000e+00 5.779798836452844309e+24
3.095023833234111313e+06 5.031045950403261668e+04 4.463231764459855810e+01 2.195889797288853906e+13 0.000000000000000000e+00 6.405536520799207956e+24
3.201748793000805192e+06 5.008381642952836410e+04 4.605160069012190149e+01 2.171595688802320703e+13 0.000000000000000000e+00 7.072948964715052499e+24
3.308473752767498605e+06 4.985034714643799816e+04 4.745801027735409150e+01 2.146659607080154688e+13 0.000000000000000000e+00 7.783070301267721063e+24
3.415198712534192018e+06 4.960931199887550611e+04 4.885143804200745876e+01 2.121099023661921094e+13 0.000000000000000000e+00 8.536903603856568006e+24
3.521923672300885431e+06 4.936164818957189709e+04 5.023187433737133745e+01 2.094931748526013281e+13 0.000000000000000000e+00 9.335420886212954621e+24
3.628648632067578845e+06 4.910623171929747332e+04 5.159929545979906607e+01 2.068175793111476562e+13 0.000000000000000000e+00 1.017955059891879450e+25
3.735373591834272724e+06 4.884467737868492259e+04 5.295291765731104761e+01 2.040848867197121875e+13 0.000000000000000000e+00 1.107010767487202835e+25
3.842098551600966137e+06 4.857502185228592134e+04 5.429227048387820531e+01 2.012969950347688672e+13 0.000000000000000000e+00 1.200791490886973213e+25
3.948823511367659550e+06 4.829907815421515261e+04 5.561700014842873685e+01 1.984558453962044531e+13 0.000000000000000000e+00 1.299375659801566023e+25
4.055548471134352963e+06 4.801623792686271190e+04 5.692675436436499581e+01 1.955634030190122656e+13 0.000000000000000000e+00 1.402836387617975147e+25
4.162273430901046377e+06 4.772604316786398704e+04 5.822118234956349170e+01 1.926216571932922656e+13 0.000000000000000000e+00 1.511241471399813554e+25
4.268998390667740256e+06 4.742955919321089459e+04 5.949993482637490416e+01 1.896326212842510156e+13 0.000000000000000000e+00 1.624653391887313087e+25
4.375723350434433669e+06 4.712629496333384304e+04 6.076266402162405456e+01 1.865983327322017188e+13 0.000000000000000000e+00 1.743129313497323386e+25
4.482448310201127082e+06 4.681574505516486533e+04 6.200902366660994147e+01 1.835208530525641797e+13 0.000000000000000000e+00 1.866721084323314253e+25
4.589173269967820495e+06 4.649886177225872234e+04 6.323866899710571943e+01 1.804022678358648047e+13 0.000000000000000000e+00 1.995475236135373074e+25
4.695898229734513909e+06 4.617560208867664915e+04 6.445125675335870596e+01 1.772446867477366406e+13 0.000000000000000000e+00 2.129432984380206538e+25
4.802623189501207322e+06 4.584561177788329951e+04 6.564644518009036744e+01 1.740502435289193164e+13 0.000000000000000000e+00 2.268630228181141065e+25
4.909348149267900735e+06 4.550864281318414578e+04 6.682389402649633325e+01 1.708210959952591211e+13 0.000000000000000000e+00 2.413097550338120229e+25
5.016073109034594148e+06 4.516533503329998348e+04 6.798326454624640292e+01 1.675594260377089062e+13 0.000000000000000000e+00 2.562860217327708195e+25
5.122798068801287562e+06 4.481567350136788446e+04 6.912421949748451766e+01 1.642674396223281836e+13 0.000000000000000000e+00 2.717938179303085854e+25
5.229523028567981906e+06 4.445965149643021141e+04 7.024642314282883149e+01 1.609473667902830273e+13 0.000000000000000000e+00 2.878346070094056405e+25
5.336247988334675319e+06 4.409726674441899377e+04 7.134954151392619792e+01 1.576014302539007812e+13 0.000000000000000000e+00 3.044090819191587534e+25
5.442972948101368733e+06 4.372852316710089508e+04 7.243325130068618023e+01 1.542318395152629297e+13 0.000000000000000000e+00 3.215171664110169541e+25
5.549697907868062146e+06 4.335345158649189398e+04 7.349723671074353604e+01 1.508408773361951367e+13 0.000000000000000000e+00 3.391586725842382552e+25
5.656422867634755559e+06 4.297206221876729978e+04 7.454118190144646405e+01 1.474308295074015039e+13 0.000000000000000000e+00 3.573327311730567169e+25
5.763147827401448973e+06 4.258438652202919184e+04 7.556477086781124797e+01 1.440039824899735742e+13 0.000000000000000000e+00 3.760377729993522413e+25
5.869872787168142386e+06 4.219047818758511858e+04 7.656768744252225645e+01 1.405626234153903125e+13 0.000000000000000000e+00 3.952715289726506147e+25
5.976597746934835799e+06 4.179038404329545301e+04 7.754961529593191472e+01 1.371090400855181250e+13 0.000000000000000000e+00 4.150310300901234653e+25
6.083322706701529212e+06 4.138414556957382592e+04 7.851023793606073298e+01 1.336455209726108789e+13 0.000000000000000000e+00 4.353126074365883485e+25
6.190047666468222626e+06 4.097183797945370316e+04 7.944923870859729220e+01 1.301743552193098242e+13 0.000000000000000000e+00 4.561118921845084898e+25
6.296772626234916970e+06 4.055354150329814001e+04 8.036630079689825834e+01 1.266978326386436719e+13 0.000000000000000000e+00 4.774238155939932995e+25
6.403497586001610383e+06 4.012931861754239071e+04 8.126110722198833969e+01 1.232182437140286328e+13 0.000000000000000000e+00 4.992426090127976003e+25
6.510222545768303797e+06 3.969858672512383782e+04 8.213334084256035794e+01 1.197378795992682422e+13 0.000000000000000000e+00 5.215618038763223140e+25
6.616947505534997210e+06 3.926173308343146346e+04 8.298268435497516293e+01 1.162590321185535742e+13 0.000000000000000000e+00 5.443742317076144618e+25
6.723672465301690623e+06 3.881917088764884102e+04 8.380882029326176053e+01 1.127839937664630469e+13 0.000000000000000000e+00 5.676720241173664768e+25
6.830397425068384036e+06 3.837049687944109610e+04 8.461143102911712788e+01 1.093150577079625781e+13 0.000000000000000000e+00 5.914466128039169774e+25
6.937122384835077450e+06 3.791537630521180108e+04 8.539019877190638397e+01 1.058545177784055469e+13 0.000000000000000000e+00 6.156887295532504237e+25
7.043847344601770863e+06 3.745482831960426120e+04 8.614479943165164855e+01 1.024046759197907617e+13 0.000000000000000000e+00 6.403882845905222621e+25
7.150572304368464276e+06 3.698737216238978726e+04 8.687490434386052129e+01 9.896783188411644531e+12 0.000000000000000000e+00 6.655341830484240457e+25
7.257297264135157689e+06 3.651458315841599688e+04 8.758020609313339833e+01 9.554624212438802734e+12 0.000000000000000000e+00 6.911148197241536171e+25
7.364022223901851103e+06 3.603481020404293668e+04 8.826038633472003880e+01 9.214216172122837891e+12 0.000000000000000000e+00 7.171176827397369980e+25
7.470747183668545447e+06 3.554939447947230656e+04 8.891511375784732252e+01 8.875784704166269531e+12 0.000000000000000000e+00 7.435293220491446141e+25
7.577472143435238861e+06 3.505756946211057948e+04 8.954404408571924989e+01 8.539555573911853516e+12 0.000000000000000000e+00 7.703353494382897484e+25
7.684197103201932274e+06 2.006873123472959560e+04 9.000070982410262843e+01 8.221492648823862305e+12 0.000000000000000000e+00 7.962278140159903897e+25
7.790922062968625687e+06 1.986814477722491938e+04 8.931492602754970278e+01 8.030414489462607422e+12 0.000000000000000000e+00 8.122620766827140418e+25
7.897647022735319100e+06 1.966922883896643179e+04 8.866311483470479970e+01 7.842657779149291992e+12 0.000000000000000000e+00 8.285769265369046484e+25
8.004371982502012514e+06 1.947187761685172154e+04 8.804312821955480217e+01 7.658110432668534180e+12 0.000000000000000000e+00 8.451707358370968575e+25
8.111096942268705927e+06 1.927599166648223036e+04 8.745299143745394588e+01 7.476667118680508789e+12 0.000000000000000000e+00 8.620418745034903306e+25
8.217821902035399340e+06 1.908147762995099765e+04 8.689083902941747795e+01 7.298231789604467773e+12 0.000000000000000000e+00 8.791883587690741983e+25
8.324546861802092753e+06 1.888824851812607085e+04 8.635490883357799419e+01 7.122713747484302734e+12 0.000000000000000000e+00 8.966080769383813859e+25
8.431271821568787098e+06 1.869622068440032308e+04 8.584354198971698224e+01 6.950027642713694336e+12 0.000000000000000000e+00 9.142987894794089875e+25
8.537996781335480511e+06 1.850531522211948322e+04 8.535518293926483580e+01 6.780093474036120117e+12 0.000000000000000000e+00 9.322581290236163765e+25
8.644721741102173924e+06 1.831545841574106453e+04 8.488837942530081193e+01 6.612836588544845703e+12 0.000000000000000000e+00 9.504836003659270955e+25
8.751446700868867338e+06 1.812648379354165081e+04 8.444178249247778467e+01 6.448187681680781250e+12 0.000000000000000000e+00 9.689725804645951967e+25
8.858171660635560751e+06 1.793833912414259976e+04 8.401407075262783053e+01 6.286081090735456055e+12 0.000000000000000000e+00 9.877221546380729674e+25
8.964896620402254164e+06 1.775102886277059588e+04 8.360401138310506042e+01 6.126457566916483398e+12 0.000000000000000000e+00 1.006729148225135406e+26
9.071621580168947577e+06 1.756449870878247748e+04 8.321049772471991446e+01 5.969263413530431641e+12 0.000000000000000000e+00 1.025990308485008040e+26
9.178346539935640991e+06 1.737869647979994625e+04 8.283246635487930121e+01 5.814447585528023438e+12 0.000000000000000000e+00 1.045502191946440958e+26
9.285071499702334404e+06 1.719357138479870628e+04 8.246889708758658344e+01 5.661961689504136719e+12 0.000000000000000000e+00 1.065261164407708129e+26
9.391796459469027817e+06 1.700907472071714437e+04 8.211881297344163499e+01 5.511759983697804688e+12 0.000000000000000000e+00 1.085263400936607914e+26
9.498521419235721231e+06 1.682507801828812080e+04 8.178128029964079815e+01 5.363799377992212891e+12 0.000000000000000000e+00 1.105504885870463238e+26
9.605246379002414644e+06 1.664139446320098068e+04 8.145540858997688360e+01 5.218039433914705078e+12 0.000000000000000000e+00 1.125981412816120735e+26
9.711971338769108057e+06 1.645819571047845238e+04 8.114035060483919892e+01 5.074442364636777344e+12 0.000000000000000000e+00 1.146688584649952114e+26
9.818696298535801470e+06 1.627544384696815541e+04 8.083530234121349167e+01 4.932973034974078125e+12 0.000000000000000000e+00 1.167621813517852279e+26
9.925421258302494884e+06 1.609310502056007317e+04 8.053950303268203470e+01 4.793598961386416016e+12 0.000000000000000000e+00 1.188776320835241211e+26
1.003214621806918830e+07 1.591084799211215613e+04 8.025223514942355507e+01 4.656290311977750000e+12 0.000000000000000000e+00 1.210147137287062942e+26
1.013887117783588171e+07 1.572882391424964226e+04 7.997282439821324829e+01 4.521019906496194336e+12 0.000000000000000000e+00 1.231729102827785897e+26
1.024559613760257512e+07 1.554711448511165327e+04 7.970063972242282091e+01 4.387763216334019531e+12 0.000000000000000000e+00 1.253516866681402377e+26
1.035232109736927040e+07 1.536555660148508105e+04 7.943509330202043373e+01 4.256498364527646484e+12 0.000000000000000000e+00 1.275504887341429593e+26
1.045904605713596381e+07 1.518391779501826022e+04 7.917563829164883771e+01 4.127205994990839355e+12 0.000000000000000000e+00 1.297687427308820701e+26
1.056577101690265723e+07 1.500251872981659108e+04 7.892167828520022965e+01 3.999864022434707520e+12 0.000000000000000000e+00 1.320058363183788175e+26
1.067249597666935064e+07 1.482108558330461346e+04 7.867265775408677086e+01 3.874452849848077148e+12 0.000000000000000000e+00 1.342611429657579577e+26
1.077922093643604405e+07 1.463954558750431897e+04 7.842807421539254165e+01 3.750956133192990723e+12 0.000000000000000000e+00 1.365340195266840513e+26
1.088594589620273747e+07 1.445816661519918489e+04 7.818743995087879739e+01 3.629358578200997559e+12 0.000000000000000000e+00 1.388237963205813584e+26
1.099267085596943088e+07 1.427635612148385189e+04 7.795028200698403964e+01 3.509645940373154785e+12 0.000000000000000000e+00 1.411297771326337015e+26
1.109939581573612429e+07 1.409470200348935396e+04 7.771614219482395924e+01 3.391805024980027832e+12 0.000000000000000000e+00 1.434512392137845853e+26
1.120612077550281771e+07 1.391256874369238722e+04 7.748457709019143635e+01 3.275823687061689453e+12 0.000000000000000000e+00 1.457874332807370768e+26
1.131284573526951112e+07 1.373050236856033916e+04 7.725515803355659727e+01 3.161690831427719238e+12 0.000000000000000000e+00 1.481375835159538912e+26
1.141957069503620453e+07 1.354783692383166272e+04 7.702747113006672919e+01 3.049396412657206055e+12 0.000000000000000000e+00 1.505008875676573744e+26
1.152629565480289795e+07 1.336506613010941874e+04 7.680111724954636543e+01 2.938931435098745117e+12 0.000000000000000000e+00 1.528765165498294692e+26
1.163302061456959136e+07 1.318186026254773424e+04 7.657571202649720021e+01 2.830287952870440430e+12 0.000000000000000000e+00 1.552636150422117318e+26
1.173974557433628477e+07 1.299817505952261126e+04 7.635088586009818812e+01 2.723459069859902344e+12 0.000000000000000000e+00 1.576613010903054009e+26
1.184647053410297818e+07 1.281414764165460292e+04 7.612628391420544460e+01 2.618438939724250977e+12 0.000000000000000000e+00 1.600686662053712261e+26
1.195319549386967160e+07 1.262961238477925508e+04 7.590156611735230285e+01 2.515222765890112305e+12 0.000000000000000000e+00 1.624847753644297251e+26
1.205992045363636501e+07 1.244436227217612213e+04 7.567640716274929957e+01 2.413806801553620605e+12 0.000000000000000000e+00 1.649086670102608749e+26
1.216664541340305842e+07 1.225855648196167022e+04 7.545049650828420340e+01 2.314188349680416992e+12 0.000000000000000000e+00 1.673393530514043863e+26
1.227337037316975184e+07 1.207211347915965234e+04 7.522353837652195807e+01 2.216365763005652344e+12 0.000000000000000000e+00 1.697758188621595669e+26
1.238009533293644525e+07 1.188495521329047915e+04 7.499522863551001706e+01 2.120337804494788330e+12 0.000000000000000000e+00 1.722169884089847645e+26
1.248682029270313866e+07 1.169700540236929010e+04 7.476522827331064036e+01 2.026102334645391846e+12 0.000000000000000000e+00 1.746617057481441190e+26
1.259354525246983394e+07 1.150819464599793355e+04 7.453324195925446816e+01 1.933658601887300049e+12 0.000000000000000000e+00 1.771088481152226308e+26
1.270027021223652735e+07 1.131846241278189700e+04 7.429897761713004911e+01 1.843006696592327637e+12 0.000000000000000000e+00 1.795572430709999805e+26
1.280699517200322077e+07 1.112774993940296918e+04 7.406214421834641826e+01 1.754147502078680176e+12 0.000000000000000000e+00 1.820056647163518230e+26
1.291372013176991418e+07 1.093600798817558098e+04 7.382245178193308277e+01 1.667082694610958008e+12 0.000000000000000000e+00 1.844528336922497873e+26
1.302044509153660759e+07 1.074311191511652578e+04 7.357961137454009304e+01 1.581814743400157471e+12 0.000000000000000000e+00 1.868974171797612361e+26
1.312717005130330101e+07 1.054885229355917181e+04 7.333333511043797159e+01 1.498346910603668457e+12 0.000000000000000000e+00 1.893380289000496095e+26
1.323389501106999442e+07 1.035340368946006129e+04 7.308333615151772733e+01 1.416683251325275879e+12 0.000000000000000000e+00 1.917732291143740811e+26
1.334061997083668783e+07 1.015639287903792501e+04 7.282932870729091235e+01 1.336828613615159424e+12 0.000000000000000000e+00 1.942015246240898676e+26
1.344734493060338125e+07 9.957996293253396288e+03 7.257102803488955090e+01 1.258788638469893066e+12 0.000000000000000000e+00 1.966213687706479536e+26
1.355406989037007466e+07 9.757724849992649979e+03 7.230815043906615358e+01 1.182569759832445801e+12 0.000000000000000000e+00 1.990311614355953324e+26
1.366079485013676807e+07 9.555712689733969455e+03 7.204041327219374580e+01 1.108179204592180664e+12 0.000000000000000000e+00 2.014292490405749027e+26
1.376751980990346149e+07 9.351751858007834016e+03 7.176753493426586772e+01 1.035624992584856201e+12 0.000000000000000000e+00 2.038139245473252968e+26
1.387424476967015490e+07 9.145660587618924183e+03 7.148922531889793675e+01 9.649161726574365234e+11 0.000000000000000000e+00 2.061833950181762115e+26
1.398096972943684831e+07 8.937272392310002033e+03 7.120515246395105180e+01 8.960632824151719971e+11 0.000000000000000000e+00 2.085356787588490967e+26
1.408769468920354173e+07 8.726342744009161834e+03 7.091499863321094210e+01 8.290772056062509766e+11 0.000000000000000000e+00 2.108687883515830501e+26
1.419441964897023514e+07 8.512582039080440154e+03 7.061842999816967392e+01 7.639706755026898193e+11 0.000000000000000000e+00 2.131806058650693859e+26
1.430114460873692855e+07 8.295794421524902646e+03 7.031509173056932127e+01 7.007584329345849609e+11 0.000000000000000000e+00 2.154688651314226415e+26
1.440786956850362197e+07 8.075657601547620288e+03 7.000460800240203696e+01 6.394572262901134033e+11 0.000000000000000000e+00 2.177311517461803711e+26
1.451459452827031538e+07 7.851798643766589521e+03 6.968658198590998154e+01 5.800858115155319824e+11 0.000000000000000000e+00 2.199649030683032837e+26
1.462131948803700879e+07 7.623805453496839618e+03 6.936059585358542279e+01 5.226649521151778564e+11 0.000000000000000000e+00 2.221674082201751736e+26
1.472804444780370221e+07 7.391154763233756967e+03 6.902620805034919726e+01 4.672175990713612671e+11 0.000000000000000000e+00 2.243357958042444973e+26
1.483476940757039748e+07 7.153164851653369624e+03 6.868292038791592802e+01 4.137708126576715088e+11 0.000000000000000000e+00 2.264668906806114616e+26
1.494149436733709089e+07 6.909246055473608067e+03 6.833019890635922877e+01 3.623543713680380859e+11 0.000000000000000000e+00 2.285573136076991814e+26
1.504821932710378431e+07 6.658336412098215078e+03 6.796742782740881239e+01 3.130045734022088013e+11 0.000000000000000000e+00 2.306032647347241182e+26
1.515494428687047772e+07 6.399403067072133126e+03 6.759389653635818718e+01 2.657651793191315308e+11 0.000000000000000000e+00 2.326004637496356229e+26
1.526166924663717113e+07 6.130929545146596865e+03 6.720879958206464266e+01 2.206874120369530334e+11 0.000000000000000000e+00 2.345441498791161426e+26
1.536839420640386455e+07 5.850961106187784026e+03 6.681122395572198513e+01 1.778308397513322449e+11 0.000000000000000000e+00 2.364290280118860093e+26
1.547511916617055796e+07 5.556677154538706418e+03 6.640003686685018636e+01 1.372714025865612183e+11 0.000000000000000000e+00 2.382487938696904838e+26
1.558184412593725137e+07 5.244221868231542430e+03 6.597381535089178328e+01 9.910723808083442688e+10 0.000000000000000000e+00 2.399958303700490809e+26
1.568856908570394479e+07 4.907478074691711299e+03 6.553073635537830910e+01 6.346695118924182129e+10 0.000000000000000000e+00 2.416607384424757811e+26
1.579529404547063820e+07 4.536040977542234032e+03 6.506828976118160313e+01 3.053118571000489807e+10 0.000000000000000000e+00 2.432311588627737304e+26
1.590201900523733161e+07 4.109329415171720029e+03 6.458266846691648766e+01 5.791551494387569427e+08 0.000000000000000000e+00 2.446892583682998008e+26
