# Radius (m)	Density (kg/m^3)	Gravity (m/s^2)	Pressure (Pa)	Temperature (K)	Mass Enclosed (kg)
0.000000000000000000e+00 3.089047694164817221e+04 0.000000000000000000e+00 5.958561607688423828e+12 0.000000000000000000e+00 0.000000000000000000e+00
8.333223182741441997e+04 3.088882748730510139e+04 7.196884466520511170e-01 5.957635259906408203e+12 0.000000000000000000e+00 7.487984997292023808e+19
1.666644636548288399e+05 3.088387996819844557e+04 1.439238448991517538e+00 5.954856690514551758e+12 0.000000000000000000e+00 5.989770889368282071e+20
2.499966954822432599e+05 3.087563692291607731e+04 2.158511945206182947e+00 5.950227325205693359e+12 0.000000000000000000e+00 2.021239052236502598e+21
3.333289273096576799e+05 3.086410257603937498e+04 2.877371230686748049e+00 5.943749536541161133e+12 0.000000000000000000e+00 4.790007350914374959e+21
4.166611591370720998e+05 3.084928285520061763e+04 3.595676457734633402e+00 5.935426653530353516e+12 0.000000000000000000e+00 9.352602173412380508e+21
4.999933909644865198e+05 3.083118532229722041e+04 4.313291677642546063e+00 5.925262923000070312e+12 0.000000000000000000e+00 1.615557762740813562e+22
5.833256227919009980e+05 3.080981916133951017e+04 5.030081913390754167e+00 5.913263502769697266e+12 0.000000000000000000e+00 2.564414643841922813e+22
6.666578546193153597e+05 3.078519528908075154e+04 5.745909266119007874e+00 5.899434523782003906e+12 0.000000000000000000e+00 3.826135130694488162e+22
7.499900864467297215e+05 3.075722557386712651e+04 6.460632901924594051e+00 5.883783090448781250e+12 0.000000000000000000e+00 5.444806104646972500e+22
8.333223182741441997e+05 3.072574773550646205e+04 7.174109051862340714e+00 5.866317280650848633e+12 0.000000000000000000e+00 7.464297058346377150e+22
9.166545501015586779e+05 3.069101620520329743e+04 7.886192769142311931e+00 5.847046125645991211e+12 0.000000000000000000e+00 9.928235767124196957e+22
9.999867819289730396e+05 3.065304848244308960e+04 8.596763188226152153e+00 5.825979335207829102e+12 0.000000000000000000e+00 1.287975161341697715e+23
1.083319013756387401e+06 3.061186411230358499e+04 9.305683442657985083e+00 5.803127754128389648e+12 0.000000000000000000e+00 1.636205182467620492e+23
1.166651245583801996e+06 3.056748442516083742e+04 1.001280891864988298e+01 5.778503217791246094e+12 0.000000000000000000e+00 2.041801256618650176e+23
1.249983477411216358e+06 3.051988219820704762e+04 1.071799645863610806e+01 5.752118441145980469e+12 0.000000000000000000e+00 2.509001597563791559e+23
1.333315709238630719e+06 3.046856373597778293e+04 1.142110436127313733e+01 5.723987018708180664e+12 0.000000000000000000e+00 3.041995016312597103e+23
1.416647941066045081e+06 3.041408537706291099e+04 1.212199238143964308e+01 5.694123424559444336e+12 0.000000000000000000e+00 3.644920921115164263e+23
1.499980172893459443e+06 3.035647513019846519e+04 1.282052173023649999e+01 5.662543012347377930e+12 0.000000000000000000e+00 4.321869317462134809e+23
1.583312404720874038e+06 3.029576260865981749e+04 1.351655507498679043e+01 5.629262015285592773e+12 0.000000000000000000e+00 5.076880808084698521e+23
1.666644636548288399e+06 3.023133031381398177e+04 1.420995653923579027e+01 5.594297546153710938e+12 0.000000000000000000e+00 5.913946592954584798e+23
1.749976868375702761e+06 3.016369235528467107e+04 1.490059170275098310e+01 5.557667597297360352e+12 0.000000000000000000e+00 6.837008469284070716e+23
1.833309100203117356e+06 3.009301390135650581e+04 1.558832760152205665e+01 5.519391040628179688e+12 0.000000000000000000e+00 7.849958831525987730e+23
1.916641332030531717e+06 3.001897204712596431e+04 1.627303272776089216e+01 5.479487627623812500e+12 0.000000000000000000e+00 8.956640671373693498e+23
1.999973563857946079e+06 2.994138665237699024e+04 1.695457645816590997e+01 5.437977970478812500e+12 0.000000000000000000e+00 1.016084193808676148e+24
2.083305795685360441e+06 2.986083824776775873e+04 1.763280967192780935e+01 5.394883046882380859e+12 0.000000000000000000e+00 1.146613718000466819e+24
2.166638027512774803e+06 2.977690837799658766e+04 1.830758858138964484e+01 5.350225196152070312e+12 0.000000000000000000e+00 1.287616628635157112e+24
2.249970259340189397e+06 2.968950310674805223e+04 1.897877734667205019e+01 5.304027829752186523e+12 0.000000000000000000e+00 1.439456859290992531e+24
2.333302491167603992e+06 2.959923075339503703e+04 1.964623978870609733e+01 5.256315089730243164e+12 0.000000000000000000e+00 1.602488495165689509e+24
2.416634722995018121e+06 2.950518793126170203e+04 2.030983938923330356e+01 5.207111848716955078e+12 0.000000000000000000e+00 1.777055773076435545e+24
2.499966954822432715e+06 2.940814834764065745e+04 2.096943929080563862e+01 5.156443709926239258e+12 0.000000000000000000e+00 1.963493081459893501e+24
2.583299186649846844e+06 2.930778251113752776e+04 2.162490229678550335e+01 5.104337007155218750e+12 0.000000000000000000e+00 2.162124960372193543e+24
2.666631418477261439e+06 2.920402547225608578e+04 2.227609087134576527e+01 5.050818804784220703e+12 0.000000000000000000e+00 2.373266101488941470e+24
2.749963650304676034e+06 2.909720492785872193e+04 2.292286713946970877e+01 4.995916897776773438e+12 0.000000000000000000e+00 2.597221348105211997e+24
2.833295882132090162e+06 2.898679496697481227e+04 2.356509288695107784e+01 4.939659811679611328e+12 0.000000000000000000e+00 2.834285695135551442e+24
2.916628113959504757e+06 2.887340274369857798e+04 2.420262956039406177e+01 4.882076802622670898e+12 0.000000000000000000e+00 3.084744289113980677e+24
2.999960345786918886e+06 2.875642301146789032e+04 2.483533826721328808e+01 4.823197857319092773e+12 0.000000000000000000e+00 3.348872428193989496e+24
3.083292577614333481e+06 2.863635972486326500e+04 2.546307977563383673e+01 4.763053693065220703e+12 0.000000000000000000e+00 3.626935562148542513e+24
3.166624809441748075e+06 2.851291054409333447e+04 2.608571451469122593e+01 4.701675757740604492e+12 0.000000000000000000e+00 3.919189292370074337e+24
3.249957041269162204e+06 2.838609272163866990e+04 2.670310257423141209e+01 4.639096229807994141e+12 0.000000000000000000e+00 4.225879371870486881e+24
3.333289273096576799e+06 2.825628998417672119e+04 2.731510370491081119e+01 4.575348018313345703e+12 0.000000000000000000e+00 4.547241705281164939e+24
3.416621504923991393e+06 2.812265388663643171e+04 2.792157731819627742e+01 4.510464762885819336e+12 0.000000000000000000e+00 4.883502348852954168e+24
3.499953736751405522e+06 2.798606518990006953e+04 2.852238248636509610e+01 4.444480833737775391e+12 0.000000000000000000e+00 5.234877510456175585e+24
3.583285968578820117e+06 2.784613800092942256e+04 2.911737794250501921e+01 4.377431331664782227e+12 0.000000000000000000e+00 5.601573549580626644e+24
3.666618200406234711e+06 2.770261512066145951e+04 2.970642205209050957e+01 4.309352078411415527e+12 0.000000000000000000e+00 5.983786690801122845e+24
3.749950432233648840e+06 2.755600348377101182e+04 3.028937186966270545e+01 4.240278816431390625e+12 0.000000000000000000e+00 6.381679851020905414e+24
3.833282664061063435e+06 2.740619949029037161e+04 3.086608886451142553e+01 4.170248172368872070e+12 0.000000000000000000e+00 6.795412769304826746e+24
3.916614895888477564e+06 2.725258005354956549e+04 3.143643544444275051e+01 4.099297794654696777e+12 0.000000000000000000e+00 7.225144677614360799e+24
3.999947127715892158e+06 2.709575843718450051e+04 3.200027252754962603e+01 4.027465836983917969e+12 0.000000000000000000e+00 7.671018572521470821e+24
4.083279359543306753e+06 2.693568095962647931e+04 3.255745954221185201e+01 3.954790958315805664e+12 0.000000000000000000e+00 8.133161215208587876e+24
4.166611591370720882e+06 2.677229586404623842e+04 3.310785442709608617e+01 3.881312322873847168e+12 0.000000000000000000e+00 8.611683131468622653e+24
4.249943823198135011e+06 2.660540479686227627e+04 3.365131363115582985e+01 3.807069600145745117e+12 0.000000000000000000e+00 9.106678611704963318e+24
4.333276055025549605e+06 2.643492378346175974e+04 3.418769211363146354e+01 3.732102964883418945e+12 0.000000000000000000e+00 9.618225710931480886e+24
4.416608286852964200e+06 2.626105958129007195e+04 3.471684334405020422e+01 3.656453097103006836e+12 0.000000000000000000e+00 1.014638624877251097e+25
4.499940518680378795e+06 2.608377401412094696e+04 3.523861930222614092e+01 3.580161182084861328e+12 0.000000000000000000e+00 1.069120580946287523e+25
4.583272750507793389e+06 2.590302830880929469e+04 3.575287047826019915e+01 3.503268910373554199e+12 0.000000000000000000e+00 1.125271374184786854e+25
4.666604982335207984e+06 2.571878811641669017e+04 3.625944587254017648e+01 3.425818477777871094e+12 0.000000000000000000e+00 1.183092315938326109e+25
4.749937214162621647e+06 2.553102386321449012e+04 3.675819299574072119e+01 3.347852585370817383e+12 0.000000000000000000e+00 1.242583094013530055e+25
4.833269445990036242e+06 2.533970610669743473e+04 3.724895786882334647e+01 3.269414439489611816e+12 0.000000000000000000e+00 1.303741772678072065e+25
4.916601677817450836e+06 2.514481205339227017e+04 3.773158502303641626e+01 3.190547751735692383e+12 0.000000000000000000e+00 1.366564792660672402e+25
4.999933909644865431e+06 2.494632457301030809e+04 3.820591749991513808e+01 3.111296738974712891e+12 0.000000000000000000e+00 1.431046971151098861e+25
5.083266141472280025e+06 2.474422435136823333e+04 3.867179685128159861e+01 3.031706123336544434e+12 0.000000000000000000e+00 1.497181501800166987e+25
5.166598373299693689e+06 2.453850486947430909e+04 3.912906421920072120e+01 2.951821089152783691e+12 0.000000000000000000e+00 1.564959841852257991e+25
5.249930605127108283e+06 2.432874435475013524e+04 3.957756612760254455e+01 2.871686984037713379e+12 0.000000000000000000e+00 1.634370513154500497e+25
5.333262836954522878e+06 2.411526627689961606e+04 4.001713682050088750e+01 2.791349899761800293e+12 0.000000000000000000e+00 1.705400116511928624e+25
5.416595068781937473e+06 2.389809138769746642e+04 4.044760571119083181e+01 2.710856422648316406e+12 0.000000000000000000e+00 1.778033215466371113e+25
5.499927300609352067e+06 2.367722975708019658e+04 4.086879991892019603e+01 2.630253540460628906e+12 0.000000000000000000e+00 1.852252156207744399e+25
5.583259532436765730e+06 2.345195521537472814e+04 4.128054426888951411e+01 2.549588642402203125e+12 0.000000000000000000e+00 1.928037067574052390e+25
5.666591764264180325e+06 2.322295823277111776e+04 4.168266129225205674e+01 2.468909519116597168e+12 0.000000000000000000e+00 2.005365861051388621e+25
5.749923996091594920e+06 2.298987258555878725e+04 4.207497137943715160e+01 2.388264351825822266e+12 0.000000000000000000e+00 2.084214233140655428e+25
5.833256227919009514e+06 2.275253354540491273e+04 4.245729029974211954e+01 2.307701752297356934e+12 0.000000000000000000e+00 2.164555364017651609e+25
5.916588459746424109e+06 2.251106142960261786e+04 4.282942223177261809e+01 2.227271128095798340e+12 0.000000000000000000e+00 2.246359480133952387e+25
5.999920691573837772e+06 2.226523161783672185e+04 4.319117632112552485e+01 2.147021858677412109e+12 0.000000000000000000e+00 2.329594687272572564e+25
6.083252923401252367e+06 2.201484437585001433e+04 4.354235590170705450e+01 2.067003811778345947e+12 0.000000000000000000e+00 2.414226342883071096e+25
6.166585155228666961e+06 2.176010103825436818e+04 4.388275954797216372e+01 1.987267234566104004e+12 0.000000000000000000e+00 2.500217030152274752e+25
6.249917387056081556e+06 1.151482357415399201e+04 4.367004542396956879e+01 1.936859995464515869e+12 0.000000000000000000e+00 2.555797901193033577e+25
6.333249618883496150e+06 1.142847358067835557e+04 4.331970160936733549e+01 1.895279567967522949e+12 0.000000000000000000e+00 2.603352549962554689e+25
6.416581850710910745e+06 1.134248511673863686e+04 4.298731735529167963e+01 1.854335449658951416e+12 0.000000000000000000e+00 2.651808351769514106e+25
6.499914082538324408e+06 1.125681998571961230e+04 4.267184534489418013e+01 1.814005185660109619e+12 0.000000000000000000e+00 2.701164058424960668e+25
6.583246314365739003e+06 1.117144419487843697e+04 4.237230749933099361e+01 1.774267490423283691e+12 0.000000000000000000e+00 2.751418376225375916e+25
6.666578546193153597e+06 1.108631932276027510e+04 4.208777862014554927e+01 1.735102232239006348e+12 0.000000000000000000e+00 2.802569659534931649e+25
6.749910778020568192e+06 1.100141597419718892e+04 4.181738383186510788e+01 1.696491102964025391e+12 0.000000000000000000e+00 2.854615281217297782e+25
6.833243009847982787e+06 1.091670391514176299e+04 4.156032791271897509e+01 1.658417365720188232e+12 0.000000000000000000e+00 2.907552410765248731e+25
6.916575241675396450e+06 1.083215271909807052e+04 4.131585181249895555e+01 1.620865157870480713e+12 0.000000000000000000e+00 2.961377760188610238e+25
6.999907473502811044e+06 1.074773376490854571e+04 4.108323143544718903e+01 1.583819480075865723e+12 0.000000000000000000e+00 3.016087569615905068e+25
7.083239705330225639e+06 1.066341847625756418e+04 4.086177764025612902e+01 1.547266196295286133e+12 0.000000000000000000e+00 3.071677607294350868e+25
7.166571937157640234e+06 1.057918422010016366e+04 4.065083624006857121e+01 1.511192033785661865e+12 0.000000000000000000e+00 3.128143169589862304e+25
7.249904168985054828e+06 1.049500170132804487e+04 4.044978800247762507e+01 1.475584583101891846e+12 0.000000000000000000e+00 3.185479080987047635e+25
7.333236400812469423e+06 1.041084652450129579e+04 4.025804864952671380e+01 1.440432298096853027e+12 0.000000000000000000e+00 3.243679694089213859e+25
7.416568632639883086e+06 1.032669864328890253e+04 4.007506885770959570e+01 1.405724495921400635e+12 0.000000000000000000e+00 3.302738889618360706e+25
7.499900864467297681e+06 1.024253648899657310e+04 3.990033425797035704e+01 1.371451357024367676e+12 0.000000000000000000e+00 3.362650076415187078e+25
7.583233096294712275e+06 1.015833698166315662e+04 3.973336543570339785e+01 1.337603925152565918e+12 0.000000000000000000e+00 3.423406191439085464e+25
7.666565328122126870e+06 1.007408321773887656e+04 3.957370431989654236e+01 1.304173761196151367e+12 0.000000000000000000e+00 3.484999700053590624e+25
7.749897559949541464e+06 9.989755980388446915e+03 3.942088297427618926e+01 1.271152205131999023e+12 0.000000000000000000e+00 3.547422576449158010e+25
7.833229791776955128e+06 9.905335838191313087e+03 3.927449416112015967e+01 1.238532221749722412e+12 0.000000000000000000e+00 3.610666216620628930e+25
7.916562023604369722e+06 9.820809702723732698e+03 3.913414871317267085e+01 1.206307279346259521e+12 0.000000000000000000e+00 3.674721404311186303e+25
7.999894255431784317e+06 9.736144289411226055e+03 3.899947064895187054e+01 1.174471223288168213e+12 0.000000000000000000e+00 3.739578310532290708e+25
8.083226487259198911e+06 9.651204668428490550e+03 3.887009717274975173e+01 1.143018276011625000e+12 0.000000000000000000e+00 3.805226493563680811e+25
8.166558719086613506e+06 9.566104375267645082e+03 3.874567867463223791e+01 1.111943037022424805e+12 0.000000000000000000e+00 3.871654898953373796e+25
8.249890950914027169e+06 9.480827724527647661e+03 3.862587873043912623e+01 1.081240482895982300e+12 0.000000000000000000e+00 3.938851859517663215e+25
8.333223182741441764e+06 9.395363157702793615e+03 3.851037410178408038e+01 1.050905967277329224e+12 0.000000000000000000e+00 4.006805095341125864e+25
8.416555414568856359e+06 9.309622121470576531e+03 3.839885473605469457e+01 1.020935220881117676e+12 0.000000000000000000e+00 4.075501713776612328e+25
8.499887646396270022e+06 9.223531812629838896e+03 3.829102376641242245e+01 9.913243514916181641e+11 0.000000000000000000e+00 4.144928209445251284e+25
8.583219878223685548e+06 9.137213550992091768e+03 3.818659751179261264e+01 9.620698439627188721e+11 0.000000000000000000e+00 4.215070464236455507e+25
8.666552110051099211e+06 9.050656656298957387e+03 3.808530547690452295e+01 9.331685602179294434e+11 0.000000000000000000e+00 4.285913747307906410e+25
8.749884341878514737e+06 8.963592013347795728e+03 3.798689035223127064e+01 9.046177392503750000e+11 0.000000000000000000e+00 4.357442715085572945e+25
8.833216573705928400e+06 8.876268219710727863e+03 3.789110801402988926e+01 8.764149971228024902e+11 0.000000000000000000e+00 4.429641411263696137e+25
8.916548805533342063e+06 8.788583641366894881e+03 3.779772752433127891e+01 8.485583269675758057e+11 0.000000000000000000e+00 4.502493266804799394e+25
8.999881037360757589e+06 8.700417336648632045e+03 3.770653113094024889e+01 8.210460989866774902e+11 0.000000000000000000e+00 4.575981099939682494e+25
9.083213269188171253e+06 8.611956313101974956e+03 3.761731426743548923e+01 7.938770604517108154e+11 0.000000000000000000e+00 4.650087116167421584e+25
9.166545501015586779e+06 8.522886554745135072e+03 3.752986431756488628e+01 7.670500149930164795e+11 0.000000000000000000e+00 4.724791753576026371e+25
9.249877732843000442e+06 8.433497896798220609e+03 3.744395258338447974e+01 7.405635835602653809e+11 0.000000000000000000e+00 4.800073982089738964e+25
9.333209964670415968e+06 8.343470219572238420e+03 3.735938631950139666e+01 7.144170067298831787e+11 0.000000000000000000e+00 4.875913958562556344e+25
9.416542196497829631e+06 8.253013285401468238e+03 3.727597680678698566e+01 6.886097483134677734e+11 0.000000000000000000e+00 4.952290719528843568e+25
9.499874428325243294e+06 8.161988007886842752e+03 3.719353857011667230e+01 6.631414844872972412e+11 0.000000000000000000e+00 5.029182132521752926e+25
9.583206660152658820e+06 8.070337157005138579e+03 3.711188937837000168e+01 6.380121037923323975e+11 0.000000000000000000e+00 5.106564896073223087e+25
9.666538891980072483e+06 7.978136226136233745e+03 3.703085024443061002e+01 6.132217071342177734e+11 0.000000000000000000e+00 5.184414539713970505e+25
9.749871123807488009e+06 7.885327238119032700e+03 3.695024542518624600e+01 5.887706077832781982e+11 0.000000000000000000e+00 5.262705423973506603e+25
9.833203355634901673e+06 7.791747359528018933e+03 3.686990242152874231e+01 5.646593313745228271e+11 0.000000000000000000e+00 5.341410740380116295e+25
9.916535587462315336e+06 7.697482877546301097e+03 3.678965197835404410e+01 5.408886159076416016e+11 0.000000000000000000e+00 5.420502511460877743e+25
9.999867819289730862e+06 7.602487473665833022e+03 3.670932808456218766e+01 5.174594117470068359e+11 0.000000000000000000e+00 5.499951590741652912e+25
1.008320005111714453e+07 7.506714381972749834e+03 3.662876797305732168e+01 4.943728816216746216e+11 0.000000000000000000e+00 5.579727662747081550e+25
1.016653228294456005e+07 7.410119791940785944e+03 3.654781212074769314e+01 4.716304006253813477e+11 0.000000000000000000e+00 5.659799243000597517e+25
1.024986451477197371e+07 7.312663999231050184e+03 3.646630424854563302e+01 4.492335562165477905e+11 0.000000000000000000e+00 5.740133678024410739e+25
1.033319674659938738e+07 7.214312028609989284e+03 3.638409132136759894e+01 4.271841482182753906e+11 0.000000000000000000e+00 5.820697145339522674e+25
1.041652897842680290e+07 7.114930779531961889e+03 3.630102354813412546e+01 4.054841888183482056e+11 0.000000000000000000e+00 5.901454653465717722e+25
1.049986121025421657e+07 7.014531344968683698e+03 3.621695438176985959e+01 3.841359025692338257e+11 0.000000000000000000e+00 5.982370041921561505e+25
1.058319344208163209e+07 6.913123980638387366e+03 3.613174051920356078e+01 3.631417263880800781e+11 0.000000000000000000e+00 6.063405981224409457e+25
1.066652567390904576e+07 6.810453452421565089e+03 3.604524190136805828e+01 3.425043095567194824e+11 0.000000000000000000e+00 6.144523972890396519e+25
1.074985790573645942e+07 6.706638075901965749e+03 3.595730901689873349e+01 3.222265651764723511e+11 0.000000000000000000e+00 6.225682173103708294e+25
1.083319013756387495e+07 6.601520248806000382e+03 3.586776959629325745e+01 3.023115980403048096e+11 0.000000000000000000e+00 6.306833627624807257e+25
1.091652236939128861e+07 6.494972720460148594e+03 3.577647113964535208e+01 2.827626307888265381e+11 0.000000000000000000e+00 6.387933157335185974e+25
1.099985460121870413e+07 6.386960455724862186e+03 3.568325664719014156e+01 2.635832699630357361e+11 0.000000000000000000e+00 6.468932511260553017e+25
1.108318683304611780e+07 6.277339063260602416e+03 3.558796333768703590e+01 2.447775144818526611e+11 0.000000000000000000e+00 6.549780133438723934e+25
1.116651906487353146e+07 6.165979808807477639e+03 3.549042264841973093e+01 2.263497556421162415e+11 0.000000000000000000e+00 6.630421162919631565e+25
1.124985129670094699e+07 6.052814063786066981e+03 3.539046023519617279e+01 2.083047771185856323e+11 0.000000000000000000e+00 6.710797433765320883e+25
1.133318352852836065e+07 5.937628534527610100e+03 3.528789597234862185e+01 1.906477549639413452e+11 0.000000000000000000e+00 6.790847475049948136e+25
1.141651576035577618e+07 5.820231844049347274e+03 3.518254395273357460e+01 1.733842576087823181e+11 0.000000000000000000e+00 6.870506510859784283e+25
1.149984799218318984e+07 5.700431273309195603e+03 3.507421248773182754e+01 1.565202458616292725e+11 0.000000000000000000e+00 6.949706460293211559e+25
1.158318022401060350e+07 5.578022660651668048e+03 3.496269848722990048e+01 1.400622712350747986e+11 0.000000000000000000e+00 7.028374347741170278e+25
1.166651245583801903e+07 5.452701378837949960e+03 3.484777509048046795e+01 1.240178304761188354e+11 0.000000000000000000e+00 7.106429039173140459e+25
1.174984468766543269e+07 5.324130001867732972e+03 3.472921271797900999e+01 1.083946486400539398e+11 0.000000000000000000e+00 7.183787200895483198e+25
1.183317691949284822e+07 5.191929161839982044e+03 3.460674989371755572e+01 9.320184410396841431e+10 0.000000000000000000e+00 7.260354716442698463e+25
1.191650915132026188e+07 5.055563001376382090e+03 3.448009049113774438e+01 7.845003188466760254e+10 0.000000000000000000e+00 7.336025891782808299e+25
1.199984138314767554e+07 4.914480097081086569e+03 3.434890373313082534e+01 6.415132363867158508e+10 0.000000000000000000e+00 7.410683455317368853e+25
1.208317361497509107e+07 4.767894365710610145e+03 3.421282419203762970e+01 5.031932766221611023e+10 0.000000000000000000e+00 7.484198557881462649e+25
1.216650584680250473e+07 4.614799907843219444e+03 3.407144634315546483e+01 3.696936117047542572e+10 0.000000000000000000e+00 7.556429442291529834e+25
1.224983807862992026e+07 4.453869736732116507e+03 3.392426360489337611e+01 2.412076876561397552e+10 0.000000000000000000e+00 7.627205362171918497e+25
1.233317031045733392e+07 4.283199210504089933e+03 3.377074961909170980e+01 1.179374543079967117e+10 0.000000000000000000e+00 7.696344298060349427e+25
1.241650254228474945e+07 4.100072219182005938e+03 3.361010457167541432e+01 1.942988913803863525e+07 0.000000000000000000e+00 7.763592861613747365e+25
