# Radius (m)	Density (kg/m^3)	Gravity (m/s^2)	Pressure (Pa)	Temperature (K)	Mass Enclosed (kg)
0.000000000000000000e+00 3.543412098201329354e+04 0.000000000000000000e+00 8.796508706433552734e+12 0.000000000000000000e+00 0.000000000000000000e+00
8.985282486614611116e+04 3.543206039155531471e+04 8.901415723697242433e-01 8.795091595232138672e+12 0.000000000000000000e+00 1.076755010896174940e+20
1.797056497322922223e+05 3.542587976783078193e+04 1.780096532586987301e+00 8.790841050890435547e+12 0.000000000000000000e+00 8.613095995063896637e+20
2.695584745984383626e+05 3.541558256671418349e+04 2.669679351335041417e+00 8.783759450085681641e+12 0.000000000000000000e+00 2.906429808962106294e+21
3.594112994645844446e+05 3.540117453185587510e+04 3.558703695248258470e+00 8.773850742846478516e+12 0.000000000000000000e+00 6.887597096879783936e+21
4.492641243307305267e+05 3.538266372135051643e+04 4.446982419546239740e+00 8.761120470893245117e+12 0.000000000000000000e+00 1.344786679613743117e+22
5.391169491968767252e+05 3.536006039008934022e+04 5.334332965563751472e+00 8.745575686729393555e+12 0.000000000000000000e+00 2.322922021229838520e+22
6.289697740630228072e+05 3.533337709937184991e+04 6.220570568220244567e+00 8.727225029023591797e+12 0.000000000000000000e+00 3.687092641077037262e+22
7.188225989291688893e+05 3.530256765511455887e+04 7.105506999211780084e+00 8.706078752402102539e+12 0.000000000000000000e+00 5.500913227567893945e+22
8.086754237953149714e+05 3.526736046699061262e+04 7.988950567011021242e+00 8.682148727448786133e+12 0.000000000000000000e+00 7.827686250986743005e+22
8.985282486614610534e+05 3.522807750916419900e+04 8.870706466965511794e+00 8.655448436652570312e+12 0.000000000000000000e+00 1.073039315796787819e+23
9.883810735276072519e+05 3.518474064784190705e+04 9.750597511960124919e+00 8.625992742287257812e+12 0.000000000000000000e+00 1.427132949305055668e+23
1.078233898393753450e+06 3.513737408643768867e+04 1.062844452668578832e+01 8.593798095206517578e+12 0.000000000000000000e+00 1.851279087540684099e+23
1.168086723259899532e+06 3.508600438171228598e+04 1.150405958767342085e+01 8.558882545813702148e+12 0.000000000000000000e+00 2.351669621534788168e+23
1.257939548126045614e+06 3.503066026829163457e+04 1.237725551296771265e+01 8.521265624788568359e+12 0.000000000000000000e+00 2.934424676953388661e+23
1.347792372992191697e+06 3.497084260124011780e+04 1.324784586212710913e+01 8.480968343087280273e+12 0.000000000000000000e+00 3.605592614097414447e+23
1.437645197858337779e+06 3.490689590255900112e+04 1.411564493622383054e+01 8.438013191942406250e+12 0.000000000000000000e+00 4.371150027902696439e+23
1.527498022724483861e+06 3.483902815894864034e+04 1.498046777784385242e+01 8.392424142862920898e+12 0.000000000000000000e+00 5.237001747939975642e+23
1.617350847590629943e+06 3.476727726010578044e+04 1.584213017108691979e+01 8.344226647634204102e+12 0.000000000000000000e+00 6.208980838414895106e+23
1.707203672456776025e+06 3.469125637140394247e+04 1.670044864156653830e+01 8.293447638318041016e+12 0.000000000000000000e+00 7.292848598168006631e+23
1.797056497322922107e+06 3.461092040440654091e+04 1.755524045640998310e+01 8.240115527252622070e+12 0.000000000000000000e+00 8.494294560674765404e+23
1.886909322189068422e+06 3.452678364194613823e+04 1.840632362425829172e+01 8.184260207052541992e+12 0.000000000000000000e+00 9.818936494045537375e+23
1.976762147055214504e+06 3.443885051909979666e+04 1.925351689526625165e+01 8.125913050608804688e+12 0.000000000000000000e+00 1.127232040102558115e+24
2.066614971921360586e+06 3.434616632772292360e+04 2.009663127579079855e+01 8.065106102752505859e+12 0.000000000000000000e+00 1.285974862011938466e+24
2.156467796787506901e+06 3.424978436193004018e+04 2.093547673552642152e+01 8.001873170780056641e+12 0.000000000000000000e+00 1.458648449161614779e+24
2.246320621653652750e+06 3.414963201820943505e+04 2.176987189408271561e+01 7.936250354543688477e+12 0.000000000000000000e+00 1.645787412053143744e+24
2.336173446519799065e+06 3.404478757239812694e+04 2.259963539941716348e+01 7.868274925697198242e+12 0.000000000000000000e+00 1.847912099830510823e+24
2.426026271385944914e+06 3.393637378079751215e+04 2.342458592541461826e+01 7.797985327427120117e+12 0.000000000000000000e+00 2.065528594747244124e+24
2.515879096252091229e+06 3.382377022376783134e+04 2.424454217188734262e+01 7.725421174452719727e+12 0.000000000000000000e+00 2.299128712166422451e+24
2.605731921118237078e+06 3.370702696502888284e+04 2.505932286457498748e+01 7.650623253026000000e+12 0.000000000000000000e+00 2.549190000560666451e+24
2.695584745984383393e+06 3.358663643317396054e+04 2.586874675514460264e+01 7.573633520931696289e+12 0.000000000000000000e+00 2.816175741512148008e+24
2.785437570850529242e+06 3.346164348251403135e+04 2.667263262119062261e+01 7.494495107487281250e+12 0.000000000000000000e+00 3.100534949712582454e+24
2.875290395716675557e+06 3.333332682701157319e+04 2.747079926623488788e+01 7.413252313542958008e+12 0.000000000000000000e+00 3.402702372963235286e+24
2.965143220582821872e+06 3.320018558141810354e+04 2.826306551972662362e+01 7.329950611481668945e+12 0.000000000000000000e+00 3.723098492174913572e+24
3.054996045448967721e+06 3.306382521901557629e+04 2.904925023704245035e+01 7.244636645219086914e+12 0.000000000000000000e+00 4.062129521367972932e+24
3.144848870315114036e+06 3.292265862235063832e+04 2.982917229948639459e+01 7.157358230203622070e+12 0.000000000000000000e+00 4.420187407672318609e+24
3.234701695181259885e+06 3.277816905283326923e+04 3.060265061428985334e+01 7.068164353416417969e+12 0.000000000000000000e+00 4.797649831327397422e+24
3.324554520047406200e+06 3.262911253237592609e+04 3.136950411461164379e+01 6.977105173371351562e+12 0.000000000000000000e+00 5.194880205682210643e+24
3.414407344913552050e+06 3.247641565025179443e+04 3.212955175953795361e+01 6.884232020115037109e+12 0.000000000000000000e+00 5.612227677195295215e+24
3.504260169779698364e+06 3.231964295235000827e+04 3.288261253408239781e+01 6.789597395226820312e+12 0.000000000000000000e+00 6.050027125434744681e+24
3.594112994645844214e+06 3.215869253062651478e+04 3.362850544918592988e+01 6.693254971818785156e+12 0.000000000000000000e+00 6.508599163078190402e+24
3.683965819511990529e+06 3.199416032100493612e+04 3.436704954171696613e+01 6.595259594535746094e+12 0.000000000000000000e+00 6.988250135912821952e+24
3.773818644378136843e+06 3.182517044235199137e+04 3.509806386417857027e+01 6.495667278630725586e+12 0.000000000000000000e+00 7.489272093575704446e+24
3.863671469244282693e+06 3.165229429560582503e+04 3.582135868259748435e+01 6.394534202222204102e+12 0.000000000000000000e+00 8.011912508762184242e+24
3.953524294110429008e+06 3.147570038663977903e+04 3.653675199666374596e+01 6.291917498629490234e+12 0.000000000000000000e+00 8.556405371172262945e+24
4.043377118976574857e+06 3.129486196953131002e+04 3.724407133513050638e+01 6.187875884372651367e+12 0.000000000000000000e+00 9.122989077509324094e+24
4.133229943842721172e+06 3.110989010819830582e+04 3.794314252843768998e+01 6.082468820469399414e+12 0.000000000000000000e+00 9.711878827380734396e+24
4.223082768708867021e+06 3.092109417943272274e+04 3.863378970871194440e+01 5.975756512435101562e+12 0.000000000000000000e+00 1.032326662329781258e+25
4.312935593575013801e+06 3.072841981177673733e+04 3.931583530976666907e+01 5.867799910282765625e+12 0.000000000000000000e+00 1.095732127067586807e+25
4.402788418441159651e+06 3.053172316893279640e+04 3.998910006710200804e+01 5.758660708523054688e+12 0.000000000000000000e+00 1.161418837783415371e+25
4.492641243307305500e+06 3.033067733901029715e+04 4.065340301790484290e+01 5.648401346164277344e+12 0.000000000000000000e+00 1.229399035599591196e+25
4.582494068173451349e+06 3.012568617586379696e+04 4.130856150104879987e+01 5.537085006712390625e+12 0.000000000000000000e+00 1.299682641928835343e+25
4.672346893039598130e+06 2.991671023281903763e+04 4.195439115709426403e+01 5.424775618170998047e+12 0.000000000000000000e+00 1.372277258474265470e+25
4.762199717905743979e+06 2.970371204708008008e+04 4.259070592828832247e+01 5.311537853041357422e+12 0.000000000000000000e+00 1.447188167229394759e+25
4.852052542771889828e+06 2.948665891359601665e+04 4.321731805856485664e+01 5.197437128322370117e+12 0.000000000000000000e+00 1.524418330478135354e+25
4.941905367638035677e+06 2.926552335911522823e+04 4.383403809354445002e+01 5.082539605510587891e+12 0.000000000000000000e+00 1.603968390794795999e+25
5.031758192504182458e+06 2.904028039075627021e+04 4.444067488053447335e+01 4.966912190600208984e+12 0.000000000000000000e+00 1.685836671044082250e+25
5.121611017370328307e+06 2.881090991383721848e+04 4.503703556852898515e+01 4.850622534083085938e+12 0.000000000000000000e+00 1.770019174381095186e+25
5.211463842236474156e+06 2.857739926938866120e+04 4.562292560820883125e+01 4.733739030948711914e+12 0.000000000000000000e+00 1.856509584251334422e+25
5.301316667102620937e+06 2.833973828510747990e+04 4.619814875194158788e+01 4.616330820684232422e+12 0.000000000000000000e+00 1.945299264390697026e+25
5.391169491968766786e+06 2.809792309888651653e+04 4.676251241985597318e+01 4.498467524814755859e+12 0.000000000000000000e+00 2.036376825486363669e+25
5.481022316834912635e+06 2.785195495730154653e+04 4.731583354752218185e+01 4.380218667215511230e+12 0.000000000000000000e+00 2.129727169325605419e+25
5.570875141701058485e+06 2.760172866299295856e+04 4.785791824931845895e+01 4.261654506600830566e+12 0.000000000000000000e+00 2.225332892810287893e+25
5.660727966567205265e+06 2.734689403122849762e+04 4.838857148495940663e+01 4.142845734523089844e+12 0.000000000000000000e+00 2.323173805514093804e+25
5.750580791433351114e+06 2.708785983962658429e+04 4.890759313798411512e+01 4.023863710087936523e+12 0.000000000000000000e+00 2.423226645733552745e+25
5.840433616299496964e+06 2.682465220657441023e+04 4.941477440067102123e+01 3.904780615319542969e+12 0.000000000000000000e+00 2.525464825567338023e+25
5.930286441165643744e+06 2.655683996821477922e+04 4.990991932531984787e+01 3.785668166583199707e+12 0.000000000000000000e+00 2.629859431486249812e+25
6.020139266031789593e+06 2.628444269215102395e+04 5.039281479958494714e+01 3.666599371792375488e+12 0.000000000000000000e+00 2.736377544950987101e+25
6.109992090897935443e+06 2.600789129058593971e+04 5.086323065518975994e+01 3.547648525617630859e+12 0.000000000000000000e+00 2.844982219335075375e+25
6.199844915764081292e+06 2.572613516791705479e+04 5.132095292198617642e+01 3.428889222973208496e+12 0.000000000000000000e+00 2.955634138860191622e+25
6.289697740630228072e+06 2.544024641908500053e+04 5.176576771398437415e+01 3.310395188041896973e+12 0.000000000000000000e+00 3.068290834454007030e+25
6.379550565496373922e+06 2.514901888023793435e+04 5.219744797738367481e+01 3.192241094129686035e+12 0.000000000000000000e+00 3.182905593543409150e+25
6.469403390362519771e+06 2.485325536408234257e+04 5.261575502977242280e+01 3.074502481773512695e+12 0.000000000000000000e+00 3.299427489445647289e+25
6.559256215228666551e+06 2.455252576059713465e+04 5.302044006220402395e+01 2.957255663635207031e+12 0.000000000000000000e+00 3.417801473735390228e+25
6.649109040094812401e+06 1.323491489931871547e+04 5.308408967762503750e+01 2.861567856557275879e+12 0.000000000000000000e+00 3.516297539094197034e+25
6.738961864960958250e+06 1.312829879204714234e+04 5.265832988834691264e+01 2.798935661777873047e+12 0.000000000000000000e+00 3.583004821562973852e+25
6.828814689827104099e+06 1.302221048252340188e+04 5.225420193341271613e+01 2.737305359281029297e+12 0.000000000000000000e+00 3.650952550153385570e+25
6.918667514693250880e+06 1.291658780788783770e+04 5.187056489946344584e+01 2.676632504153916504e+12 0.000000000000000000e+00 3.720147906543533743e+25
7.008520339559396729e+06 1.281138648209529856e+04 5.150619749486444476e+01 2.616884867253406250e+12 0.000000000000000000e+00 3.790587037104337940e+25
7.098373164425542578e+06 1.270656507031857473e+04 5.115994393433210519e+01 2.558032736814683105e+12 0.000000000000000000e+00 3.862264940719733598e+25
7.188225989291688427e+06 1.260208242280412014e+04 5.083072161671294253e+01 2.500046803129707031e+12 0.000000000000000000e+00 3.935177455612294888e+25
7.278078814157835208e+06 1.249789861962022769e+04 5.051755102151347643e+01 2.442901062325325684e+12 0.000000000000000000e+00 4.009319462167224145e+25
7.367931639023981057e+06 1.239398007154248262e+04 5.021950192204791108e+01 2.386571280443757812e+12 0.000000000000000000e+00 4.084684917413773533e+25
7.457784463890126906e+06 1.229029129248211575e+04 4.993568620307962647e+01 2.331034512169801270e+12 0.000000000000000000e+00 4.161267096865366762e+25
7.547637288756273687e+06 1.218679909797129221e+04 4.966525786082122096e+01 2.276269100830833984e+12 0.000000000000000000e+00 4.239058594519601657e+25
7.637490113622419536e+06 1.208347138711678781e+04 4.940741300293449711e+01 2.222254678396816895e+12 0.000000000000000000e+00 4.318051322858242435e+25
7.727342938488565385e+06 1.198027641598894661e+04 4.916138984853044036e+01 2.168972165480290283e+12 0.000000000000000000e+00 4.398236512847225713e+25
7.817195763354711235e+06 1.187718645678074245e+04 4.892646872816924741e+01 2.116403771336375000e+12 0.000000000000000000e+00 4.479604713936658793e+25
7.907048588220858015e+06 1.177417209943785201e+04 4.870197208386030496e+01 2.064532993862772461e+12 0.000000000000000000e+00 4.562145794060822237e+25
7.996901413087003864e+06 1.167120858424793551e+04 4.848726446906221810e+01 2.013344619599767090e+12 0.000000000000000000e+00 4.645848939638162138e+25
8.086754237953149714e+06 1.156827033897692672e+04 4.828175254868277477e+01 1.962824723730221924e+12 0.000000000000000000e+00 4.730702655571299565e+25
8.176607062819296494e+06 1.146533671565507029e+04 4.808488509907896713e+01 1.912960670079580566e+12 0.000000000000000000e+00 4.816694765247025415e+25
8.266459887685442343e+06 1.136238621030849390e+04 4.789611612182070388e+01 1.863740095948818115e+12 0.000000000000000000e+00 4.903812238338779623e+25
8.356312712551588193e+06 1.125927907091250927e+04 4.771490708877997378e+01 1.815151142895215088e+12 0.000000000000000000e+00 4.992041030319387917e+25
8.446165537417734042e+06 1.115606102300382918e+04 4.754078444841400852e+01 1.767183967991051270e+12 0.000000000000000000e+00 5.081366356059325346e+25
8.536018362283879891e+06 1.105275341868701616e+04 4.737329102774737777e+01 1.719829290007064941e+12 0.000000000000000000e+00 5.171772552153699977e+25
8.625871187150027603e+06 1.094934313838565868e+04 4.721198561679647554e+01 1.673078377503531006e+12 0.000000000000000000e+00 5.263243075381604317e+25
8.715724012016173452e+06 1.084581392377338852e+04 4.705644296856952735e+01 1.626923048830265381e+12 0.000000000000000000e+00 5.355760502706098130e+25
8.805576836882319301e+06 1.074205354246547358e+04 4.690625379906657599e+01 1.581355672126619141e+12 0.000000000000000000e+00 5.449306531274228198e+25
8.895429661748465151e+06 1.063799374463700224e+04 4.676102478727950995e+01 1.536369165321481934e+12 0.000000000000000000e+00 5.543861978417017151e+25
8.985282486614611000e+06 1.053376342180816573e+04 4.662037857519202788e+01 1.491956996133281250e+12 0.000000000000000000e+00 5.639406781649465188e+25
9.075135311480756849e+06 1.042934753122880647e+04 4.648395376777966703e+01 1.448113182069982178e+12 0.000000000000000000e+00 5.735919998670548357e+25
9.164988136346902698e+06 1.032451461701458175e+04 4.635140493300979614e+01 1.404832290429088623e+12 0.000000000000000000e+00 5.833379807363224565e+25
9.254840961213048548e+06 1.021939122419493651e+04 4.622240260184160121e+01 1.362109438297641113e+12 0.000000000000000000e+00 5.931763505794425855e+25
9.344693786079196259e+06 1.011404521912293785e+04 4.609663326822610685e+01 1.319940292552217773e+12 0.000000000000000000e+00 6.031047512215066989e+25
9.434546610945342109e+06 1.000816898236590350e+04 4.597379938910615493e+01 1.278321069858937500e+12 0.000000000000000000e+00 6.131207365060034282e+25
9.524399435811487958e+06 9.901998651698431786e+03 4.585361938441642593e+01 1.237248536673453613e+12 0.000000000000000000e+00 6.232217722948196773e+25
9.614252260677633807e+06 9.795407720265342505e+03 4.573582763708341759e+01 1.196720009240958984e+12 0.000000000000000000e+00 6.334052364682399347e+25
9.704105085543779656e+06 9.688336949243013805e+03 4.562017449302547334e+01 1.156733353596183594e+12 0.000000000000000000e+00 6.436684189249466179e+25
9.793957910409925506e+06 9.580857925728103510e+03 4.550641081773299135e+01 1.117286721788901367e+12 0.000000000000000000e+00 6.540084213732480059e+25
9.883810735276071355e+06 9.472828762101795292e+03 4.539425705205930939e+01 1.078377919507291382e+12 0.000000000000000000e+00 6.644220323064845562e+25
9.973663560142219067e+06 9.364290910166168032e+03 4.528347628438408634e+01 1.040005614098434692e+12 0.000000000000000000e+00 6.749062108562420040e+25
1.006351638500836492e+07 9.255253787033954723e+03 4.517383926772418334e+01 1.002168831124430176e+12 0.000000000000000000e+00 6.854577780232946273e+25
1.015336920987451077e+07 9.145514353570433741e+03 4.506512086251984783e+01 9.648668973687465820e+11 0.000000000000000000e+00 6.960733905419647466e+25
1.024322203474065661e+07 9.035246841252239392e+03 4.495710003663471355e+01 9.280994408362263184e+11 0.000000000000000000e+00 7.067495408801216942e+25
1.033307485960680246e+07 8.924359755048419174e+03 4.484955986535580763e+01 8.918663907530837402e+11 0.000000000000000000e+00 7.174825572391824153e+25
1.042292768447294831e+07 8.812664003638550639e+03 4.474228753139352222e+01 8.561679775669057617e+11 0.000000000000000000e+00 7.282686035541109529e+25
1.051278050933909416e+07 8.700283801945464802e+03 4.463507432488164994e+01 8.210047329466517334e+11 0.000000000000000000e+00 7.391036794934189628e+25
1.060263333420524187e+07 8.587159099921396773e+03 4.452771564337736265e+01 7.863774897826528320e+11 0.000000000000000000e+00 7.499836204591656280e+25
1.069248615907138772e+07 8.473232399469750817e+03 4.442001099186121849e+01 7.522873821866146240e+11 0.000000000000000000e+00 7.609040975869566279e+25
1.078233898393753357e+07 8.358450551055935648e+03 4.431176398273716188e+01 7.187358454916130371e+11 0.000000000000000000e+00 7.718606177459458560e+25
1.087219180880367942e+07 8.242764086357365159e+03 4.420278233583251648e+01 6.857246162520971680e+11 0.000000000000000000e+00 7.828485235388343897e+25
1.096204463366982527e+07 8.126127990840905113e+03 4.409287787839799222e+01 6.532557322438884277e+11 0.000000000000000000e+00 7.938629933018707472e+25
1.105189745853597112e+07 8.008501089736926588e+03 4.398186654510769245e+01 6.213315324641806641e+11 0.000000000000000000e+00 8.048990411048502868e+25
1.114175028340211697e+07 7.889847916008420725e+03 4.386956837805908549e+01 5.899546571315401611e+11 0.000000000000000000e+00 8.159515167511163234e+25
1.123160310826826468e+07 7.769989681095023116e+03 4.375580752677304730e+01 5.591280476859052734e+11 0.000000000000000000e+00 8.270151057775597849e+25
1.132145593313441053e+07 7.648961202699045316e+03 4.364041224819383302e+01 5.288549467885881348e+11 0.000000000000000000e+00 8.380843294546176661e+25
1.141130875800055638e+07 7.526696168171511090e+03 4.352321490668906279e+01 4.991388983222716064e+11 0.000000000000000000e+00 8.491535447862756054e+25
1.150116158286670223e+07 7.403053050738201819e+03 4.340402603926905556e+01 4.699838382136114502e+11 0.000000000000000000e+00 8.602164537765166357e+25
1.159101440773284808e+07 7.277951514681657500e+03 4.328264240839983756e+01 4.413938603876636963e+11 0.000000000000000000e+00 8.712663365712359598e+25
1.168086723259899393e+07 7.151335781092305297e+03 4.315888018135682103e+01 4.133733382661746826e+11 0.000000000000000000e+00 8.822965820040762476e+25
1.177072005746513978e+07 7.023064145796026423e+03 4.303254887650548710e+01 3.859271877793012695e+11 0.000000000000000000e+00 8.933001257222755610e+25
1.186057288233128749e+07 6.893009832448069574e+03 4.290345131520496835e+01 3.590608676659349976e+11 0.000000000000000000e+00 9.042694492239901206e+25
1.195042570719743334e+07 6.761065681036518981e+03 4.277138362180807718e+01 3.327803794737044678e+11 0.000000000000000000e+00 9.151965798582937898e+25
1.204027853206357919e+07 6.627027772912183536e+03 4.263613522366127029e+01 3.070922675589715576e+11 0.000000000000000000e+00 9.260730908251791057e+25
1.213013135692972504e+07 6.490785380826886467e+03 4.249748885110465579e+01 2.820036190868339844e+11 0.000000000000000000e+00 9.368901011755569357e+25
1.221998418179587089e+07 6.352049183183199602e+03 4.235522053747202165e+01 2.575220640311249390e+11 0.000000000000000000e+00 9.476382758112559619e+25
1.230983700666201673e+07 6.210632303935492018e+03 4.220909961909080721e+01 2.336557751744125061e+11 0.000000000000000000e+00 9.583078254850233686e+25
1.239968983152816258e+07 6.066255465892615575e+03 4.205887542222378528e+01 2.104139990982974548e+11 0.000000000000000000e+00 9.688880801884249856e+25
1.248954265639431030e+07 5.918617737679134734e+03 4.190427748388336937e+01 1.878068911973786011e+11 0.000000000000000000e+00 9.793675465184442487e+25
1.257939548126045614e+07 5.767355490070161068e+03 4.174502314801208769e+01 1.658453768787337341e+11 0.000000000000000000e+00 9.897341143406222605e+25
1.266924830612660199e+07 5.611954234674447434e+03 4.158079085293631039e+01 1.445423774204293823e+11 0.000000000000000000e+00 9.999741563367934756e+25
1.275910113099274784e+07 5.451861140710901964e+03 4.141121985692287666e+01 1.239128217868908691e+11 0.000000000000000000e+00 1.010072518959710028e+26
1.284895395585889369e+07 5.286440251085707132e+03 4.123591023817907342e+01 1.039736466289017639e+11 0.000000000000000000e+00 1.020012522433040871e+26
1.293880678072503954e+07 5.114791636448779172e+03 4.105442289485268503e+01 8.474379628360409546e+10 0.000000000000000000e+00 1.029775960751372983e+26
1.302865960559118539e+07 4.935757153230759286e+03 4.086626607286125790e+01 6.624482108450342560e+10 0.000000000000000000e+00 1.039342692035123142e+26
1.311851243045733310e+07 4.747798314699970433e+03 4.067082844283399368e+01 4.850386993336090088e+10 0.000000000000000000e+00 1.048688574524589149e+26
1.320836525532347895e+07 4.548799178198658410e+03 4.046737237352947858e+01 3.155419924991824341e+10 0.000000000000000000e+00 1.057785195765873767e+26
1.329821808018962480e+07 4.335597624303889461e+03 4.025497705615469357e+01 1.543783030486401749e+10 0.000000000000000000e+00 1.066598135203298619e+26
1.338807090505577065e+07 4.103228593881618508e+03 4.003244589541880316e+01 2.098557310454864502e+08 0.000000000000000000e+00 1.075084171302029999e+26
