# Radius (m)	Density (kg/m^3)	Gravity (m/s^2)	Pressure (Pa)	Temperature (K)	Mass Enclosed (kg)
0.000000000000000000e+00 3.034625414899316092e+04 0.000000000000000000e+00 5.657293079610029297e+12 2.346521921352038080e+17 0.000000000000000000e+00
8.266172342426615069e+04 3.034464945603184606e+04 7.013354573427728056e-01 5.656413375713614258e+12 2.316217240298697600e+17 7.180077292897553613e+19
1.653234468485323014e+05 3.033983619031968556e+04 1.402537316453873251e+00 5.653774709810819336e+12 2.291572862775905920e+17 5.743474472339814482e+20
2.479851702727984521e+05 3.033181679747164162e+04 2.103472291508444059e+00 5.649378422604864258e+12 2.243080142361992320e+17 1.938129844890261520e+21
3.306468936970646027e+05 3.032059534840212291e+04 2.804007542307941137e+00 5.643226745799481445e+12 2.172287797309173120e+17 4.593062582957132743e+21
4.133086171213307534e+05 3.030617747856950882e+04 3.504011779096710910e+00 5.635322768792331055e+12 2.081413872989955840e+17 8.968125707116783600e+21
4.959703405455969041e+05 3.028857051327619411e+04 4.203350766529607263e+00 5.625670507365388672e+12 1.973228735746894400e+17 1.549148621913899559e+22
5.786320639698631130e+05 3.026757991976408084e+04 4.901883410982396327e+00 5.614274927530618164e+12 1.850913393080340160e+17 2.459002615762952126e+22
6.612937873941292055e+05 3.024333093573523365e+04 5.599471840975057901e+00 5.601141869044859375e+12 1.717903335079939200e+17 3.668858537363520461e+22
7.439555108183952980e+05 3.021588625160509400e+04 6.295981527288166291e+00 5.586278044590378906e+12 1.577727247695488000e+17 5.220995443079436567e+22
8.266172342426615069e+05 3.018525987350025389e+04 6.991281282962886756e+00 5.569691039774867188e+12 1.433852929501010080e+17 7.157487460533679633e+22
9.092789576669277158e+05 3.015146741127044879e+04 7.685243288016819996e+00 5.551389308769809570e+12 1.289549283533378080e+17 9.520193348752200067e+22
9.919406810911938082e+05 3.011452587430110725e+04 8.377740192527038943e+00 5.531382063724202148e+12 1.147771286368729440e+17 1.235048532200888017e+23
1.074602404515459901e+06 3.007445413041629217e+04 9.068636437859861843e+00 5.509679523302733398e+12 1.011072944546950240e+17 1.568976030239217859e+23
1.157264127939726226e+06 3.003106699206531630e+04 9.757795200886473452e+00 5.486292827875124023e+12 8.815507206298323200e+16 1.957915393517448059e+23
1.239925851363992319e+06 2.998423249463944012e+04 1.044508029853812481e+01 5.461233954243692383e+12 7.608172613155915200e+16 2.405932975247256013e+23
1.322587574788258411e+06 2.993429667967199930e+04 1.113035618780614122e+01 5.434515715643351562e+12 6.500019578910178400e+16 2.917047917324767718e+23
1.405249298212524503e+06 2.988128505809885246e+04 1.181348796574191695e+01 5.406151761741609375e+12 5.497751072372044000e+16 3.495232150330552070e+23
1.487911021636790596e+06 2.982522470413043629e+04 1.249434136945691343e+01 5.376156578638571289e+12 4.603927337413257600e+16 4.144410393529621529e+23
1.570572745061056921e+06 2.976555399258750549e+04 1.317278277612266280e+01 5.344545488866936523e+12 3.817544441854429600e+16 4.868460154871433134e+23
1.653234468485323014e+06 2.970272302839446274e+04 1.384867920297076260e+01 5.311334651392000977e+12 3.134687802832714400e+16 5.671211730989887154e+23
1.735896191909589106e+06 2.963689768462569191e+04 1.452189830729288289e+01 5.276541061611656250e+12 2.549194151054835600e+16 6.556448207203326084e+23
1.818557915333855432e+06 2.956792858399353281e+04 1.519230838644076620e+01 5.240182551356388672e+12 2.053314697140409200e+16 7.527905457514539343e+23
1.901219638758121524e+06 2.949533784081994236e+04 1.585977837782621513e+01 5.202277788889281250e+12 1.638325752823676400e+16 8.589272144610760589e+23
1.983881362182387616e+06 2.941982305834913859e+04 1.652417718986773210e+01 5.162846178642971680e+12 1.295054925612149600e+16 9.744168165070297482e+23
2.066543085606653709e+06 2.934126370953863807e+04 1.718536716312694779e+01 5.121907167063248047e+12 1.014311242222791000e+16 1.099598930652030434e+24
2.149204809030919801e+06 2.925901801789145975e+04 1.784321402636820864e+01 5.079481994710113281e+12 7.872337369438496000e+15 1.234827120165436564e+24
2.231866532455185894e+06 2.917393433120282862e+04 1.849758492877081295e+01 5.035592886357907227e+12 6.055403296840524000e+15 1.380451868807842064e+24
2.314528255879452452e+06 2.908554122093725164e+04 1.914834679658343575e+01 4.990262745514673828e+12 4.616868349019157000e+15 1.536814091173295982e+24
2.397189979303718545e+06 2.899380016188272930e+04 1.979536633312409677e+01 4.943515154422163086e+12 3.489617368851277000e+15 1.704245132689300072e+24
2.479851702727984637e+06 2.889926662591271452e+04 2.043851001878019247e+01 4.895374374055828125e+12 2.615151973529012500e+15 1.883066769616813089e+24
2.562513426152250730e+06 2.880090889337271437e+04 2.107764411100848889e+01 4.845865344124828125e+12 1.943430098173094750e+15 2.073591209050248105e+24
2.645175149576516822e+06 2.869988380594892078e+04 2.171263464433509682e+01 4.795013683072023438e+12 1.432390977971423000e+15 2.276121088917472509e+24
2.727836873000782914e+06 2.859517849580640905e+04 2.234334743035550730e+01 4.742845688073982422e+12 1.047231445923323375e+15 2.490949477979809080e+24
2.810498596425049007e+06 2.848766651138872112e+04 2.296964805773457385e+01 4.689388335040976562e+12 7.595973992299966250e+14 2.718359875832035183e+24
2.893160319849315099e+06 2.837655504976123484e+04 2.359140189220650541e+01 4.634669278616981445e+12 5.467083845416492500e+14 2.958626212902382231e+24
2.975822043273581192e+06 2.826263287630614650e+04 2.420847407657487693e+01 4.578716852179678711e+12 3.905119453329616875e+14 3.212012850452537295e+24
3.058483766697847750e+06 2.814501597812106047e+04 2.482072953071264010e+01 4.521560067840452148e+12 2.768819543290126250e+14 3.478774580577645254e+24
3.141145490122113843e+06 2.802468825009286229e+04 2.542803295156209487e+01 4.463228616444391602e+12 1.949016178626052188e+14 3.759156626206298055e+24
3.223807213546379935e+06 2.790057448172367731e+04 2.603024881313491079e+01 4.403752867570291016e+12 1.362308354600096875e+14 4.053394641100548136e+24
3.306468936970646027e+06 2.777356746134892455e+04 2.662724136651212348e+01 4.343163869530650391e+12 9.457083674737712500e+13 4.361714709855904131e+24
3.389130660394912120e+06 2.764327504054382007e+04 2.721887463984413102e+01 4.281493349371670898e+12 6.521436303881240625e+13 4.684333347901323354e+24
3.471792383819178212e+06 2.750953079006952248e+04 2.780501243835069403e+01 4.218773712873261230e+12 4.468053058729607812e+13 5.021457501499224683e+24
3.554454107243444305e+06 2.737283719470089272e+04 2.838551834432093912e+01 4.155038044549032227e+12 3.042071424733535938e+13 5.373284547745477286e+24
3.637115830667710863e+06 2.723268283825097751e+04 2.896025571711335544e+01 4.090320107646301758e+12 2.058655795574042969e+13 5.740002294569409748e+24
3.719777554091976956e+06 2.708914848747623910e+04 2.952908769315580173e+01 4.024654344146089844e+12 1.385005753146502344e+13 6.121788980733798261e+24
3.802439277516243048e+06 2.694253738073287604e+04 3.009187398452664297e+01 3.958075694164856445e+12 9.265408692739851562e+12 6.518802711625138793e+24
3.885101000940509140e+06 2.679278547163547773e+04 3.064847021624217760e+01 3.890619280494302246e+12 6.164737326597212891e+12 6.931168360020183282e+24
3.967762724364775233e+06 2.663927148045439753e+04 3.119874334542103256e+01 3.822321199218971680e+12 4.080331511073522461e+12 7.359026861880944884e+24
4.050424447789041325e+06 2.648257448740417021e+04 3.174255919988201669e+01 3.753218077176127441e+12 2.687228800717349121e+12 7.802505321633938626e+24
4.133086171213307418e+06 2.632264112985000247e+04 3.227978161921814149e+01 3.683347033095531738e+12 1.761323499120520996e+12 8.261714576565371834e+24
4.215747894637573510e+06 2.615942185249446629e+04 3.281027245479663890e+01 3.612745677599445312e+12 1.149203091698620605e+12 8.736749196821139840e+24
4.298409618061839603e+06 2.599287190981422827e+04 3.333389156975894707e+01 3.541452113202627441e+12 7.465812514101805420e+11 9.227687485406825975e+24
4.381071341486105695e+06 2.582288090935878427e+04 3.385049683902072104e+01 3.469504934312335449e+12 4.830377747948813477e+11 9.734591478187706945e+24
4.463733064910371788e+06 2.564934418547191308e+04 3.435994414927180429e+01 3.396943227228326172e+12 3.113234483098699341e+11 1.025750694388874638e+25
4.546394788334637880e+06 2.547242037140328830e+04 3.486208739897628561e+01 3.323806570142854492e+12 1.999281405389224854e+11 1.079646338409459915e+25
4.629056511758904904e+06 2.529207156022909840e+04 3.535677849837243514e+01 3.250135033140673828e+12 1.279595047088626404e+11 1.135147403324961778e+25
4.711718235183170997e+06 2.510826991372879274e+04 3.584386736947274699e+01 3.175969178199038086e+12 8.164206670568327332e+10 1.192253585865781809e+25
4.794379958607437089e+06 2.492098856288169191e+04 3.632320194606391794e+01 3.101350059187697266e+12 5.194046150296415710e+10 1.250962956048293077e+25
4.877041682031703182e+06 2.473019927632661711e+04 3.679462817370686878e+01 3.026319221868901367e+12 3.295769055159628296e+10 1.311271957174837128e+25
4.959703405455969274e+06 2.453587807691276248e+04 3.725799000973672293e+01 2.950918703897398438e+12 2.086300466611732864e+10 1.373175405833724202e+25
5.042365128880235367e+06 2.433773877797049136e+04 3.771312942326280648e+01 2.875191034820435547e+12 1.317884957797788620e+10 1.436666491899233444e+25
5.125026852304501459e+06 2.413598138330667280e+04 3.815988639516866954e+01 2.799179236077757812e+12 8.309451645158166885e+09 1.501736778531612482e+25
5.207688575728767551e+06 2.393059564554656390e+04 3.859809916414511122e+01 2.722926811505402832e+12 5.230886388762561798e+09 1.568376197092234926e+25
5.290350299153033644e+06 2.372157981087136432e+04 3.902762080473514317e+01 2.646477074117172363e+12 3.288521433508027554e+09 1.636572440555869339e+25
5.373012022577299736e+06 2.350891544919808075e+04 3.944829280968016860e+01 2.569874047455142578e+12 2.065207349532170773e+09 1.706310737347321080e+25
5.455673746001565829e+06 2.329199384659919451e+04 3.985994303035361952e+01 2.493162557986629395e+12 1.295928405068539619e+09 1.777574238805586652e+25
5.538335469425831921e+06 2.307139355488407818e+04 4.026239728632641857e+01 2.416387798790755859e+12 8.127796806007781029e+08 1.850343899934956460e+25
5.620997192850098014e+06 2.284696264478070225e+04 4.065547936536698614e+01 2.339595329558448730e+12 5.096331733276190758e+08 1.924598479405013740e+25
5.703658916274364106e+06 2.261817999550743116e+04 4.103901102344124041e+01 2.262831076592442871e+12 3.195622591758478880e+08 2.000314539550636272e+25
5.786320639698630199e+06 2.238566375222269198e+04 4.141281186816716797e+01 2.186141338545389404e+12 2.004421391355949044e+08 2.077466439976018491e+25
5.868982363122896291e+06 2.214852038943387743e+04 4.177668088321117068e+01 2.109573662611126709e+12 1.257998389531527162e+08 2.156025247661743009e+25
5.951644086547162384e+06 2.190737058027064631e+04 4.213045394312286618e+01 2.033173913632033447e+12 7.902315205599132180e+07 2.235961636912090623e+25
6.034305809971429408e+06 2.166173361159505293e+04 4.247393329884316415e+01 1.956989815985664795e+12 4.969768746882805228e+07 2.317242128005927681e+25
6.116967533395695500e+06 1.140980210943149723e+04 4.270815245468508436e+01 1.886124425964387451e+12 3.247322065072574094e+07 2.394292478485939094e+25
6.199629256819961593e+06 1.132551924004569082e+04 4.234955404439888582e+01 1.846424004690192871e+12 2.454354887819679081e+07 2.438790986505020057e+25
6.282290980244227685e+06 1.124177030131263018e+04 4.201451666364190629e+01 1.807077861567817627e+12 1.928498153503047302e+07 2.484447185007473183e+25
6.364952703668493778e+06 1.115835956924247512e+04 4.169682755002750696e+01 1.768324991302070557e+12 1.520899464940113202e+07 2.530973954630338325e+25
6.447614427092759870e+06 1.107525028961751741e+04 4.139545810267456005e+01 1.730144990951294434e+12 1.203708173687907681e+07 2.578369468883736288e+25
6.530276150517025962e+06 1.099240955455207404e+04 4.110946475522206356e+01 1.692517786451960693e+12 9.559331939268711954e+06 2.626632824741477305e+25
6.612937873941292055e+06 1.090980442840004253e+04 4.083797313366325454e+01 1.655425088291381592e+12 7.616741784312718548e+06 2.675762536334644935e+25
6.695599597365558147e+06 1.082740241008723024e+04 4.058015095705257380e+01 1.618849728348022217e+12 6.088345348913264461e+06 2.725756564147375425e+25
6.778261320789824240e+06 1.074517285492638257e+04 4.033520785832065769e+01 1.582775553382644043e+12 4.881730027936885133e+06 2.776612399698606169e+25
6.860923044214090332e+06 1.066308552582161064e+04 4.010239538427438788e+01 1.547187425038306152e+12 3.926012208800190594e+06 2.828327065542075281e+25
6.943584767638356425e+06 1.058111613327533996e+04 3.988100699559682738e+01 1.512071219840364258e+12 3.166610425927409437e+06 2.880897115266321591e+25
7.026246491062622517e+06 1.049923427343702497e+04 3.967037806684729162e+01 1.477413829196471191e+12 2.561338415997785516e+06 2.934318633494685079e+25
7.108908214486888610e+06 1.041741435869292036e+04 3.946988588646129159e+01 1.443203159396576660e+12 2.077472364833442261e+06 2.988587235885305583e+25
7.191569937911154702e+06 1.033563545740319023e+04 3.927894766838916496e+01 1.409428079965994385e+12 1.689539588449398987e+06 3.043698074887667038e+25
7.274231661335421726e+06 1.025387346019990218e+04 3.909698054683881452e+01 1.376077321656094971e+12 1.377644762007407844e+06 3.099646047325942356e+25
7.356893384759687819e+06 1.017210231953064431e+04 3.892346632374818682e+01 1.343141100037471191e+12 1.126198141084589763e+06 3.156425685397696163e+25
7.439555108183953911e+06 1.009030479682691657e+04 3.875792545976486281e+01 1.310610622286633301e+12 9.229450320540344110e+05 3.214030957641911294e+25
7.522216831608220004e+06 1.000846169901216490e+04 3.859989540668452435e+01 1.278477552083741455e+12 7.582227222688493785e+05 3.272455290504093886e+25
7.604878555032486096e+06 9.926553761644816404e+03 3.844893060745095426e+01 1.246734009612606445e+12 6.243897067550381180e+05 3.331691568336278101e+25
7.687540278456752189e+06 9.844561671539500821e+03 3.830460249615602208e+01 1.215372571560688965e+12 5.153855451808713842e+05 3.391732133397022266e+25
7.770202001881018281e+06 9.762468129709006462e+03 3.816649949803967701e+01 1.184386271119099365e+12 4.263903056691027014e+05 3.452568785851410586e+25
7.852863725305284373e+06 9.680257132310645829e+03 3.803422702948999046e+01 1.153768597982598389e+12 3.535602241678090068e+05 3.514192783771054863e+25
7.935525448729550466e+06 9.597915902493714384e+03 3.790740749804309928e+01 1.123513498349597168e+12 2.938218981736139976e+05 3.576594843134089773e+25
8.018187172153816558e+06 9.515328223474811239e+03 3.778568030238324837e+01 1.093615374922156494e+12 2.447116463237874850e+05 3.639765137825178879e+25
8.100848895578082651e+06 9.432518134346741135e+03 3.766870183234277647e+01 1.064069086905987183e+12 2.042497481424688594e+05 3.703693299635509045e+25
8.183510619002348743e+06 9.349521651268401911e+03 3.755614546890210903e+01 1.034869950010450439e+12 1.708411435742355825e+05 3.768368418262794733e+25
8.266172342426614836e+06 9.266329007412929059e+03 3.744770158418976536e+01 1.006013736448557251e+12 1.431976158415838145e+05 3.833779041311274998e+25
8.348834065850880928e+06 9.182927662923499156e+03 3.734307754148235858e+01 9.774966749369688721e+11 1.202764727880749269e+05 3.899913174291715631e+25
8.431495789275147021e+06 9.099104870356874017e+03 3.724199769520460279e+01 9.493154506959965820e+11 1.012319323628338898e+05 3.966758280621407016e+25
8.514157512699414045e+06 9.015036686748389911e+03 3.714420339092929169e+01 9.214672054496014404e+11 8.537650208093829860e+04 4.034301281624167993e+25
8.596819236123679206e+06 8.930725587367456683e+03 3.704945296537731991e+01 8.939495374253957520e+11 7.214981620189949172e+04 4.102528556530338557e+25
8.679480959547946230e+06 8.846007809132006514e+03 3.695751185707081987e+01 8.667602764085207520e+11 6.109431529284328280e+04 4.171425691422018841e+25
8.762142682972211391e+06 8.760922857115881925e+03 3.686811366779731003e+01 8.398965761230429688e+11 5.183572502423905098e+04 4.240976771478945287e+25
8.844804406396478415e+06 8.675566672599032245e+03 3.678103170912339692e+01 8.133565476922761230e+11 4.406714928117099043e+04 4.311166286355679137e+25
8.927466129820743576e+06 8.589653278961932301e+03 3.669605050051121964e+01 7.871386529960545654e+11 3.753644301097899006e+04 4.381978008727315440e+25
9.010127853245010599e+06 8.503432184432154827e+03 3.661295963010015697e+01 7.612415673765797119e+11 3.203614230097144900e+04 4.453394813565437716e+25
9.092789576669275761e+06 8.416693612036140621e+03 3.653155375470682031e+01 7.356641796384235840e+11 2.739508320160844596e+04 4.525398678138105927e+25
9.175451300093542784e+06 8.329549501964349474e+03 3.645163259982505366e+01 7.104055920485253906e+11 2.347187672006037610e+04 4.597970682009865069e+25
9.258113023517809808e+06 8.241840884186942276e+03 3.637300095962593360e+01 6.854651203361945801e+11 2.014946828965834356e+04 4.671091007041736584e+25
9.340774746942074969e+06 8.153726384650293767e+03 3.629546869695778355e+01 6.608422936931097412e+11 1.733080138608712878e+04 4.744738937391225225e+25
9.423436470366341993e+06 8.064915233114874354e+03 3.621885074334613819e+01 6.365368547733164062e+11 1.493522669836964815e+04 4.818892859512319065e+25
9.506098193790607154e+06 7.975613970022263857e+03 3.614296709899377902e+01 6.125487596932314453e+11 1.289565384844027722e+04 4.893530262155483475e+25
9.588759917214874178e+06 7.885761330467887092e+03 3.606764283278072725e+01 5.888781780316386719e+11 1.115612206940467149e+04 4.968627736367668863e+25
9.671421640639139339e+06 7.795156998440881580e+03 3.599270808226422957e+01 5.655254928296923828e+11 9.669902360378519006e+03 5.044160975492302939e+25
9.754083364063406363e+06 7.703924973203094851e+03 3.591799805367875820e+01 5.424913005909140015e+11 8.397919751235534932e+03 5.120104775169298445e+25
9.836745087487671524e+06 7.612013244312698589e+03 3.584335302193603212e+01 5.197764112811961060e+11 7.307418145863145583e+03 5.196433033335045426e+25
9.919406810911938548e+06 7.519372377297653657e+03 3.576861833062499585e+01 4.973818483287977905e+11 6.370903600799391825e+03 5.273118750222418961e+25
1.000206853433620371e+07 7.425955450041670701e+03 3.569364439201184069e+01 4.753088486243492432e+11 5.565264145227597510e+03 5.350134028360768854e+25
1.008473025776047073e+07 7.331719766315056404e+03 3.561828668703996925e+01 4.535588625208477783e+11 4.871039012806481878e+03 5.427450072575935098e+25
1.016739198118473589e+07 7.236626598971803105e+03 3.554240576533004514e+01 4.321335538336610718e+11 4.271814891187803369e+03 5.505037189990231550e+25
1.025005370460900292e+07 7.140640172924378930e+03 3.546585119613698822e+01 4.110347699040848389e+11 3.753726367504223163e+03 5.582862535596277787e+25
1.033271542803326808e+07 7.043729560943293109e+03 3.538846134580381886e+01 3.902643447746774902e+11 3.305041942525716877e+03 5.660891044489986112e+25
1.041537715145753510e+07 6.945771702209570321e+03 3.531009410647655500e+01 3.698242706567436523e+11 2.915820905175362896e+03 5.739089212816435275e+25
1.049803887488180026e+07 6.846741661335081517e+03 3.523060526043555996e+01 3.497168162500714111e+11 2.577628786194766235e+03 5.817421291019056711e+25
1.058070059830606729e+07 6.746622148340778949e+03 3.514984821003867665e+01 3.299445271100537720e+11 2.283295489087911392e+03 5.895849241673770768e+25
1.066336232173033431e+07 6.645272364530970663e+03 3.506767397772127737e+01 3.105102256476916504e+11 2.026716620765345851e+03 5.974332739488976409e+25
1.074602404515459947e+07 6.542636420630165958e+03 3.498393120599622108e+01 2.914170111295927734e+11 1.802689535293831113e+03 6.052829171305551202e+25
1.082868576857886650e+07 6.438658105873179011e+03 3.489846615745389613e+01 2.726682596779699707e+11 1.606772054060558730e+03 6.131293636096861638e+25
1.091134749200313166e+07 6.333225244363209640e+03 3.481112271476217046e+01 2.542676242706448669e+11 1.435165510596081731e+03 6.209678944968746801e+25
1.099400921542739868e+07 6.226239698464518369e+03 3.472174238066642715e+01 2.362190347410437317e+11 1.284617536091293459e+03 6.287935621159537273e+25
1.107667093885166384e+07 6.117603644652677758e+03 3.463016427798957153e+01 2.185266977782014160e+11 1.152339251524450901e+03 6.366011900040036231e+25
1.115933266227593087e+07 6.007101399026364561e+03 3.453622514963198853e+01 2.011950969267575684e+11 1.035935937689830098e+03 6.443853729113535770e+25
1.124199438570019603e+07 5.894669829245738583e+03 3.443975935857158532e+01 1.842289925869603882e+11 9.333490840887212698e+02 6.521404768015803162e+25
1.132465610912446305e+07 5.780111902194872528e+03 3.434059726419651781e+01 1.676334620124281311e+11 8.428055047557551234e+02 6.598605981647633707e+25
1.140731783254872821e+07 5.663257547200470071e+03 3.423854341139598034e+01 1.514144236628026733e+11 7.627763995582120060e+02 6.675390241830418601e+25
1.148997955597299524e+07 5.543798918535761914e+03 3.413339677126514715e+01 1.355781974673903198e+11 6.919420186847173682e+02 6.751687243564633232e+25
1.157264127939726040e+07 5.421553076676305864e+03 3.402494324925069691e+01 1.201317945827827606e+11 6.291620465063325582e+02 6.827421248189912880e+25
1.165530300282152742e+07 5.296142906230776134e+03 3.391295016169833332e+01 1.050830623922603607e+11 5.734493354540010159e+02 6.902509664821442627e+25
1.173796472624579258e+07 5.167217450698424727e+03 3.379716623585277802e+01 9.044068450579502869e+10 5.239489913039219573e+02 6.976863050349940177e+25
1.182062644967005961e+07 5.034323877864162569e+03 3.367731886054840373e+01 7.621428928235437012e+10 4.799197026871158300e+02 7.050384346690988624e+25
1.190328817309432477e+07 4.896866702680590606e+03 3.355309788920866509e+01 6.241505843217791748e+10 4.407182733720000556e+02 7.122964459106770892e+25
1.198594989651859179e+07 4.754138208916936492e+03 3.342417533416575992e+01 4.905489847162181854e+10 4.057866130214310942e+02 7.194487887564934805e+25
1.206861161994285882e+07 4.605175893785200969e+03 3.329014852423172499e+01 3.614871467518254089e+10 3.746405155005401184e+02 7.264816936059438044e+25
1.215127334336712398e+07 4.448757178322886830e+03 3.315052958748688638e+01 2.371483086510877991e+10 3.468604963889168857e+02 7.333788787123292218e+25
1.223393506679139100e+07 4.283165391440366875e+03 3.300474545127986659e+01 1.177498941140072632e+10 3.220840810125725397e+02 7.401215501828565437e+25
1.231659679021565616e+07 4.105875536804933290e+03 3.285212885604502731e+01 3.546883199300422668e+08 3.000000000000000000e+02 7.466881701710335579e+25
