# Radius (m)	Density (kg/m^3)	Gravity (m/s^2)	Pressure (Pa)	Temperature (K)	Mass Enclosed (kg)
0.000000000000000000e+00 3.456366808327303443e+04 0.000000000000000000e+00 8.208746438997639648e+12 0.000000000000000000e+00 0.000000000000000000e+00
8.871422641022726020e+04 3.456168817586221849e+04 8.572727211276197634e-01 8.207432050861421875e+12 0.000000000000000000e+00 1.010880696457199452e+20
1.774284528204545204e+05 3.455574953989141795e+04 1.714368425192194012e+00 8.203489607582158203e+12 0.000000000000000000e+00 8.086168724705656177e+20
2.661426792306817952e+05 3.454585544602975278e+04 2.571111044540542956e+00 8.196921280437494141e+12 0.000000000000000000e+00 2.728630029524271104e+21
3.548569056409090408e+05 3.453201133005273005e+04 3.427323983964461362e+00 8.187730678040023438e+12 0.000000000000000000e+00 6.466284274500346315e+21
4.435711320511362865e+05 3.451422481468618207e+04 4.282829797083953949e+00 8.175922860838722656e+12 0.000000000000000000e+00 1.262530757059222385e+22
5.322853584613635903e+05 3.449250561904387723e+04 5.137454616355823234e+00 8.161504280997833984e+12 0.000000000000000000e+00 2.180845957714232214e+22
6.209995848715908360e+05 3.446686563784522150e+04 5.991022837452652183e+00 8.144482834986656250e+12 0.000000000000000000e+00 3.461604229019844634e+22
7.097138112818180816e+05 3.443725744960916927e+04 6.843356097970536567e+00 8.124867891860486328e+12 0.000000000000000000e+00 5.164542988080418442e+22
7.984280376920453273e+05 3.440342305157953524e+04 7.694273277429088509e+00 8.102670293260619141e+12 0.000000000000000000e+00 7.349106869499891338e+22
8.871422641022725729e+05 3.436567084464695654e+04 8.543590498716342907e+00 8.077902353396155273e+12 0.000000000000000000e+00 1.007444769134234588e+23
9.758564905124998186e+05 3.432402153003375133e+04 9.391138042963063981e+00 8.050577653635460938e+12 0.000000000000000000e+00 1.339912264707972950e+23
1.064570716922727181e+06 3.427849795552912110e+04 1.023674888102716984e+01 8.020711183636499023e+12 0.000000000000000000e+00 1.738154971517759091e+23
1.153284943332954310e+06 3.422912531968850817e+04 1.108024277277542424e+01 7.988319475315058594e+12 0.000000000000000000e+00 2.207992763006383051e+23
1.241999169743181672e+06 3.417593087778218614e+04 1.192144052250678143e+01 7.953420409927623047e+12 0.000000000000000000e+00 2.755178340130826465e+23
1.330713396153408801e+06 3.411844936139798665e+04 1.276016397895236310e+01 7.916033218071373047e+12 0.000000000000000000e+00 3.385397231362253668e+23
1.419427622563636163e+06 3.405697791458158463e+04 1.359623603527547075e+01 7.876178479684187500e+12 0.000000000000000000e+00 4.104267792686022100e+23
1.508141848973863525e+06 3.399173437849937181e+04 1.442948062907157691e+01 7.833878124044638672e+12 0.000000000000000000e+00 4.917341207601670898e+23
1.596856075384090655e+06 3.392275465780069499e+04 1.525972274236833037e+01 7.789155429771999023e+12 0.000000000000000000e+00 5.830101487122927604e+23
1.685570301794318017e+06 3.384970082445579465e+04 1.608678840162556867e+01 7.742035024826234375e+12 0.000000000000000000e+00 6.847965469777713535e+23
1.774284528204545146e+06 3.377245437964797020e+04 1.691050467773528254e+01 7.692542886508009766e+12 0.000000000000000000e+00 7.976282821608124994e+23
1.862998754614772508e+06 3.369154882672087115e+04 1.773069968602165858e+01 7.640706341458685547e+12 0.000000000000000000e+00 9.220336036170458768e+23
1.951712981024999637e+06 3.360702892263469403e+04 1.854720258624105611e+01 7.586554065660319336e+12 0.000000000000000000e+00 1.058534043453518864e+24
2.040427207435226999e+06 3.351790341107150016e+04 1.935983851018710666e+01 7.530115688192248047e+12 0.000000000000000000e+00 1.207635843795563854e+24
2.129141433845454361e+06 3.342520087343557680e+04 2.016842227772050578e+01 7.471421724156326172e+12 0.000000000000000000e+00 1.369826383892393486e+24
2.217855660255681723e+06 3.332893883181751880e+04 2.097278034785571776e+01 7.410505182232570312e+12 0.000000000000000000e+00 1.545608479703031913e+24
2.306569886665908620e+06 3.322807591880780819e+04 2.177273999845354169e+01 7.347400222653078125e+12 0.000000000000000000e+00 1.735473201383260232e+24
2.395284113076135982e+06 3.312377149731834652e+04 2.256812852169129968e+01 7.282142080629949219e+12 0.000000000000000000e+00 1.939898273567125830e+24
2.483998339486363344e+06 3.301551679592843720e+04 2.335877322406283341e+01 7.214767066355283203e+12 0.000000000000000000e+00 2.159348075366933930e+24
2.572712565896590706e+06 3.290317488874431001e+04 2.414450142637851116e+01 7.145312565001182617e+12 0.000000000000000000e+00 2.394273640373254298e+24
2.661426792306817602e+06 3.278742203868296929e+04 2.492514046376522430e+01 7.073817036719751953e+12 0.000000000000000000e+00 2.645112656654916955e+24
2.750141018717044964e+06 3.266711335513027734e+04 2.570051768566640149e+01 7.000320016643096680e+12 0.000000000000000000e+00 2.912289466759019418e+24
2.838855245127272326e+06 3.254359486669498438e+04 2.647046045584198737e+01 6.924862114883324219e+12 0.000000000000000000e+00 3.196215067710916234e+24
2.927569471537499689e+06 3.241554018423458547e+04 2.723479615236843898e+01 6.847485016532543945e+12 0.000000000000000000e+00 3.497287111014225690e+24
3.016283697947727051e+06 3.228424795906383952e+04 2.799335216763876488e+01 6.768231481662867188e+12 0.000000000000000000e+00 3.815889902650828742e+24
3.104997924357953947e+06 3.214844933290764311e+04 2.874595590836247538e+01 6.687145345326405273e+12 0.000000000000000000e+00 4.152394403080867399e+24
3.193712150768181309e+06 3.200945190011584054e+04 2.949243479556562875e+01 6.604271517555272461e+12 0.000000000000000000e+00 4.507158227242751709e+24
3.282426377178408671e+06 3.186587487084801614e+04 3.023261626459078144e+01 6.519655983361584961e+12 0.000000000000000000e+00 4.880525644553146331e+24
3.371140603588636033e+06 3.171894654609296413e+04 3.096632776509704144e+01 6.433345802737460938e+12 0.000000000000000000e+00 5.272827578906979129e+24
3.459854829998862930e+06 3.156789605101237976e+04 3.169339676106001491e+01 6.345389110655019531e+12 0.000000000000000000e+00 5.684381608677447611e+24
3.548569056409090292e+06 3.141298432043891808e+04 3.241365073077186310e+01 6.255835117066380859e+12 0.000000000000000000e+00 6.115491966716004977e+24
3.637283282819317654e+06 3.125461279018480127e+04 3.312691716684125254e+01 6.164734106903667969e+12 0.000000000000000000e+00 6.566449540352368162e+24
3.725997509229545016e+06 3.109171494412208267e+04 3.383302357619337641e+01 6.072137440079005859e+12 0.000000000000000000e+00 7.037531871394515699e+24
3.814711735639772378e+06 3.092526177048993850e+04 3.453179234055070168e+01 5.978097067509213867e+12 0.000000000000000000e+00 7.528987980103974860e+24
3.903425962049999274e+06 3.075521086301755713e+04 3.522304195882177424e+01 5.882665206936791016e+12 0.000000000000000000e+00 8.041030088412824982e+24
3.992140188460226636e+06 3.058080797294315562e+04 3.590660531688000390e+01 5.785895928457501953e+12 0.000000000000000000e+00 8.573885715497092146e+24
4.080854414870453998e+06 3.040263026857544901e+04 3.658231451878466345e+01 5.687844037338291992e+12 0.000000000000000000e+00 9.127762355321052676e+24
4.169568641280681361e+06 3.022074508670670184e+04 3.725000023801410975e+01 5.588565020571874023e+12 0.000000000000000000e+00 9.702845782864467409e+24
4.258282867690908723e+06 3.003509749297254893e+04 3.790949171746578372e+01 5.488115046876721680e+12 0.000000000000000000e+00 1.029930005412258169e+25
4.346997094101135619e+06 2.984526481799938483e+04 3.856061676945623162e+01 5.386550966697075195e+12 0.000000000000000000e+00 1.091726750610611571e+25
4.435711320511363447e+06 2.965147866705144406e+04 3.920320177572108378e+01 5.283930312202934570e+12 0.000000000000000000e+00 1.155686875684128706e+25
4.524425546921590343e+06 2.945385953410028742e+04 3.983707168741504034e+01 5.180311297290069336e+12 0.000000000000000000e+00 1.221820270536977528e+25
4.613139773331817240e+06 2.925236564850469949e+04 4.046205002511191395e+01 5.075752817580009766e+12 0.000000000000000000e+00 1.290134653174875839e+25
4.701853999742045067e+06 2.904695765400763048e+04 4.107795887880460839e+01 4.970314450420047852e+12 0.000000000000000000e+00 1.360635569705089570e+25
4.790568226152271964e+06 2.883760020949228056e+04 4.168461890790509017e+01 4.864056454883245117e+12 0.000000000000000000e+00 1.433326394336431277e+25
4.879282452562498860e+06 2.862426395048802806e+04 4.228184934124443828e+01 4.757039771768422852e+12 0.000000000000000000e+00 1.508208329379263791e+25
4.967996678972726688e+06 2.840692240778612540e+04 4.286946797707282286e+01 4.649326023600166016e+12 0.000000000000000000e+00 1.585280405245497646e+25
5.056710905382953584e+06 2.818555206224589347e+04 4.344729118305948390e+01 4.540977514628827148e+12 0.000000000000000000e+00 1.664539480448590212e+25
5.145425131793181412e+06 2.796013807966131935e+04 4.401513389629276674e+01 4.432057230830518555e+12 0.000000000000000000e+00 1.745980241603548925e+25
5.234139358203408308e+06 2.773066688650546712e+04 4.457280962328009366e+01 4.322628839907119629e+12 0.000000000000000000e+00 1.829595203426927199e+25
5.322853584613635205e+06 2.749713039037095587e+04 4.512013009513103867e+01 4.212756715364761230e+12 0.000000000000000000e+00 1.915374607819567873e+25
5.411567811023863032e+06 2.725952763086537379e+04 4.565690823339684101e+01 4.102505725086916016e+12 0.000000000000000000e+00 2.003304853677440124e+25
5.500282037434089929e+06 2.701785915809017024e+04 4.618297032526011492e+01 3.991940152032173828e+12 0.000000000000000000e+00 2.093370582853071680e+25
5.588996263844317757e+06 2.677187562418862217e+04 4.669812822824727760e+01 3.881125376072232910e+12 0.000000000000000000e+00 2.185553535427398707e+25
5.677710490254544653e+06 2.652147053243018308e+04 4.720217417334045962e+01 3.770128220302502441e+12 0.000000000000000000e+00 2.279831884005404186e+25
5.766424716664771549e+06 2.626696450728386844e+04 4.769491022672721670e+01 3.659015331080759277e+12 0.000000000000000000e+00 2.376181543941116701e+25
5.855138943074999377e+06 2.600837631401004182e+04 4.817613677153953944e+01 3.547853794937475098e+12 0.000000000000000000e+00 2.474575501308510475e+25
5.943853169485226274e+06 2.574485039764113026e+04 4.864564675541237193e+01 3.436711367918288574e+12 0.000000000000000000e+00 2.574983510416636558e+25
6.032567395895454101e+06 2.547724653750792640e+04 4.910324036936533787e+01 3.325655649895450684e+12 0.000000000000000000e+00 2.677372767614283752e+25
6.121281622305680998e+06 2.520495232784567634e+04 4.954869940498700487e+01 3.214755564430278320e+12 0.000000000000000000e+00 2.781706461617997714e+25
6.209995848715907894e+06 2.492816802507000102e+04 4.998181625040125198e+01 3.104079581559895508e+12 0.000000000000000000e+00 2.887945371362039453e+25
6.298710075126135722e+06 2.464654070855415921e+04 5.040238261992867308e+01 2.993696374333099609e+12 0.000000000000000000e+00 2.996047011958689871e+25
6.387424301536362618e+06 2.436047104859585670e+04 5.081014058966116664e+01 2.883677712350547852e+12 0.000000000000000000e+00 3.105962774832044221e+25
6.476138527946590446e+06 2.406902611038171744e+04 5.120486207479307694e+01 2.774093835200816406e+12 0.000000000000000000e+00 3.217642403877759576e+25
6.564852754356817342e+06 1.292397430677883312e+04 5.133051223210048164e+01 2.680838571357301270e+12 0.000000000000000000e+00 3.314516969084123173e+25
6.653566980767044239e+06 1.282099470876001578e+04 5.091850019706835440e+01 2.622292696910682617e+12 0.000000000000000000e+00 3.377372675765061053e+25
6.742281207177272066e+06 1.271878328992805109e+04 5.052510093779980593e+01 2.564829921637615723e+12 0.000000000000000000e+00 3.441242129620118713e+25
6.830995433587498963e+06 1.261701337362555023e+04 5.015170686834705549e+01 2.508256470864608887e+12 0.000000000000000000e+00 3.506291503767360105e+25
6.919709659997725859e+06 1.251563903048540669e+04 4.979713144288344751e+01 2.452542066326346680e+12 0.000000000000000000e+00 3.572517626642785268e+25
7.008423886407953687e+06 1.241462326956252218e+04 4.946025159394503845e+01 2.397659024553352051e+12 0.000000000000000000e+00 3.639916033975578350e+25
7.097138112818180583e+06 1.231392492478849817e+04 4.914000633067777102e+01 2.343580231004049316e+12 0.000000000000000000e+00 3.708482659483542377e+25
7.185852339228408411e+06 1.221350670182282556e+04 4.883543860155985072e+01 2.290280984199183105e+12 0.000000000000000000e+00 3.778213251370766533e+25
7.274566565638635308e+06 1.211333511881343293e+04 4.854564690295537588e+01 2.237738602891511719e+12 0.000000000000000000e+00 3.849102563216478062e+25
7.363280792048862204e+06 1.201337352751959770e+04 4.826976988442460481e+01 2.185931611883113770e+12 0.000000000000000000e+00 3.921144683484834000e+25
7.451995018459090032e+06 1.191359300485401582e+04 4.800698634872397008e+01 2.134839742025392822e+12 0.000000000000000000e+00 3.994333035524921607e+25
7.540709244869316928e+06 1.181395948168203722e+04 4.775651525180609980e+01 2.084443930219077393e+12 0.000000000000000000e+00 4.068660377570751925e+25
7.629423471279544756e+06 1.171444358512906547e+04 4.751761570281976788e+01 2.034726319414218262e+12 0.000000000000000000e+00 4.144118802741270514e+25
7.718137697689771652e+06 1.161501758775478083e+04 4.728958696410995799e+01 1.985670258610191162e+12 0.000000000000000000e+00 4.220699739040345424e+25
7.806851924099998549e+06 1.151565246597015357e+04 4.707176845121781383e+01 1.937260302855695068e+12 0.000000000000000000e+00 4.298393949356777507e+25
7.895566150510226376e+06 1.141632588434920763e+04 4.686353973288065333e+01 1.889482213248752197e+12 0.000000000000000000e+00 4.377191531464296981e+25
7.984280376920453273e+06 1.131701253782798449e+04 4.666432053103198285e+01 1.842322956936710449e+12 0.000000000000000000e+00 4.457081918021557413e+25
8.072994603330681100e+06 1.121769100706860263e+04 4.647357072080148299e+01 1.795770707116238770e+12 0.000000000000000000e+00 4.538053876572146888e+25
8.161708829740907997e+06 1.111833920702151227e+04 4.629076726638995609e+01 1.749814121780316162e+12 0.000000000000000000e+00 4.620095508489563654e+25
8.250423056151134893e+06 1.101893563227270533e+04 4.611538249934391587e+01 1.704441737888978760e+12 0.000000000000000000e+00 4.703194213497118354e+25
8.339137282561362721e+06 1.091946400536926740e+04 4.594695604944158873e+01 1.659644272611639404e+12 0.000000000000000000e+00 4.787336583758752943e+25
8.427851508971590549e+06 1.081973287063715543e+04 4.578504515088707905e+01 1.615413034540216797e+12 0.000000000000000000e+00 4.872508368889398124e+25
8.516565735381817445e+06 1.071988459449734000e+04 4.562922219729378526e+01 1.571739846201184082e+12 0.000000000000000000e+00 4.958694475627470923e+25
8.605279961792044342e+06 1.061990665255203930e+04 4.547907474168436437e+01 1.528617044055568848e+12 0.000000000000000000e+00 5.045878967834879844e+25
8.693994188202271238e+06 1.051978532510184596e+04 4.533420549649076747e+01 1.486037478498955078e+12 0.000000000000000000e+00 5.134045066497023150e+25
8.782708414612498134e+06 1.041946260810738022e+04 4.519423233355421843e+01 1.443994513861480469e+12 0.000000000000000000e+00 5.223175149722784570e+25
8.871422641022726893e+06 1.031876141996505248e+04 4.505878828412522807e+01 1.402482028407837646e+12 0.000000000000000000e+00 5.313250752744541027e+25
8.960136867432953790e+06 1.021786745880600574e+04 4.492752153886357291e+01 1.361494414337277100e+12 0.000000000000000000e+00 5.404252567918152332e+25
9.048851093843180686e+06 1.011676909187368983e+04 4.480009544783832354e+01 1.321026577783601562e+12 0.000000000000000000e+00 5.496160444722973211e+25
9.137565320253407583e+06 1.001523963908290170e+04 4.467618852052782330e+01 1.281073938815169678e+12 0.000000000000000000e+00 5.588953389761842994e+25
9.226279546663634479e+06 9.913395430125285202e+03 4.455549442581969544e+01 1.241632431434895264e+12 0.000000000000000000e+00 5.682609566761092488e+25
9.314993773073863238e+06 9.811314861173763347e+03 4.443772199201084305e+01 1.202698503580246582e+12 0.000000000000000000e+00 5.777106296570542262e+25
9.403707999484090135e+06 9.708647438417960075e+03 4.432259520680744913e+01 1.164269117123248779e+12 0.000000000000000000e+00 5.872420057163496630e+25
9.492422225894317031e+06 9.605714869968156563e+03 4.420985321732498363e+01 1.126341747870480469e+12 0.000000000000000000e+00 5.968526483636752242e+25
9.581136452304543927e+06 9.502271182980388403e+03 4.409925033008818218e+01 1.088914385563076172e+12 0.000000000000000000e+00 6.065400368210597228e+25
9.669850678714770824e+06 9.398416366854671651e+03 4.399055408838259495e+01 1.051985494876422607e+12 0.000000000000000000e+00 6.163015537359521520e+25
9.758564905124997720e+06 9.294029414872686175e+03 4.388350111356156447e+01 1.015553065764359863e+12 0.000000000000000000e+00 6.261342469535881164e+25
9.847279131535226479e+06 9.189199584396999853e+03 4.377785015949757508e+01 9.796156087935163574e+11 0.000000000000000000e+00 6.360352337732403965e+25
9.935993357945453376e+06 9.083710368416423080e+03 4.367337987468935978e+01 9.441722231965947266e+11 0.000000000000000000e+00 6.460015931648073403e+25
1.002470758435568027e+07 8.977758901001991035e+03 4.356987271384921456e+01 9.092222899296187744e+11 0.000000000000000000e+00 6.560302470416010740e+25
1.011342181076590717e+07 8.871131725933053531e+03 4.346711493790304104e+01 8.747654716719356689e+11 0.000000000000000000e+00 6.661179602603469017e+25
1.020213603717613406e+07 8.763842953452371148e+03 4.336489661399031093e+01 8.408017128262159424e+11 0.000000000000000000e+00 6.762613406211831325e+25
1.029085026358636282e+07 8.655929879230348888e+03 4.326301161546408025e+01 8.073312395184523926e+11 0.000000000000000000e+00 6.864568388676616828e+25
1.037956448999658972e+07 8.547330041584304126e+03 4.316125762189098225e+01 7.743545595979627686e+11 0.000000000000000000e+00 6.967007486867469588e+25
1.046827871640681662e+07 8.437961024521715444e+03 4.305943611905124868e+01 7.418724626373857422e+11 0.000000000000000000e+00 7.069892067088172315e+25
1.055699294281704351e+07 8.327754031051437778e+03 4.295735239893866719e+01 7.098860199326838379e+11 0.000000000000000000e+00 7.173181925076639489e+25
1.064570716922727041e+07 8.216731844366730002e+03 4.285481555976063106e+01 6.783965845031425781e+11 0.000000000000000000e+00 7.276835286004915650e+25
1.073442139563749917e+07 8.104845222425938118e+03 4.275163850593810366e+01 6.474057910913698730e+11 0.000000000000000000e+00 7.380808804479182261e+25
1.082313562204772606e+07 7.992048495372935577e+03 4.264763794810563269e+01 6.169155561632985840e+11 0.000000000000000000e+00 7.485057564539743112e+25
1.091184984845795296e+07 7.878213952457537744e+03 4.254263440311134303e+01 5.869280779081821289e+11 0.000000000000000000e+00 7.589535079661044074e+25
1.100056407486817986e+07 7.763339847778981493e+03 4.243645219401695101e+01 5.574458362385986328e+11 0.000000000000000000e+00 7.694193292751661073e+25
1.108927830127840675e+07 7.647409630152267709e+03 4.232891945009775014e+01 5.284715927904486084e+11 0.000000000000000000e+00 7.798982576154298372e+25
1.117799252768863551e+07 7.530341563548761769e+03 4.221986810684261826e+01 5.000083909229547119e+11 0.000000000000000000e+00 7.903851731645799738e+25
1.126670675409886241e+07 7.411961646193212800e+03 4.210913390595400330e+01 4.720595557186649170e+11 0.000000000000000000e+00 8.008747990437132124e+25
1.135542098050908931e+07 7.292328828131127011e+03 4.199655282531318079e+01 4.446287179615075073e+11 0.000000000000000000e+00 8.113616322119881387e+25
1.144413520691931620e+07 7.171292725287315989e+03 4.188192306943012255e+01 4.177199502633752441e+11 0.000000000000000000e+00 8.218392528845972937e+25
1.153284943332954310e+07 7.048710644529670390e+03 4.176505950709023551e+01 3.913373618295095825e+11 0.000000000000000000e+00 8.323013878859904208e+25
1.162156365973977186e+07 6.924547219422151102e+03 4.164578029948718552e+01 3.654854896434362793e+11 0.000000000000000000e+00 8.427415317382796017e+25
1.171027788614999875e+07 6.798678055900132676e+03 4.152389665529567964e+01 3.401693993060866699e+11 0.000000000000000000e+00 8.531527358140480557e+25
1.179899211256022565e+07 6.670946606265335504e+03 4.139921283067145907e+01 3.153946850357942505e+11 0.000000000000000000e+00 8.635276083363513418e+25
1.188770633897045255e+07 6.541172569270787790e+03 4.127152612925126363e+01 2.911674696682972412e+11 0.000000000000000000e+00 8.738583143787165002e+25
1.197642056538067944e+07 6.409264191113594279e+03 4.114062690215287432e+01 2.674944046567377319e+11 0.000000000000000000e+00 8.841365758651425673e+25
1.206513479179090820e+07 6.274986941382998339e+03 4.100629854797510632e+01 2.443826700716612854e+11 0.000000000000000000e+00 8.943536715701000605e+25
1.215384901820113510e+07 6.138097401908431493e+03 4.086831751279779468e+01 2.218399746010189819e+11 0.000000000000000000e+00 9.045004371185313217e+25
1.224256324461136200e+07 5.998399707132670301e+03 4.072644911696931302e+01 1.998747263017163391e+11 0.000000000000000000e+00 9.145671334429322855e+25
1.233127747102158889e+07 5.855511454594035968e+03 4.058042904987593857e+01 1.784966852662755737e+11 0.000000000000000000e+00 9.245428911391360237e+25
1.241999169743181579e+07 5.709113797906966283e+03 4.042999055994633295e+01 1.577158405442248535e+11 0.000000000000000000e+00 9.344165734156725320e+25
1.250870592384204455e+07 5.558776269370307091e+03 4.027483215499157154e+01 1.375439336248906250e+11 0.000000000000000000e+00 9.441757073419081724e+25
1.259742015025227144e+07 5.403958933436981170e+03 4.011461217072427132e+01 1.179946955176636658e+11 0.000000000000000000e+00 9.538063088481229800e+25
1.268613437666249834e+07 5.244016858737151779e+03 3.994894877075858375e+01 9.908384675199649048e+10 0.000000000000000000e+00 9.632928827255127249e+25
1.277484860307272524e+07 5.078146227109069514e+03 3.977741994661021607e+01 8.082909737740509033e+10 0.000000000000000000e+00 9.726184226261868500e+25
1.286356282948295213e+07 4.905260761809013275e+03 3.959956155428326952e+01 6.325023268074545288e+10 0.000000000000000000e+00 9.817643522120331358e+25
1.295227705589318089e+07 4.723924260799713011e+03 3.941480857857784059e+01 4.637165379453030396e+10 0.000000000000000000e+00 9.907087597685641013e+25
1.304099128230340779e+07 4.532187564650530476e+03 3.922247833196156819e+01 3.022320693795041656e+10 0.000000000000000000e+00 9.994258607184331116e+25
1.312970550871363468e+07 4.327170107471414667e+03 3.902170249719293338e+01 1.484337246689062500e+10 0.000000000000000000e+00 1.007883937281188988e+26
1.321841973512386158e+07 4.104408115196802100e+03 3.881138550778918272e+01 2.811285806764354706e+08 0.000000000000000000e+00 1.016044103515206025e+26
